Sequence;subscriber_id;publisher_id;Data_size;publish_interval;publisher_number;subscriber_number;Latency(ns);publish_time(ns)
0;0;0;10;10;20;8;0;0
1;0;0;10;10;20;8;0;0
2;0;0;10;10;20;8;0;0
3;0;0;10;10;20;8;185955;1726178101423064152
4;0;0;10;10;20;8;171285;1726178101433087593
5;0;0;10;10;20;8;0;0
6;0;0;10;10;20;8;0;0
7;0;0;10;10;20;8;0;0
8;0;0;10;10;20;8;0;0
9;0;0;10;10;20;8;0;0
10;0;0;10;10;20;8;0;0
11;0;0;10;10;20;8;0;0
12;0;0;10;10;20;8;0;0
13;0;0;10;10;20;8;0;0
14;0;0;10;10;20;8;0;0
15;0;0;10;10;20;8;0;0
16;0;0;10;10;20;8;272983;1726178101553081473
17;0;0;10;10;20;8;0;0
18;0;0;10;10;20;8;0;0
19;0;0;10;10;20;8;0;0
20;0;0;10;10;20;8;0;0
21;0;0;10;10;20;8;0;0
22;0;0;10;10;20;8;0;0
23;0;0;10;10;20;8;0;0
24;0;0;10;10;20;8;0;0
25;0;0;10;10;20;8;0;0
26;0;0;10;10;20;8;191652;1726178101653082020
27;0;0;10;10;20;8;0;0
28;0;0;10;10;20;8;0;0
29;0;0;10;10;20;8;0;0
30;0;0;10;10;20;8;0;0
31;0;0;10;10;20;8;0;0
32;0;0;10;10;20;8;0;0
33;0;0;10;10;20;8;0;0
34;0;0;10;10;20;8;0;0
35;0;0;10;10;20;8;0;0
36;0;0;10;10;20;8;200650;1726178101753084138
37;0;0;10;10;20;8;0;0
38;0;0;10;10;20;8;0;0
39;0;0;10;10;20;8;0;0
40;0;0;10;10;20;8;0;0
41;0;0;10;10;20;8;0;0
42;0;0;10;10;20;8;0;0
43;0;0;10;10;20;8;0;0
44;0;0;10;10;20;8;0;0
45;0;0;10;10;20;8;0;0
46;0;0;10;10;20;8;0;0
47;0;0;10;10;20;8;0;0
48;0;0;10;10;20;8;0;0
49;0;0;10;10;20;8;0;0
50;0;0;10;10;20;8;0;0
51;0;0;10;10;20;8;0;0
52;0;0;10;10;20;8;0;0
53;0;0;10;10;20;8;0;0
54;0;0;10;10;20;8;0;0
55;0;0;10;10;20;8;0;0
56;0;0;10;10;20;8;176850;1726178101953076814
57;0;0;10;10;20;8;0;0
58;0;0;10;10;20;8;0;0
59;0;0;10;10;20;8;0;0
60;0;0;10;10;20;8;0;0
61;0;0;10;10;20;8;0;0
62;0;0;10;10;20;8;0;0
63;0;0;10;10;20;8;0;0
64;0;0;10;10;20;8;0;0
65;0;0;10;10;20;8;0;0
66;0;0;10;10;20;8;188953;1726178102053085782
67;0;0;10;10;20;8;0;0
68;0;0;10;10;20;8;0;0
69;0;0;10;10;20;8;0;0
70;0;0;10;10;20;8;0;0
71;0;0;10;10;20;8;0;0
72;0;0;10;10;20;8;0;0
73;0;0;10;10;20;8;0;0
74;0;0;10;10;20;8;0;0
75;0;0;10;10;20;8;0;0
76;0;0;10;10;20;8;196842;1726178102153088217
77;0;0;10;10;20;8;0;0
78;0;0;10;10;20;8;0;0
79;0;0;10;10;20;8;0;0
80;0;0;10;10;20;8;0;0
81;0;0;10;10;20;8;0;0
82;0;0;10;10;20;8;0;0
83;0;0;10;10;20;8;0;0
84;0;0;10;10;20;8;0;0
85;0;0;10;10;20;8;0;0
86;0;0;10;10;20;8;206463;1726178102253087152
87;0;0;10;10;20;8;0;0
88;0;0;10;10;20;8;0;0
89;0;0;10;10;20;8;0;0
90;0;0;10;10;20;8;0;0
91;0;0;10;10;20;8;0;0
92;0;0;10;10;20;8;0;0
93;0;0;10;10;20;8;0;0
94;0;0;10;10;20;8;0;0
95;0;0;10;10;20;8;0;0
96;0;0;10;10;20;8;191731;1726178102353077472
97;0;0;10;10;20;8;0;0
98;0;0;10;10;20;8;0;0
99;0;0;10;10;20;8;0;0
0;0;0;10;10;20;8;0;0
1;0;0;10;10;20;8;0;0
2;0;0;10;10;20;8;0;0
3;0;0;10;10;20;8;0;0
4;0;0;10;10;20;8;0;0
5;0;0;10;10;20;8;0;0
6;0;1;10;10;20;8;123592;1726178101453035339
7;0;0;10;10;20;8;0;0
8;0;0;10;10;20;8;0;0
9;0;1;10;10;20;8;134992;1726178101483100004
10;0;1;10;10;20;8;129936;1726178101493098333
11;0;0;10;10;20;8;0;0
12;0;1;10;10;20;8;134740;1726178101513100458
13;0;0;10;10;20;8;0;0
14;0;0;10;10;20;8;0;0
15;0;0;10;10;20;8;0;0
16;0;0;10;10;20;8;0;0
17;0;0;10;10;20;8;0;0
18;0;0;10;10;20;8;0;0
19;0;1;10;10;20;8;179027;1726178101583101216
20;0;1;10;10;20;8;136635;1726178101593035283
21;0;0;10;10;20;8;0;0
22;0;0;10;10;20;8;0;0
23;0;0;10;10;20;8;0;0
24;0;0;10;10;20;8;0;0
25;0;0;10;10;20;8;0;0
26;0;0;10;10;20;8;0;0
27;0;0;10;10;20;8;0;0
28;0;0;10;10;20;8;0;0
29;0;0;10;10;20;8;0;0
30;0;0;10;10;20;8;0;0
31;0;1;10;10;20;8;133779;1726178101703108205
32;0;0;10;10;20;8;0;0
33;0;0;10;10;20;8;0;0
34;0;0;10;10;20;8;0;0
35;0;0;10;10;20;8;0;0
36;0;0;10;10;20;8;0;0
37;0;0;10;10;20;8;0;0
38;0;0;10;10;20;8;0;0
39;0;0;10;10;20;8;0;0
40;0;1;10;10;20;8;131568;1726178101793122422
41;0;0;10;10;20;8;0;0
42;0;0;10;10;20;8;0;0
43;0;0;10;10;20;8;0;0
44;0;0;10;10;20;8;0;0
45;0;0;10;10;20;8;0;0
46;0;0;10;10;20;8;0;0
47;0;0;10;10;20;8;0;0
48;0;0;10;10;20;8;0;0
49;0;1;10;10;20;8;151218;1726178101883102593
50;0;0;10;10;20;8;0;0
51;0;0;10;10;20;8;0;0
52;0;0;10;10;20;8;0;0
53;0;0;10;10;20;8;0;0
54;0;0;10;10;20;8;0;0
55;0;0;10;10;20;8;0;0
56;0;0;10;10;20;8;0;0
57;0;0;10;10;20;8;0;0
58;0;0;10;10;20;8;0;0
59;0;1;10;10;20;8;160017;1726178101983101196
60;0;0;10;10;20;8;0;0
61;0;0;10;10;20;8;0;0
62;0;1;10;10;20;8;139945;1726178102013101440
63;0;0;10;10;20;8;0;0
64;0;0;10;10;20;8;0;0
65;0;0;10;10;20;8;0;0
66;0;0;10;10;20;8;0;0
67;0;0;10;10;20;8;0;0
68;0;0;10;10;20;8;0;0
69;0;1;10;10;20;8;162093;1726178102083122860
70;0;0;10;10;20;8;0;0
71;0;0;10;10;20;8;0;0
72;0;0;10;10;20;8;0;0
73;0;0;10;10;20;8;0;0
74;0;0;10;10;20;8;0;0
75;0;0;10;10;20;8;0;0
76;0;0;10;10;20;8;0;0
77;0;0;10;10;20;8;0;0
78;0;0;10;10;20;8;0;0
79;0;0;10;10;20;8;0;0
80;0;0;10;10;20;8;0;0
81;0;0;10;10;20;8;0;0
82;0;0;10;10;20;8;0;0
83;0;0;10;10;20;8;0;0
84;0;0;10;10;20;8;0;0
85;0;0;10;10;20;8;0;0
86;0;0;10;10;20;8;0;0
87;0;0;10;10;20;8;0;0
88;0;0;10;10;20;8;0;0
89;0;1;10;10;20;8;163417;1726178102283125640
90;0;0;10;10;20;8;0;0
91;0;0;10;10;20;8;0;0
92;0;0;10;10;20;8;0;0
93;0;0;10;10;20;8;0;0
94;0;0;10;10;20;8;0;0
95;0;0;10;10;20;8;0;0
96;0;0;10;10;20;8;0;0
97;0;0;10;10;20;8;0;0
98;0;0;10;10;20;8;0;0
99;0;0;10;10;20;8;0;0
0;0;0;10;10;20;8;0;0
1;0;0;10;10;20;8;0;0
2;0;0;10;10;20;8;0;0
3;0;0;10;10;20;8;0;0
4;0;0;10;10;20;8;0;0
5;0;2;10;10;20;8;140075;1726178101443108010
6;0;0;10;10;20;8;0;0
7;0;2;10;10;20;8;130645;1726178101463091974
8;0;2;10;10;20;8;146718;1726178101473103913
9;0;0;10;10;20;8;0;0
10;0;0;10;10;20;8;0;0
11;0;2;10;10;20;8;145547;1726178101503109681
12;0;0;10;10;20;8;0;0
13;0;0;10;10;20;8;0;0
14;0;2;10;10;20;8;137010;1726178101533107779
15;0;2;10;10;20;8;129763;1726178101543109930
16;0;0;10;10;20;8;0;0
17;0;2;10;10;20;8;130323;1726178101563108716
18;0;2;10;10;20;8;128734;1726178101573106035
19;0;0;10;10;20;8;0;0
20;0;0;10;10;20;8;0;0
21;0;2;10;10;20;8;141699;1726178101603102739
22;0;2;10;10;20;8;141123;1726178101613105420
23;0;2;10;10;20;8;129128;1726178101623106111
24;0;2;10;10;20;8;136564;1726178101633109619
25;0;2;10;10;20;8;145011;1726178101643105467
26;0;0;10;10;20;8;0;0
27;0;2;10;10;20;8;128105;1726178101663105325
28;0;2;10;10;20;8;128389;1726178101673104304
29;0;2;10;10;20;8;171975;1726178101683102916
30;0;2;10;10;20;8;143746;1726178101693105420
31;0;0;10;10;20;8;0;0
32;0;2;10;10;20;8;132520;1726178101713106478
33;0;2;10;10;20;8;134669;1726178101723105847
34;0;2;10;10;20;8;144641;1726178101733108527
35;0;2;10;10;20;8;137144;1726178101743105111
36;0;0;10;10;20;8;0;0
37;0;2;10;10;20;8;124352;1726178101763128879
38;0;2;10;10;20;8;124975;1726178101773126149
39;0;2;10;10;20;8;167923;1726178101783127284
40;0;0;10;10;20;8;0;0
41;0;2;10;10;20;8;136341;1726178101803130135
42;0;2;10;10;20;8;132982;1726178101813129883
43;0;2;10;10;20;8;135799;1726178101823131584
44;0;2;10;10;20;8;122989;1726178101833129369
45;0;2;10;10;20;8;134720;1726178101843126575
46;0;0;10;10;20;8;0;0
47;0;2;10;10;20;8;127861;1726178101863105177
48;0;2;10;10;20;8;139748;1726178101873103568
49;0;0;10;10;20;8;0;0
50;0;2;10;10;20;8;129322;1726178101893104860
51;0;2;10;10;20;8;134428;1726178101903105273
52;0;2;10;10;20;8;129926;1726178101913102154
53;0;0;10;10;20;8;0;0
54;0;2;10;10;20;8;142545;1726178101933102085
55;0;2;10;10;20;8;138647;1726178101943106762
56;0;0;10;10;20;8;0;0
57;0;2;10;10;20;8;139924;1726178101963104481
58;0;2;10;10;20;8;137325;1726178101973112323
59;0;0;10;10;20;8;0;0
60;0;2;10;10;20;8;142636;1726178101993104293
61;0;2;10;10;20;8;141620;1726178102003110064
62;0;0;10;10;20;8;0;0
63;0;0;10;10;20;8;0;0
64;0;2;10;10;20;8;142929;1726178102033107240
65;0;2;10;10;20;8;140589;1726178102043105502
66;0;0;10;10;20;8;0;0
67;0;2;10;10;20;8;125119;1726178102063126477
68;0;2;10;10;20;8;116477;1726178102073137442
69;0;0;10;10;20;8;0;0
70;0;2;10;10;20;8;120529;1726178102093128210
71;0;2;10;10;20;8;111435;1726178102103138080
72;0;2;10;10;20;8;125352;1726178102113126186
73;0;2;10;10;20;8;126550;1726178102123133252
74;0;2;10;10;20;8;127310;1726178102133132820
75;0;2;10;10;20;8;135154;1726178102143127921
76;0;0;10;10;20;8;0;0
77;0;2;10;10;20;8;137171;1726178102163127333
78;0;2;10;10;20;8;132332;1726178102173126703
79;0;2;10;10;20;8;173873;1726178102183127697
80;0;2;10;10;20;8;124237;1726178102193127336
81;0;2;10;10;20;8;127106;1726178102203129689
82;0;2;10;10;20;8;125744;1726178102213126888
83;0;2;10;10;20;8;121205;1726178102223130314
84;0;2;10;10;20;8;138383;1726178102233129316
85;0;2;10;10;20;8;136435;1726178102243128193
86;0;0;10;10;20;8;0;0
87;0;2;10;10;20;8;122744;1726178102263129486
88;0;2;10;10;20;8;148998;1726178102273126003
89;0;0;10;10;20;8;0;0
90;0;2;10;10;20;8;123992;1726178102293126639
91;0;2;10;10;20;8;129910;1726178102303128854
92;0;2;10;10;20;8;139027;1726178102313127669
93;0;2;10;10;20;8;127745;1726178102323130965
94;0;2;10;10;20;8;122875;1726178102333132120
95;0;0;10;10;20;8;0;0
96;0;0;10;10;20;8;0;0
97;0;2;10;10;20;8;131792;1726178102363105006
98;0;2;10;10;20;8;124975;1726178102373107099
99;0;0;10;10;20;8;0;0
0;0;0;10;10;20;8;0;0
1;0;0;10;10;20;8;0;0
2;0;0;10;10;20;8;0;0
3;0;0;10;10;20;8;0;0
4;0;0;10;10;20;8;0;0
5;0;0;10;10;20;8;0;0
6;0;0;10;10;20;8;0;0
7;0;0;10;10;20;8;0;0
8;0;0;10;10;20;8;0;0
9;0;0;10;10;20;8;0;0
10;0;0;10;10;20;8;0;0
11;0;0;10;10;20;8;0;0
12;0;0;10;10;20;8;0;0
13;0;3;10;10;20;8;146651;1726178101523079347
14;0;0;10;10;20;8;0;0
15;0;0;10;10;20;8;0;0
16;0;0;10;10;20;8;0;0
17;0;0;10;10;20;8;0;0
18;0;0;10;10;20;8;0;0
19;0;0;10;10;20;8;0;0
20;0;0;10;10;20;8;0;0
21;0;0;10;10;20;8;0;0
22;0;0;10;10;20;8;0;0
23;0;0;10;10;20;8;0;0
24;0;0;10;10;20;8;0;0
25;0;0;10;10;20;8;0;0
26;0;0;10;10;20;8;0;0
27;0;0;10;10;20;8;0;0
28;0;0;10;10;20;8;0;0
29;0;0;10;10;20;8;0;0
30;0;0;10;10;20;8;0;0
31;0;0;10;10;20;8;0;0
32;0;0;10;10;20;8;0;0
33;0;0;10;10;20;8;0;0
34;0;0;10;10;20;8;0;0
35;0;0;10;10;20;8;0;0
36;0;0;10;10;20;8;0;0
37;0;0;10;10;20;8;0;0
38;0;0;10;10;20;8;0;0
39;0;0;10;10;20;8;0;0
40;0;0;10;10;20;8;0;0
41;0;0;10;10;20;8;0;0
42;0;0;10;10;20;8;0;0
43;0;0;10;10;20;8;0;0
44;0;0;10;10;20;8;0;0
45;0;0;10;10;20;8;0;0
46;0;0;10;10;20;8;0;0
47;0;0;10;10;20;8;0;0
48;0;0;10;10;20;8;0;0
49;0;0;10;10;20;8;0;0
50;0;0;10;10;20;8;0;0
51;0;0;10;10;20;8;0;0
52;0;0;10;10;20;8;0;0
53;0;0;10;10;20;8;0;0
54;0;0;10;10;20;8;0;0
55;0;0;10;10;20;8;0;0
56;0;0;10;10;20;8;0;0
57;0;0;10;10;20;8;0;0
58;0;0;10;10;20;8;0;0
59;0;0;10;10;20;8;0;0
60;0;0;10;10;20;8;0;0
61;0;0;10;10;20;8;0;0
62;0;0;10;10;20;8;0;0
63;0;0;10;10;20;8;0;0
64;0;0;10;10;20;8;0;0
65;0;0;10;10;20;8;0;0
66;0;0;10;10;20;8;0;0
67;0;0;10;10;20;8;0;0
68;0;0;10;10;20;8;0;0
69;0;0;10;10;20;8;0;0
70;0;0;10;10;20;8;0;0
71;0;0;10;10;20;8;0;0
72;0;0;10;10;20;8;0;0
73;0;0;10;10;20;8;0;0
74;0;0;10;10;20;8;0;0
75;0;0;10;10;20;8;0;0
76;0;0;10;10;20;8;0;0
77;0;0;10;10;20;8;0;0
78;0;0;10;10;20;8;0;0
79;0;0;10;10;20;8;0;0
80;0;0;10;10;20;8;0;0
81;0;0;10;10;20;8;0;0
82;0;0;10;10;20;8;0;0
83;0;0;10;10;20;8;0;0
84;0;0;10;10;20;8;0;0
85;0;0;10;10;20;8;0;0
86;0;0;10;10;20;8;0;0
87;0;0;10;10;20;8;0;0
88;0;0;10;10;20;8;0;0
89;0;0;10;10;20;8;0;0
90;0;0;10;10;20;8;0;0
91;0;0;10;10;20;8;0;0
92;0;0;10;10;20;8;0;0
93;0;0;10;10;20;8;0;0
94;0;0;10;10;20;8;0;0
95;0;3;10;10;20;8;139880;1726178102343136266
96;0;0;10;10;20;8;0;0
97;0;0;10;10;20;8;0;0
98;0;0;10;10;20;8;0;0
99;0;3;10;10;20;8;177003;1726178102383105185
0;0;0;10;10;20;8;0;0
1;0;0;10;10;20;8;0;0
2;0;0;10;10;20;8;0;0
3;0;0;10;10;20;8;0;0
4;0;0;10;10;20;8;0;0
5;0;0;10;10;20;8;0;0
6;0;0;10;10;20;8;0;0
7;0;0;10;10;20;8;0;0
8;0;0;10;10;20;8;0;0
9;0;0;10;10;20;8;0;0
10;0;0;10;10;20;8;0;0
11;0;0;10;10;20;8;0;0
12;0;0;10;10;20;8;0;0
13;0;0;10;10;20;8;0;0
14;0;0;10;10;20;8;0;0
15;0;0;10;10;20;8;0;0
16;0;0;10;10;20;8;0;0
17;0;0;10;10;20;8;0;0
18;0;0;10;10;20;8;0;0
19;0;0;10;10;20;8;0;0
20;0;0;10;10;20;8;0;0
21;0;0;10;10;20;8;0;0
22;0;0;10;10;20;8;0;0
23;0;0;10;10;20;8;0;0
24;0;0;10;10;20;8;0;0
25;0;0;10;10;20;8;0;0
26;0;0;10;10;20;8;0;0
27;0;0;10;10;20;8;0;0
28;0;0;10;10;20;8;0;0
29;0;0;10;10;20;8;0;0
30;0;0;10;10;20;8;0;0
31;0;0;10;10;20;8;0;0
32;0;0;10;10;20;8;0;0
33;0;0;10;10;20;8;0;0
34;0;0;10;10;20;8;0;0
35;0;0;10;10;20;8;0;0
36;0;0;10;10;20;8;0;0
37;0;0;10;10;20;8;0;0
38;0;0;10;10;20;8;0;0
39;0;0;10;10;20;8;0;0
40;0;0;10;10;20;8;0;0
41;0;0;10;10;20;8;0;0
42;0;0;10;10;20;8;0;0
43;0;0;10;10;20;8;0;0
44;0;0;10;10;20;8;0;0
45;0;0;10;10;20;8;0;0
46;0;4;10;10;20;8;401198;1726178101853086864
47;0;0;10;10;20;8;0;0
48;0;0;10;10;20;8;0;0
49;0;0;10;10;20;8;0;0
50;0;0;10;10;20;8;0;0
51;0;0;10;10;20;8;0;0
52;0;0;10;10;20;8;0;0
53;0;4;10;10;20;8;139996;1726178101923108954
54;0;0;10;10;20;8;0;0
55;0;0;10;10;20;8;0;0
56;0;0;10;10;20;8;0;0
57;0;0;10;10;20;8;0;0
58;0;0;10;10;20;8;0;0
59;0;0;10;10;20;8;0;0
60;0;0;10;10;20;8;0;0
61;0;0;10;10;20;8;0;0
62;0;0;10;10;20;8;0;0
63;0;0;10;10;20;8;0;0
64;0;0;10;10;20;8;0;0
65;0;0;10;10;20;8;0;0
66;0;0;10;10;20;8;0;0
67;0;0;10;10;20;8;0;0
68;0;0;10;10;20;8;0;0
69;0;0;10;10;20;8;0;0
70;0;0;10;10;20;8;0;0
71;0;0;10;10;20;8;0;0
72;0;0;10;10;20;8;0;0
73;0;0;10;10;20;8;0;0
74;0;0;10;10;20;8;0;0
75;0;0;10;10;20;8;0;0
76;0;0;10;10;20;8;0;0
77;0;0;10;10;20;8;0;0
78;0;0;10;10;20;8;0;0
79;0;0;10;10;20;8;0;0
80;0;0;10;10;20;8;0;0
81;0;0;10;10;20;8;0;0
82;0;0;10;10;20;8;0;0
83;0;0;10;10;20;8;0;0
84;0;0;10;10;20;8;0;0
85;0;0;10;10;20;8;0;0
86;0;0;10;10;20;8;0;0
87;0;0;10;10;20;8;0;0
88;0;0;10;10;20;8;0;0
89;0;0;10;10;20;8;0;0
90;0;0;10;10;20;8;0;0
91;0;0;10;10;20;8;0;0
92;0;0;10;10;20;8;0;0
93;0;0;10;10;20;8;0;0
94;0;0;10;10;20;8;0;0
95;0;0;10;10;20;8;0;0
96;0;0;10;10;20;8;0;0
97;0;0;10;10;20;8;0;0
98;0;0;10;10;20;8;0;0
99;0;0;10;10;20;8;0;0
0;0;0;10;10;20;8;0;0
1;0;0;10;10;20;8;0;0
2;0;0;10;10;20;8;0;0
3;0;0;10;10;20;8;0;0
4;0;0;10;10;20;8;0;0
5;0;0;10;10;20;8;0;0
6;0;0;10;10;20;8;0;0
7;0;0;10;10;20;8;0;0
8;0;0;10;10;20;8;0;0
9;0;0;10;10;20;8;0;0
10;0;0;10;10;20;8;0;0
11;0;0;10;10;20;8;0;0
12;0;0;10;10;20;8;0;0
13;0;0;10;10;20;8;0;0
14;0;0;10;10;20;8;0;0
15;0;0;10;10;20;8;0;0
16;0;0;10;10;20;8;0;0
17;0;0;10;10;20;8;0;0
18;0;0;10;10;20;8;0;0
19;0;0;10;10;20;8;0;0
20;0;0;10;10;20;8;0;0
21;0;0;10;10;20;8;0;0
22;0;0;10;10;20;8;0;0
23;0;0;10;10;20;8;0;0
24;0;0;10;10;20;8;0;0
25;0;0;10;10;20;8;0;0
26;0;0;10;10;20;8;0;0
27;0;0;10;10;20;8;0;0
28;0;0;10;10;20;8;0;0
29;0;0;10;10;20;8;0;0
30;0;0;10;10;20;8;0;0
31;0;0;10;10;20;8;0;0
32;0;0;10;10;20;8;0;0
33;0;0;10;10;20;8;0;0
34;0;0;10;10;20;8;0;0
35;0;0;10;10;20;8;0;0
36;0;0;10;10;20;8;0;0
37;0;0;10;10;20;8;0;0
38;0;0;10;10;20;8;0;0
39;0;0;10;10;20;8;0;0
40;0;0;10;10;20;8;0;0
41;0;0;10;10;20;8;0;0
42;0;0;10;10;20;8;0;0
43;0;0;10;10;20;8;0;0
44;0;0;10;10;20;8;0;0
45;0;0;10;10;20;8;0;0
46;0;0;10;10;20;8;0;0
47;0;0;10;10;20;8;0;0
48;0;0;10;10;20;8;0;0
49;0;0;10;10;20;8;0;0
50;0;0;10;10;20;8;0;0
51;0;0;10;10;20;8;0;0
52;0;0;10;10;20;8;0;0
53;0;0;10;10;20;8;0;0
54;0;0;10;10;20;8;0;0
55;0;0;10;10;20;8;0;0
56;0;0;10;10;20;8;0;0
57;0;0;10;10;20;8;0;0
58;0;0;10;10;20;8;0;0
59;0;0;10;10;20;8;0;0
60;0;0;10;10;20;8;0;0
61;0;0;10;10;20;8;0;0
62;0;0;10;10;20;8;0;0
63;0;5;10;10;20;8;148584;1726178102023115605
64;0;0;10;10;20;8;0;0
65;0;0;10;10;20;8;0;0
66;0;0;10;10;20;8;0;0
67;0;0;10;10;20;8;0;0
68;0;0;10;10;20;8;0;0
69;0;0;10;10;20;8;0;0
70;0;0;10;10;20;8;0;0
71;0;0;10;10;20;8;0;0
72;0;0;10;10;20;8;0;0
73;0;0;10;10;20;8;0;0
74;0;0;10;10;20;8;0;0
75;0;0;10;10;20;8;0;0
76;0;0;10;10;20;8;0;0
77;0;0;10;10;20;8;0;0
78;0;0;10;10;20;8;0;0
79;0;0;10;10;20;8;0;0
80;0;0;10;10;20;8;0;0
81;0;0;10;10;20;8;0;0
82;0;0;10;10;20;8;0;0
83;0;0;10;10;20;8;0;0
84;0;0;10;10;20;8;0;0
85;0;0;10;10;20;8;0;0
86;0;0;10;10;20;8;0;0
87;0;0;10;10;20;8;0;0
88;0;0;10;10;20;8;0;0
89;0;0;10;10;20;8;0;0
90;0;0;10;10;20;8;0;0
91;0;0;10;10;20;8;0;0
92;0;0;10;10;20;8;0;0
93;0;0;10;10;20;8;0;0
94;0;0;10;10;20;8;0;0
95;0;0;10;10;20;8;0;0
96;0;0;10;10;20;8;0;0
97;0;0;10;10;20;8;0;0
98;0;0;10;10;20;8;0;0
99;0;0;10;10;20;8;0;0
0;0;0;10;10;20;8;0;0
1;0;6;10;10;20;8;253119;1726178101403285394
2;0;0;10;10;20;8;0;0
3;0;0;10;10;20;8;0;0
4;0;0;10;10;20;8;0;0
5;0;0;10;10;20;8;0;0
6;0;0;10;10;20;8;0;0
7;0;0;10;10;20;8;0;0
8;0;0;10;10;20;8;0;0
9;0;0;10;10;20;8;0;0
10;0;0;10;10;20;8;0;0
11;0;0;10;10;20;8;0;0
12;0;0;10;10;20;8;0;0
13;0;0;10;10;20;8;0;0
14;0;0;10;10;20;8;0;0
15;0;0;10;10;20;8;0;0
16;0;0;10;10;20;8;0;0
17;0;0;10;10;20;8;0;0
18;0;0;10;10;20;8;0;0
19;0;0;10;10;20;8;0;0
20;0;0;10;10;20;8;0;0
21;0;0;10;10;20;8;0;0
22;0;0;10;10;20;8;0;0
23;0;0;10;10;20;8;0;0
24;0;0;10;10;20;8;0;0
25;0;0;10;10;20;8;0;0
26;0;6;10;10;20;8;350216;1726178101653122847
27;0;0;10;10;20;8;0;0
28;0;0;10;10;20;8;0;0
29;0;0;10;10;20;8;0;0
30;0;0;10;10;20;8;0;0
31;0;0;10;10;20;8;0;0
32;0;0;10;10;20;8;0;0
33;0;0;10;10;20;8;0;0
34;0;0;10;10;20;8;0;0
35;0;0;10;10;20;8;0;0
36;0;0;10;10;20;8;0;0
37;0;0;10;10;20;8;0;0
38;0;0;10;10;20;8;0;0
39;0;0;10;10;20;8;0;0
40;0;0;10;10;20;8;0;0
41;0;0;10;10;20;8;0;0
42;0;0;10;10;20;8;0;0
43;0;0;10;10;20;8;0;0
44;0;0;10;10;20;8;0;0
45;0;0;10;10;20;8;0;0
46;0;0;10;10;20;8;0;0
47;0;0;10;10;20;8;0;0
48;0;0;10;10;20;8;0;0
49;0;0;10;10;20;8;0;0
50;0;0;10;10;20;8;0;0
51;0;0;10;10;20;8;0;0
52;0;0;10;10;20;8;0;0
53;0;0;10;10;20;8;0;0
54;0;0;10;10;20;8;0;0
55;0;0;10;10;20;8;0;0
56;0;0;10;10;20;8;0;0
57;0;0;10;10;20;8;0;0
58;0;0;10;10;20;8;0;0
59;0;0;10;10;20;8;0;0
60;0;0;10;10;20;8;0;0
61;0;0;10;10;20;8;0;0
62;0;0;10;10;20;8;0;0
63;0;0;10;10;20;8;0;0
64;0;0;10;10;20;8;0;0
65;0;0;10;10;20;8;0;0
66;0;0;10;10;20;8;0;0
67;0;0;10;10;20;8;0;0
68;0;0;10;10;20;8;0;0
69;0;0;10;10;20;8;0;0
70;0;0;10;10;20;8;0;0
71;0;0;10;10;20;8;0;0
72;0;0;10;10;20;8;0;0
73;0;0;10;10;20;8;0;0
74;0;0;10;10;20;8;0;0
75;0;0;10;10;20;8;0;0
76;0;0;10;10;20;8;0;0
77;0;0;10;10;20;8;0;0
78;0;0;10;10;20;8;0;0
79;0;0;10;10;20;8;0;0
80;0;0;10;10;20;8;0;0
81;0;0;10;10;20;8;0;0
82;0;0;10;10;20;8;0;0
83;0;0;10;10;20;8;0;0
84;0;0;10;10;20;8;0;0
85;0;0;10;10;20;8;0;0
86;0;0;10;10;20;8;0;0
87;0;0;10;10;20;8;0;0
88;0;0;10;10;20;8;0;0
89;0;0;10;10;20;8;0;0
90;0;0;10;10;20;8;0;0
91;0;0;10;10;20;8;0;0
92;0;0;10;10;20;8;0;0
93;0;0;10;10;20;8;0;0
94;0;0;10;10;20;8;0;0
95;0;0;10;10;20;8;0;0
96;0;0;10;10;20;8;0;0
97;0;0;10;10;20;8;0;0
98;0;0;10;10;20;8;0;0
99;0;0;10;10;20;8;0;0
0;0;0;10;10;20;8;0;0
1;0;0;10;10;20;8;0;0
2;0;0;10;10;20;8;0;0
3;0;0;10;10;20;8;0;0
4;0;0;10;10;20;8;0;0
5;0;0;10;10;20;8;0;0
6;0;0;10;10;20;8;0;0
7;0;0;10;10;20;8;0;0
8;0;0;10;10;20;8;0;0
9;0;0;10;10;20;8;0;0
10;0;0;10;10;20;8;0;0
11;0;0;10;10;20;8;0;0
12;0;0;10;10;20;8;0;0
13;0;0;10;10;20;8;0;0
14;0;0;10;10;20;8;0;0
15;0;0;10;10;20;8;0;0
16;0;7;10;10;20;8;459676;1726178101553143147
17;0;0;10;10;20;8;0;0
18;0;0;10;10;20;8;0;0
19;0;0;10;10;20;8;0;0
20;0;0;10;10;20;8;0;0
21;0;0;10;10;20;8;0;0
22;0;0;10;10;20;8;0;0
23;0;0;10;10;20;8;0;0
24;0;0;10;10;20;8;0;0
25;0;0;10;10;20;8;0;0
26;0;0;10;10;20;8;0;0
27;0;0;10;10;20;8;0;0
28;0;0;10;10;20;8;0;0
29;0;0;10;10;20;8;0;0
30;0;0;10;10;20;8;0;0
31;0;0;10;10;20;8;0;0
32;0;0;10;10;20;8;0;0
33;0;0;10;10;20;8;0;0
34;0;0;10;10;20;8;0;0
35;0;0;10;10;20;8;0;0
36;0;0;10;10;20;8;0;0
37;0;0;10;10;20;8;0;0
38;0;0;10;10;20;8;0;0
39;0;0;10;10;20;8;0;0
40;0;0;10;10;20;8;0;0
41;0;0;10;10;20;8;0;0
42;0;0;10;10;20;8;0;0
43;0;0;10;10;20;8;0;0
44;0;0;10;10;20;8;0;0
45;0;0;10;10;20;8;0;0
46;0;0;10;10;20;8;0;0
47;0;0;10;10;20;8;0;0
48;0;0;10;10;20;8;0;0
49;0;0;10;10;20;8;0;0
50;0;0;10;10;20;8;0;0
51;0;0;10;10;20;8;0;0
52;0;0;10;10;20;8;0;0
53;0;0;10;10;20;8;0;0
54;0;0;10;10;20;8;0;0
55;0;0;10;10;20;8;0;0
56;0;0;10;10;20;8;0;0
57;0;0;10;10;20;8;0;0
58;0;0;10;10;20;8;0;0
59;0;0;10;10;20;8;0;0
60;0;0;10;10;20;8;0;0
61;0;0;10;10;20;8;0;0
62;0;0;10;10;20;8;0;0
63;0;0;10;10;20;8;0;0
64;0;0;10;10;20;8;0;0
65;0;0;10;10;20;8;0;0
66;0;0;10;10;20;8;0;0
67;0;0;10;10;20;8;0;0
68;0;0;10;10;20;8;0;0
69;0;0;10;10;20;8;0;0
70;0;0;10;10;20;8;0;0
71;0;0;10;10;20;8;0;0
72;0;0;10;10;20;8;0;0
73;0;0;10;10;20;8;0;0
74;0;0;10;10;20;8;0;0
75;0;0;10;10;20;8;0;0
76;0;0;10;10;20;8;0;0
77;0;0;10;10;20;8;0;0
78;0;0;10;10;20;8;0;0
79;0;0;10;10;20;8;0;0
80;0;0;10;10;20;8;0;0
81;0;0;10;10;20;8;0;0
82;0;0;10;10;20;8;0;0
83;0;0;10;10;20;8;0;0
84;0;0;10;10;20;8;0;0
85;0;0;10;10;20;8;0;0
86;0;0;10;10;20;8;0;0
87;0;0;10;10;20;8;0;0
88;0;0;10;10;20;8;0;0
89;0;0;10;10;20;8;0;0
90;0;0;10;10;20;8;0;0
91;0;0;10;10;20;8;0;0
92;0;0;10;10;20;8;0;0
93;0;0;10;10;20;8;0;0
94;0;0;10;10;20;8;0;0
95;0;0;10;10;20;8;0;0
96;0;0;10;10;20;8;0;0
97;0;0;10;10;20;8;0;0
98;0;0;10;10;20;8;0;0
99;0;0;10;10;20;8;0;0
0;0;0;10;10;20;8;0;0
1;0;0;10;10;20;8;0;0
2;0;0;10;10;20;8;0;0
3;0;0;10;10;20;8;0;0
4;0;0;10;10;20;8;0;0
5;0;0;10;10;20;8;0;0
6;0;0;10;10;20;8;0;0
7;0;0;10;10;20;8;0;0
8;0;0;10;10;20;8;0;0
9;0;0;10;10;20;8;0;0
10;0;0;10;10;20;8;0;0
11;0;0;10;10;20;8;0;0
12;0;0;10;10;20;8;0;0
13;0;0;10;10;20;8;0;0
14;0;0;10;10;20;8;0;0
15;0;0;10;10;20;8;0;0
16;0;0;10;10;20;8;0;0
17;0;0;10;10;20;8;0;0
18;0;0;10;10;20;8;0;0
19;0;0;10;10;20;8;0;0
20;0;0;10;10;20;8;0;0
21;0;0;10;10;20;8;0;0
22;0;0;10;10;20;8;0;0
23;0;0;10;10;20;8;0;0
24;0;0;10;10;20;8;0;0
25;0;0;10;10;20;8;0;0
26;0;0;10;10;20;8;0;0
27;0;0;10;10;20;8;0;0
28;0;0;10;10;20;8;0;0
29;0;0;10;10;20;8;0;0
30;0;0;10;10;20;8;0;0
31;0;0;10;10;20;8;0;0
32;0;0;10;10;20;8;0;0
33;0;0;10;10;20;8;0;0
34;0;0;10;10;20;8;0;0
35;0;0;10;10;20;8;0;0
36;0;0;10;10;20;8;0;0
37;0;0;10;10;20;8;0;0
38;0;0;10;10;20;8;0;0
39;0;0;10;10;20;8;0;0
40;0;0;10;10;20;8;0;0
41;0;0;10;10;20;8;0;0
42;0;0;10;10;20;8;0;0
43;0;0;10;10;20;8;0;0
44;0;0;10;10;20;8;0;0
45;0;0;10;10;20;8;0;0
46;0;0;10;10;20;8;0;0
47;0;0;10;10;20;8;0;0
48;0;0;10;10;20;8;0;0
49;0;0;10;10;20;8;0;0
50;0;0;10;10;20;8;0;0
51;0;0;10;10;20;8;0;0
52;0;0;10;10;20;8;0;0
53;0;0;10;10;20;8;0;0
54;0;0;10;10;20;8;0;0
55;0;0;10;10;20;8;0;0
56;0;0;10;10;20;8;0;0
57;0;0;10;10;20;8;0;0
58;0;0;10;10;20;8;0;0
59;0;0;10;10;20;8;0;0
60;0;0;10;10;20;8;0;0
61;0;0;10;10;20;8;0;0
62;0;0;10;10;20;8;0;0
63;0;0;10;10;20;8;0;0
64;0;0;10;10;20;8;0;0
65;0;0;10;10;20;8;0;0
66;0;8;10;10;20;8;371337;1726178102053164260
67;0;0;10;10;20;8;0;0
68;0;0;10;10;20;8;0;0
69;0;0;10;10;20;8;0;0
70;0;0;10;10;20;8;0;0
71;0;0;10;10;20;8;0;0
72;0;0;10;10;20;8;0;0
73;0;0;10;10;20;8;0;0
74;0;0;10;10;20;8;0;0
75;0;0;10;10;20;8;0;0
76;0;8;10;10;20;8;388334;1726178102153171180
77;0;0;10;10;20;8;0;0
78;0;0;10;10;20;8;0;0
79;0;0;10;10;20;8;0;0
80;0;0;10;10;20;8;0;0
81;0;0;10;10;20;8;0;0
82;0;0;10;10;20;8;0;0
83;0;0;10;10;20;8;0;0
84;0;0;10;10;20;8;0;0
85;0;0;10;10;20;8;0;0
86;0;0;10;10;20;8;0;0
87;0;0;10;10;20;8;0;0
88;0;0;10;10;20;8;0;0
89;0;0;10;10;20;8;0;0
90;0;0;10;10;20;8;0;0
91;0;0;10;10;20;8;0;0
92;0;0;10;10;20;8;0;0
93;0;0;10;10;20;8;0;0
94;0;0;10;10;20;8;0;0
95;0;0;10;10;20;8;0;0
96;0;0;10;10;20;8;0;0
97;0;0;10;10;20;8;0;0
98;0;0;10;10;20;8;0;0
99;0;0;10;10;20;8;0;0
0;0;0;10;10;20;8;0;0
1;0;0;10;10;20;8;0;0
2;0;0;10;10;20;8;0;0
3;0;0;10;10;20;8;0;0
4;0;0;10;10;20;8;0;0
5;0;0;10;10;20;8;0;0
6;0;0;10;10;20;8;0;0
7;0;0;10;10;20;8;0;0
8;0;0;10;10;20;8;0;0
9;0;0;10;10;20;8;0;0
10;0;0;10;10;20;8;0;0
11;0;0;10;10;20;8;0;0
12;0;0;10;10;20;8;0;0
13;0;0;10;10;20;8;0;0
14;0;0;10;10;20;8;0;0
15;0;0;10;10;20;8;0;0
16;0;0;10;10;20;8;0;0
17;0;0;10;10;20;8;0;0
18;0;0;10;10;20;8;0;0
19;0;0;10;10;20;8;0;0
20;0;0;10;10;20;8;0;0
21;0;0;10;10;20;8;0;0
22;0;0;10;10;20;8;0;0
23;0;0;10;10;20;8;0;0
24;0;0;10;10;20;8;0;0
25;0;0;10;10;20;8;0;0
26;0;0;10;10;20;8;0;0
27;0;0;10;10;20;8;0;0
28;0;0;10;10;20;8;0;0
29;0;0;10;10;20;8;0;0
30;0;0;10;10;20;8;0;0
31;0;0;10;10;20;8;0;0
32;0;0;10;10;20;8;0;0
33;0;0;10;10;20;8;0;0
34;0;0;10;10;20;8;0;0
35;0;0;10;10;20;8;0;0
36;0;0;10;10;20;8;0;0
37;0;0;10;10;20;8;0;0
38;0;0;10;10;20;8;0;0
39;0;0;10;10;20;8;0;0
40;0;0;10;10;20;8;0;0
41;0;0;10;10;20;8;0;0
42;0;0;10;10;20;8;0;0
43;0;0;10;10;20;8;0;0
44;0;0;10;10;20;8;0;0
45;0;0;10;10;20;8;0;0
46;0;0;10;10;20;8;0;0
47;0;0;10;10;20;8;0;0
48;0;0;10;10;20;8;0;0
49;0;0;10;10;20;8;0;0
50;0;0;10;10;20;8;0;0
51;0;0;10;10;20;8;0;0
52;0;0;10;10;20;8;0;0
53;0;0;10;10;20;8;0;0
54;0;0;10;10;20;8;0;0
55;0;0;10;10;20;8;0;0
56;0;9;10;10;20;8;318837;1726178101953138949
57;0;0;10;10;20;8;0;0
58;0;0;10;10;20;8;0;0
59;0;0;10;10;20;8;0;0
60;0;0;10;10;20;8;0;0
61;0;0;10;10;20;8;0;0
62;0;0;10;10;20;8;0;0
63;0;0;10;10;20;8;0;0
64;0;0;10;10;20;8;0;0
65;0;0;10;10;20;8;0;0
66;0;0;10;10;20;8;0;0
67;0;0;10;10;20;8;0;0
68;0;0;10;10;20;8;0;0
69;0;0;10;10;20;8;0;0
70;0;0;10;10;20;8;0;0
71;0;0;10;10;20;8;0;0
72;0;0;10;10;20;8;0;0
73;0;0;10;10;20;8;0;0
74;0;0;10;10;20;8;0;0
75;0;0;10;10;20;8;0;0
76;0;0;10;10;20;8;0;0
77;0;0;10;10;20;8;0;0
78;0;0;10;10;20;8;0;0
79;0;0;10;10;20;8;0;0
80;0;0;10;10;20;8;0;0
81;0;0;10;10;20;8;0;0
82;0;0;10;10;20;8;0;0
83;0;0;10;10;20;8;0;0
84;0;0;10;10;20;8;0;0
85;0;0;10;10;20;8;0;0
86;0;9;10;10;20;8;316697;1726178102253173853
87;0;0;10;10;20;8;0;0
88;0;0;10;10;20;8;0;0
89;0;0;10;10;20;8;0;0
90;0;0;10;10;20;8;0;0
91;0;0;10;10;20;8;0;0
92;0;0;10;10;20;8;0;0
93;0;0;10;10;20;8;0;0
94;0;0;10;10;20;8;0;0
95;0;0;10;10;20;8;0;0
96;0;0;10;10;20;8;0;0
97;0;0;10;10;20;8;0;0
98;0;0;10;10;20;8;0;0
99;0;0;10;10;20;8;0;0
0;0;10;10;10;20;8;365296;1726178101393323332
1;0;10;10;10;20;8;433970;1726178101403338379
2;0;10;10;10;20;8;390990;1726178101413342275
3;0;10;10;10;20;8;253267;1726178101423197303
4;0;10;10;10;20;8;263000;1726178101433182595
5;0;10;10;10;20;8;256084;1726178101443169908
6;0;10;10;10;20;8;256881;1726178101453084326
7;0;10;10;10;20;8;254291;1726178101463143460
8;0;10;10;10;20;8;287380;1726178101473144057
9;0;10;10;10;20;8;266879;1726178101483153260
10;0;10;10;10;20;8;264985;1726178101493148363
11;0;10;10;10;20;8;290803;1726178101503159692
12;0;10;10;10;20;8;258689;1726178101513158328
13;0;10;10;10;20;8;272378;1726178101523134006
14;0;10;10;10;20;8;276466;1726178101533144548
15;0;10;10;10;20;8;242266;1726178101543172922
16;0;10;10;10;20;8;625825;1726178101553155327
17;0;10;10;10;20;8;247595;1726178101563163703
18;0;10;10;10;20;8;250977;1726178101573162484
19;0;10;10;10;20;8;314227;1726178101583147111
20;0;10;10;10;20;8;265132;1726178101593083895
21;0;10;10;10;20;8;270497;1726178101603155050
22;0;10;10;10;20;8;265687;1726178101613155814
23;0;10;10;10;20;8;260778;1726178101623147069
24;0;10;10;10;20;8;267879;1726178101633155962
25;0;10;10;10;20;8;285173;1726178101643153677
26;0;10;10;10;20;8;490057;1726178101653155813
27;0;10;10;10;20;8;245878;1726178101663159130
28;0;10;10;10;20;8;265036;1726178101673143085
29;0;10;10;10;20;8;309122;1726178101683136709
30;0;10;10;10;20;8;293230;1726178101693145102
31;0;10;10;10;20;8;265342;1726178101703175061
32;0;10;10;10;20;8;264848;1726178101713145858
33;0;10;10;10;20;8;274396;1726178101723144966
34;0;10;10;10;20;8;281061;1726178101733149963
35;0;10;10;10;20;8;287820;1726178101743139541
36;0;10;10;10;20;8;391337;1726178101753179002
37;0;10;10;10;20;8;263574;1726178101763171091
38;0;10;10;10;20;8;243175;1726178101773189544
39;0;10;10;10;20;8;310530;1726178101783173382
40;0;10;10;10;20;8;249364;1726178101793198501
41;0;10;10;10;20;8;260807;1726178101803183498
42;0;10;10;10;20;8;276144;1726178101813176980
43;0;10;10;10;20;8;263585;1726178101823190462
44;0;10;10;10;20;8;246380;1726178101833187376
45;0;10;10;10;20;8;264428;1726178101843185754
46;0;10;10;10;20;8;503844;1726178101853157348
47;0;10;10;10;20;8;245763;1726178101863160165
48;0;10;10;10;20;8;280126;1726178101873144915
49;0;10;10;10;20;8;299525;1726178101883145985
50;0;10;10;10;20;8;257989;1726178101893148149
51;0;10;10;10;20;8;270135;1726178101903147615
52;0;10;10;10;20;8;259698;1726178101913147165
53;0;10;10;10;20;8;272345;1726178101923147141
54;0;10;10;10;20;8;274329;1726178101933149037
55;0;10;10;10;20;8;275311;1726178101943150870
56;0;10;10;10;20;8;481507;1726178101953143241
57;0;10;10;10;20;8;276570;1726178101963149816
58;0;10;10;10;20;8;268779;1726178101973159692
59;0;10;10;10;20;8;287247;1726178101983154243
60;0;10;10;10;20;8;270077;1726178101993155034
61;0;10;10;10;20;8;283837;1726178102003154560
62;0;10;10;10;20;8;275915;1726178102013148018
63;0;10;10;10;20;8;283095;1726178102023152069
64;0;10;10;10;20;8;283616;1726178102033157056
65;0;10;10;10;20;8;286086;1726178102043137771
66;0;10;10;10;20;8;534671;1726178102053175842
67;0;10;10;10;20;8;260172;1726178102063172964
68;0;10;10;10;20;8;241099;1726178102073189528
69;0;10;10;10;20;8;287462;1726178102083187694
70;0;10;10;10;20;8;252307;1726178102093169142
71;0;10;10;10;20;8;221701;1726178102103211332
72;0;10;10;10;20;8;246385;1726178102113176743
73;0;10;10;10;20;8;267937;1726178102123180224
74;0;10;10;10;20;8;261202;1726178102133183764
75;0;10;10;10;20;8;265340;1726178102143180914
76;0;10;10;10;20;8;539371;1726178102153187384
77;0;10;10;10;20;8;277330;1726178102163176200
78;0;10;10;10;20;8;278872;1726178102173177170
79;0;10;10;10;20;8;304342;1726178102183174923
80;0;10;10;10;20;8;247976;1726178102193176823
81;0;10;10;10;20;8;272751;1726178102203183462
82;0;10;10;10;20;8;257070;1726178102213181014
83;0;10;10;10;20;8;252756;1726178102223181298
84;0;10;10;10;20;8;276354;1726178102233179617
85;0;10;10;10;20;8;261599;1726178102243179762
86;0;10;10;10;20;8;473194;1726178102253181576
87;0;10;10;10;20;8;246901;1726178102263178061
88;0;10;10;10;20;8;311286;1726178102273176744
89;0;10;10;10;20;8;289081;1726178102283187913
90;0;10;10;10;20;8;255247;1726178102293178498
91;0;10;10;10;20;8;279173;1726178102303179633
92;0;10;10;10;20;8;273551;1726178102313180383
93;0;10;10;10;20;8;248118;1726178102323187530
94;0;10;10;10;20;8;248505;1726178102333178615
95;0;10;10;10;20;8;279396;1726178102343187588
96;0;10;10;10;20;8;343394;1726178102353145630
97;0;10;10;10;20;8;275243;1726178102363140483
98;0;10;10;10;20;8;246104;1726178102373158562
99;0;10;10;10;20;8;379917;1726178102383144510
0;0;11;10;10;20;8;515974;1726178101393332010
1;0;11;10;10;20;8;581920;1726178101403352636
2;0;11;10;10;20;8;539905;1726178101413354727
3;0;11;10;10;20;8;403897;1726178101423206659
4;0;11;10;10;20;8;414385;1726178101433192032
5;0;11;10;10;20;8;409850;1726178101443176692
6;0;11;10;10;20;8;413644;1726178101453091595
7;0;11;10;10;20;8;409719;1726178101463150813
8;0;11;10;10;20;8;437574;1726178101473157072
9;0;11;10;10;20;8;424714;1726178101483158272
10;0;11;10;10;20;8;423558;1726178101493153863
11;0;11;10;10;20;8;448035;1726178101503166253
12;0;11;10;10;20;8;414123;1726178101513166296
13;0;11;10;10;20;8;428036;1726178101523140722
14;0;11;10;10;20;8;434198;1726178101533152711
15;0;11;10;10;20;8;400407;1726178101543177771
16;0;11;10;10;20;8;765007;1726178101553173317
17;0;11;10;10;20;8;399655;1726178101563171382
18;0;11;10;10;20;8;405856;1726178101573166908
19;0;11;10;10;20;8;469475;1726178101583151474
20;0;11;10;10;20;8;417293;1726178101593091424
21;0;11;10;10;20;8;424255;1726178101603162160
22;0;11;10;10;20;8;418369;1726178101613162717
23;0;11;10;10;20;8;416530;1726178101623150364
24;0;11;10;10;20;8;417695;1726178101633165392
25;0;11;10;10;20;8;430925;1726178101643166885
26;0;11;10;10;20;8;623336;1726178101653180211
27;0;11;10;10;20;8;401561;1726178101663162644
28;0;11;10;10;20;8;418534;1726178101673148925
29;0;11;10;10;20;8;463643;1726178101683140247
30;0;11;10;10;20;8;447030;1726178101693149229
31;0;11;10;10;20;8;412601;1726178101703187616
32;0;11;10;10;20;8;416897;1726178101713152392
33;0;11;10;10;20;8;426575;1726178101723152763
34;0;11;10;10;20;8;434633;1726178101733154707
35;0;11;10;10;20;8;444067;1726178101743143074
36;0;11;10;10;20;8;545157;1726178101753185336
37;0;11;10;10;20;8;415839;1726178101763174983
38;0;11;10;10;20;8;394552;1726178101773194280
39;0;11;10;10;20;8;463598;1726178101783176591
40;0;11;10;10;20;8;400353;1726178101793203104
41;0;11;10;10;20;8;418455;1726178101803194759
42;0;11;10;10;20;8;425118;1726178101813183230
43;0;11;10;10;20;8;427511;1726178101823194699
44;0;11;10;10;20;8;397700;1726178101833190863
45;0;11;10;10;20;8;415534;1726178101843190310
46;0;11;10;10;20;8;652694;1726178101853166241
47;0;11;10;10;20;8;398995;1726178101863166665
48;0;11;10;10;20;8;434543;1726178101873148318
49;0;11;10;10;20;8;449213;1726178101883155748
50;0;11;10;10;20;8;412363;1726178101893152518
51;0;11;10;10;20;8;426378;1726178101903150999
52;0;11;10;10;20;8;417132;1726178101913150960
53;0;11;10;10;20;8;429451;1726178101923150262
54;0;11;10;10;20;8;430851;1726178101933152379
55;0;11;10;10;20;8;432842;1726178101943154286
56;0;11;10;10;20;8;629793;1726178101953152621
57;0;11;10;10;20;8;429002;1726178101963156861
58;0;11;10;10;20;8;420404;1726178101973166809
59;0;11;10;10;20;8;442125;1726178101983159242
60;0;11;10;10;20;8;425730;1726178101993158340
61;0;11;10;10;20;8;426362;1726178102003170871
62;0;11;10;10;20;8;427241;1726178102013156365
63;0;11;10;10;20;8;439495;1726178102023155230
64;0;11;10;10;20;8;432400;1726178102033167035
65;0;11;10;10;20;8;441978;1726178102043141239
66;0;11;10;10;20;8;686719;1726178102053182287
67;0;11;10;10;20;8;411339;1726178102063176970
68;0;11;10;10;20;8;403759;1726178102073195719
69;0;11;10;10;20;8;439624;1726178102083191764
70;0;11;10;10;20;8;404338;1726178102093175658
71;0;11;10;10;20;8;374519;1726178102103215580
72;0;11;10;10;20;8;405390;1726178102113187101
73;0;11;10;10;20;8;418519;1726178102123186356
74;0;11;10;10;20;8;412678;1726178102133187269
75;0;11;10;10;20;8;421987;1726178102143191570
76;0;11;10;10;20;8;668627;1726178102153215638
77;0;11;10;10;20;8;430059;1726178102163179804
78;0;11;10;10;20;8;428517;1726178102173183215
79;0;11;10;10;20;8;451529;1726178102183185434
80;0;11;10;10;20;8;402940;1726178102193181048
81;0;11;10;10;20;8;424260;1726178102203189561
82;0;11;10;10;20;8;420092;1726178102213185906
83;0;11;10;10;20;8;404031;1726178102223185783
84;0;11;10;10;20;8;427554;1726178102233183768
85;0;11;10;10;20;8;422087;1726178102243187277
86;0;11;10;10;20;8;627152;1726178102253186063
87;0;11;10;10;20;8;407897;1726178102263183940
88;0;11;10;10;20;8;460035;1726178102273183357
89;0;11;10;10;20;8;444452;1726178102283191761
90;0;11;10;10;20;8;404979;1726178102293184614
91;0;11;10;10;20;8;428500;1726178102303185596
92;0;11;10;10;20;8;419287;1726178102313188072
93;0;11;10;10;20;8;412188;1726178102323192258
94;0;11;10;10;20;8;398586;1726178102333188712
95;0;11;10;10;20;8;429998;1726178102343194579
96;0;11;10;10;20;8;499748;1726178102353152715
97;0;11;10;10;20;8;431362;1726178102363143680
98;0;11;10;10;20;8;390998;1726178102373173269
99;0;11;10;10;20;8;612884;1726178102383152599
0;0;12;10;10;20;8;659077;1726178101393345922
1;0;12;10;10;20;8;730622;1726178101403363582
2;0;12;10;10;20;8;685278;1726178101413367811
3;0;12;10;10;20;8;571422;1726178101423215062
4;0;12;10;10;20;8;567963;1726178101433196449
5;0;12;10;10;20;8;579071;1726178101443180365
6;0;12;10;10;20;8;573550;1726178101453095431
7;0;12;10;10;20;8;568226;1726178101463161126
8;0;12;10;10;20;8;595621;1726178101473160913
9;0;12;10;10;20;8;595561;1726178101483164691
10;0;12;10;10;20;8;578184;1726178101493161816
11;0;12;10;10;20;8;622054;1726178101503173459
12;0;12;10;10;20;8;569927;1726178101513171635
13;0;12;10;10;20;8;602675;1726178101523147579
14;0;12;10;10;20;8;587651;1726178101533160765
15;0;12;10;10;20;8;573026;1726178101543181324
16;0;12;10;10;20;8;893774;1726178101553202013
17;0;12;10;10;20;8;573734;1726178101563185169
18;0;12;10;10;20;8;560666;1726178101573170356
19;0;12;10;10;20;8;641148;1726178101583156604
20;0;12;10;10;20;8;562400;1726178101593103867
21;0;12;10;10;20;8;622222;1726178101603168908
22;0;12;10;10;20;8;568471;1726178101613170005
23;0;12;10;10;20;8;585923;1726178101623153736
24;0;12;10;10;20;8;571257;1726178101633170504
25;0;12;10;10;20;8;594688;1726178101643174951
26;0;12;10;10;20;8;776779;1726178101653185566
27;0;12;10;10;20;8;574884;1726178101663168678
28;0;12;10;10;20;8;568686;1726178101673157209
29;0;12;10;10;20;8;607563;1726178101683161615
30;0;12;10;10;20;8;592816;1726178101693159661
31;0;12;10;10;20;8;581033;1726178101703192433
32;0;12;10;10;20;8;567471;1726178101713160860
33;0;12;10;10;20;8;589045;1726178101723163399
34;0;12;10;10;20;8;583350;1726178101733163141
35;0;12;10;10;20;8;607300;1726178101743154633
36;0;12;10;10;20;8;696975;1726178101753191418
37;0;12;10;10;20;8;608624;1726178101763185007
38;0;12;10;10;20;8;546573;1726178101773198032
39;0;12;10;10;20;8;659465;1726178101783180168
40;0;12;10;10;20;8;552036;1726178101793206465
41;0;12;10;10;20;8;570687;1726178101803204605
42;0;12;10;10;20;8;572351;1726178101813190108
43;0;12;10;10;20;8;598497;1726178101823201959
44;0;12;10;10;20;8;549312;1726178101833194102
45;0;12;10;10;20;8;606312;1726178101843196048
46;0;12;10;10;20;8;802279;1726178101853173916
47;0;12;10;10;20;8;605188;1726178101863172627
48;0;12;10;10;20;8;590258;1726178101873151664
49;0;12;10;10;20;8;607780;1726178101883162644
50;0;12;10;10;20;8;566825;1726178101893156590
51;0;12;10;10;20;8;596769;1726178101903154335
52;0;12;10;10;20;8;568277;1726178101913159244
53;0;12;10;10;20;8;600212;1726178101923154217
54;0;12;10;10;20;8;584966;1726178101933156404
55;0;12;10;10;20;8;604132;1726178101943157683
56;0;12;10;10;20;8;784365;1726178101953156368
57;0;12;10;10;20;8;594306;1726178101963166122
58;0;12;10;10;20;8;571866;1726178101973173075
59;0;12;10;10;20;8;608669;1726178101983166383
60;0;12;10;10;20;8;578668;1726178101993162107
61;0;12;10;10;20;8;586766;1726178102003175437
62;0;12;10;10;20;8;577724;1726178102013163426
63;0;12;10;10;20;8;609564;1726178102023158993
64;0;12;10;10;20;8;580347;1726178102033176509
65;0;12;10;10;20;8;603653;1726178102043144529
66;0;12;10;10;20;8;810566;1726178102053215189
67;0;12;10;10;20;8;600330;1726178102063184366
68;0;12;10;10;20;8;552611;1726178102073202112
69;0;12;10;10;20;8;625115;1726178102083196092
70;0;12;10;10;20;8;554990;1726178102093182339
71;0;12;10;10;20;8;570318;1726178102103219469
72;0;12;10;10;20;8;555475;1726178102113191661
73;0;12;10;10;20;8;581677;1726178102123193844
74;0;12;10;10;20;8;562777;1726178102133190502
75;0;12;10;10;20;8;587294;1726178102143197512
76;0;12;10;10;20;8;816254;1726178102153225316
77;0;12;10;10;20;8;622436;1726178102163185932
78;0;12;10;10;20;8;577357;1726178102173189235
79;0;12;10;10;20;8;631898;1726178102183193031
80;0;12;10;10;20;8;553451;1726178102193188640
81;0;12;10;10;20;8;604500;1726178102203199859
82;0;12;10;10;20;8;568017;1726178102213192017
83;0;12;10;10;20;8;564970;1726178102223193604
84;0;12;10;10;20;8;576628;1726178102233187784
85;0;12;10;10;20;8;585363;1726178102243191129
86;0;12;10;10;20;8;781375;1726178102253189819
87;0;12;10;10;20;8;596449;1726178102263190577
88;0;12;10;10;20;8;607470;1726178102273189344
89;0;12;10;10;20;8;615354;1726178102283197450
90;0;12;10;10;20;8;551203;1726178102293194652
91;0;12;10;10;20;8;594611;1726178102303190366
92;0;12;10;10;20;8;568209;1726178102313192621
93;0;12;10;10;20;8;603380;1726178102323198369
94;0;12;10;10;20;8;562997;1726178102333192718
95;0;12;10;10;20;8;623828;1726178102343199205
96;0;12;10;10;20;8;650529;1726178102353160281
97;0;12;10;10;20;8;634163;1726178102363154941
98;0;12;10;10;20;8;544952;1726178102373177584
99;0;12;10;10;20;8;816582;1726178102383161734
0;0;13;10;10;20;8;805808;1726178101393356014
1;0;13;10;10;20;8;878580;1726178101403373613
2;0;13;10;10;20;8;829954;1726178101413380581
3;0;13;10;10;20;8;719638;1726178101423224781
4;0;13;10;10;20;8;718976;1726178101433203197
5;0;13;10;10;20;8;728967;1726178101443188345
6;0;13;10;10;20;8;750396;1726178101453101983
7;0;13;10;10;20;8;725374;1726178101463167385
8;0;13;10;10;20;8;749382;1726178101473168316
9;0;13;10;10;20;8;749887;1726178101483173099
10;0;13;10;10;20;8;732897;1726178101493168165
11;0;13;10;10;20;8;777193;1726178101503180216
12;0;13;10;10;20;8;724263;1726178101513178558
13;0;13;10;10;20;8;760486;1726178101523153995
14;0;13;10;10;20;8;741961;1726178101533167925
15;0;13;10;10;20;8;732068;1726178101543185201
16;0;13;10;10;20;8;1045326;1726178101553209054
17;0;13;10;10;20;8;739066;1726178101563192946
18;0;13;10;10;20;8;714667;1726178101573173788
19;0;13;10;10;20;8;790593;1726178101583163739
20;0;13;10;10;20;8;728575;1726178101593112833
21;0;13;10;10;20;8;772266;1726178101603177836
22;0;13;10;10;20;8;716260;1726178101613179807
23;0;13;10;10;20;8;740812;1726178101623157138
24;0;13;10;10;20;8;721918;1726178101633178696
25;0;13;10;10;20;8;746131;1726178101643181509
26;0;13;10;10;20;8;930276;1726178101653189321
27;0;13;10;10;20;8;729415;1726178101663175423
28;0;13;10;10;20;8;715426;1726178101673166266
29;0;13;10;10;20;8;756228;1726178101683169514
30;0;13;10;10;20;8;740456;1726178101693166778
31;0;13;10;10;20;8;736740;1726178101703196259
32;0;13;10;10;20;8;716146;1726178101713169913
33;0;13;10;10;20;8;736563;1726178101723174128
34;0;13;10;10;20;8;734918;1726178101733169726
35;0;13;10;10;20;8;757531;1726178101743162830
36;0;13;10;10;20;8;824198;1726178101753221793
37;0;13;10;10;20;8;761265;1726178101763188704
38;0;13;10;10;20;8;697537;1726178101773201433
39;0;13;10;10;20;8;808025;1726178101783183976
40;0;13;10;10;20;8;701663;1726178101793209553
41;0;13;10;10;20;8;720375;1726178101803208759
42;0;13;10;10;20;8;719580;1726178101813196327
43;0;13;10;10;20;8;743693;1726178101823208711
44;0;13;10;10;20;8;700043;1726178101833197688
45;0;13;10;10;20;8;749981;1726178101843206616
46;0;13;10;10;20;8;948064;1726178101853185099
47;0;13;10;10;20;8;766218;1726178101863183951
48;0;13;10;10;20;8;734658;1726178101873163581
49;0;13;10;10;20;8;762082;1726178101883166444
50;0;13;10;10;20;8;720720;1726178101893160079
51;0;13;10;10;20;8;744197;1726178101903165906
52;0;13;10;10;20;8;719460;1726178101913166108
53;0;13;10;10;20;8;756887;1726178101923157504
54;0;13;10;10;20;8;739132;1726178101933160221
55;0;13;10;10;20;8;750830;1726178101943171650
56;0;13;10;10;20;8;934071;1726178101953163780
57;0;13;10;10;20;8;749639;1726178101963170142
58;0;13;10;10;20;8;717583;1726178101973184375
59;0;13;10;10;20;8;762346;1726178101983170384
60;0;13;10;10;20;8;732631;1726178101993165403
61;0;13;10;10;20;8;741144;1726178102003179198
62;0;13;10;10;20;8;727572;1726178102013171140
63;0;13;10;10;20;8;763294;1726178102023162210
64;0;13;10;10;20;8;730516;1726178102033183172
65;0;13;10;10;20;8;753986;1726178102043152543
66;0;13;10;10;20;8;958571;1726178102053223660
67;0;13;10;10;20;8;747965;1726178102063191042
68;0;13;10;10;20;8;700145;1726178102073208528
69;0;13;10;10;20;8;772022;1726178102083202550
70;0;13;10;10;20;8;705079;1726178102093188313
71;0;13;10;10;20;8;720342;1726178102103225073
72;0;13;10;10;20;8;702255;1726178102113198179
73;0;13;10;10;20;8;731657;1726178102123198426
74;0;13;10;10;20;8;711409;1726178102133194070
75;0;13;10;10;20;8;733766;1726178102143204020
76;0;13;10;10;20;8;960356;1726178102153237839
77;0;13;10;10;20;8;767479;1726178102163194206
78;0;13;10;10;20;8;725594;1726178102173195853
79;0;13;10;10;20;8;776405;1726178102183200785
80;0;13;10;10;20;8;705028;1726178102193193372
81;0;13;10;10;20;8;754126;1726178102203204115
82;0;13;10;10;20;8;710752;1726178102213203416
83;0;13;10;10;20;8;713220;1726178102223200112
84;0;13;10;10;20;8;723152;1726178102233194523
85;0;13;10;10;20;8;731762;1726178102243197484
86;0;13;10;10;20;8;910595;1726178102253218108
87;0;13;10;10;20;8;743132;1726178102263196721
88;0;13;10;10;20;8;752230;1726178102273197684
89;0;13;10;10;20;8;760965;1726178102283207544
90;0;13;10;10;20;8;701010;1726178102293198844
91;0;13;10;10;20;8;740828;1726178102303196886
92;0;13;10;10;20;8;715114;1726178102313198977
93;0;13;10;10;20;8;751347;1726178102323205284
94;0;13;10;10;20;8;712518;1726178102333196615
95;0;13;10;10;20;8;771416;1726178102343205107
96;0;13;10;10;20;8;770687;1726178102353198018
97;0;13;10;10;20;8;789180;1726178102363159126
98;0;13;10;10;20;8;699396;1726178102373180983
99;0;13;10;10;20;8;1003658;1726178102383175746
0;0;14;10;10;20;8;953182;1726178101393365772
1;0;14;10;10;20;8;1026089;1726178101403385381
2;0;14;10;10;20;8;962374;1726178101413406338
3;0;14;10;10;20;8;864671;1726178101423236760
4;0;14;10;10;20;8;863360;1726178101433216511
5;0;14;10;10;20;8;893375;1726178101443194296
6;0;14;10;10;20;8;912293;1726178101453108597
7;0;14;10;10;20;8;881529;1726178101463173463
8;0;14;10;10;20;8;903216;1726178101473174620
9;0;14;10;10;20;8;906997;1726178101483177313
10;0;14;10;10;20;8;883102;1726178101493179709
11;0;14;10;10;20;8;931393;1726178101503187239
12;0;14;10;10;20;8;878652;1726178101513185824
13;0;14;10;10;20;8;910939;1726178101523164728
14;0;14;10;10;20;8;895797;1726178101533174430
15;0;14;10;10;20;8;900984;1726178101543188964
16;0;14;10;10;20;8;1198229;1726178101553213114
17;0;14;10;10;20;8;892542;1726178101563198449
18;0;14;10;10;20;8;868449;1726178101573177356
19;0;14;10;10;20;8;936329;1726178101583174383
20;0;14;10;10;20;8;880638;1726178101593116506
21;0;14;10;10;20;8;923304;1726178101603184550
22;0;14;10;10;20;8;870060;1726178101613183753
23;0;14;10;10;20;8;889840;1726178101623165205
24;0;14;10;10;20;8;872821;1726178101633184729
25;0;14;10;10;20;8;896912;1726178101643187323
26;0;14;10;10;20;8;1084208;1726178101653192684
27;0;14;10;10;20;8;882076;1726178101663180175
28;0;14;10;10;20;8;868518;1726178101673170094
29;0;14;10;10;20;8;907355;1726178101683175950
30;0;14;10;10;20;8;890791;1726178101693171585
31;0;14;10;10;20;8;891598;1726178101703199891
32;0;14;10;10;20;8;865884;1726178101713176728
33;0;14;10;10;20;8;889871;1726178101723178099
34;0;14;10;10;20;8;884376;1726178101733177337
35;0;14;10;10;20;8;922155;1726178101743166770
36;0;14;10;10;20;8;975352;1726178101753227907
37;0;14;10;10;20;8;909994;1726178101763194529
38;0;14;10;10;20;8;846946;1726178101773204756
39;0;14;10;10;20;8;957859;1726178101783187553
40;0;14;10;10;20;8;851908;1726178101793213204
41;0;14;10;10;20;8;870255;1726178101803212306
42;0;14;10;10;20;8;865135;1726178101813203694
43;0;14;10;10;20;8;890178;1726178101823212603
44;0;14;10;10;20;8;849702;1726178101833201291
45;0;14;10;10;20;8;914980;1726178101843210193
46;0;14;10;10;20;8;1097492;1726178101853192308
47;0;14;10;10;20;8;917392;1726178101863188865
48;0;14;10;10;20;8;884661;1726178101873171114
49;0;14;10;10;20;8;911631;1726178101883173526
50;0;14;10;10;20;8;869191;1726178101893168541
51;0;14;10;10;20;8;891200;1726178101903176548
52;0;14;10;10;20;8;868051;1726178101913176057
53;0;14;10;10;20;8;910992;1726178101923161079
54;0;14;10;10;20;8;887246;1726178101933168628
55;0;14;10;10;20;8;903618;1726178101943176818
56;0;14;10;10;20;8;1086585;1726178101953168059
57;0;14;10;10;20;8;903113;1726178101963173652
58;0;14;10;10;20;8;871164;1726178101973188592
59;0;14;10;10;20;8;912686;1726178101983176881
60;0;14;10;10;20;8;887369;1726178101993168947
61;0;14;10;10;20;8;895257;1726178102003182739
62;0;14;10;10;20;8;878188;1726178102013177630
63;0;14;10;10;20;8;916847;1726178102023165825
64;0;14;10;10;20;8;881313;1726178102033189252
65;0;14;10;10;20;8;918061;1726178102043156820
66;0;14;10;10;20;8;1108266;1726178102053229451
67;0;14;10;10;20;8;894515;1726178102063197025
68;0;14;10;10;20;8;846155;1726178102073214879
69;0;14;10;10;20;8;914169;1726178102083213696
70;0;14;10;10;20;8;856086;1726178102093194576
71;0;14;10;10;20;8;866972;1726178102103231596
72;0;14;10;10;20;8;849544;1726178102113203978
73;0;14;10;10;20;8;878470;1726178102123204625
74;0;14;10;10;20;8;860326;1726178102133197613
75;0;14;10;10;20;8;880265;1726178102143210201
76;0;14;10;10;20;8;1113871;1726178102153242287
77;0;14;10;10;20;8;916147;1726178102163197959
78;0;14;10;10;20;8;874058;1726178102173200548
79;0;14;10;10;20;8;924973;1726178102183204658
80;0;14;10;10;20;8;848370;1726178102193205760
81;0;14;10;10;20;8;902862;1726178102203209666
82;0;14;10;10;20;8;857841;1726178102213209103
83;0;14;10;10;20;8;859166;1726178102223206586
84;0;14;10;10;20;8;870999;1726178102233200868
85;0;14;10;10;20;8;877296;1726178102243205100
86;0;14;10;10;20;8;1060393;1726178102253224613
87;0;14;10;10;20;8;891244;1726178102263202429
88;0;14;10;10;20;8;902320;1726178102273201390
89;0;14;10;10;20;8;913273;1726178102283211602
90;0;14;10;10;20;8;847492;1726178102293204979
91;0;14;10;10;20;8;886631;1726178102303204175
92;0;14;10;10;20;8;861414;1726178102313205072
93;0;14;10;10;20;8;900351;1726178102323210867
94;0;14;10;10;20;8;859172;1726178102333202929
95;0;14;10;10;20;8;933490;1726178102343211410
96;0;14;10;10;20;8;922921;1726178102353202226
97;0;14;10;10;20;8;939880;1726178102363166526
98;0;14;10;10;20;8;852119;1726178102373184505
99;0;14;10;10;20;8;1239794;1726178102383180252
0;0;15;10;10;20;8;1099797;1726178101393376077
1;0;15;10;10;20;8;1167232;1726178101403403718
2;0;15;10;10;20;8;1106213;1726178101413420490
3;0;15;10;10;20;8;1012929;1726178101423245261
4;0;15;10;10;20;8;1014836;1726178101433221518
5;0;15;10;10;20;8;1050878;1726178101443197883
6;0;15;10;10;20;8;1068371;1726178101453114996
7;0;15;10;10;20;8;1038302;1726178101463179962
8;0;15;10;10;20;8;1057171;1726178101473182042
9;0;15;10;10;20;8;1064061;1726178101483181931
10;0;15;10;10;20;8;1039947;1726178101493184265
11;0;15;10;10;20;8;1088602;1726178101503192352
12;0;15;10;10;20;8;1030586;1726178101513195264
13;0;15;10;10;20;8;1067984;1726178101523168624
14;0;15;10;10;20;8;1049459;1726178101533180980
15;0;15;10;10;20;8;1052428;1726178101543192913
16;0;15;10;10;20;8;1351470;1726178101553216726
17;0;15;10;10;20;8;1044321;1726178101563204887
18;0;15;10;10;20;8;1023339;1726178101573180717
19;0;15;10;10;20;8;1084713;1726178101583181308
20;0;15;10;10;20;8;1031961;1726178101593120338
21;0;15;10;10;20;8;1073731;1726178101603190824
22;0;15;10;10;20;8;1023525;1726178101613188148
23;0;15;10;10;20;8;1043093;1726178101623169313
24;0;15;10;10;20;8;1020535;1726178101633196201
25;0;15;10;10;20;8;1048460;1726178101643193568
26;0;15;10;10;20;8;1214295;1726178101653220470
27;0;15;10;10;20;8;1031743;1726178101663186785
28;0;15;10;10;20;8;1018925;1726178101673176388
29;0;15;10;10;20;8;1057952;1726178101683181105
30;0;15;10;10;20;8;1039368;1726178101693178236
31;0;15;10;10;20;8;1040589;1726178101703208133
32;0;15;10;10;20;8;1014773;1726178101713183821
33;0;15;10;10;20;8;1039675;1726178101723184097
34;0;15;10;10;20;8;1029606;1726178101733189766
35;0;15;10;10;20;8;1067199;1726178101743173984
36;0;15;10;10;20;8;1126732;1726178101753233496
37;0;15;10;10;20;8;1058945;1726178101763199310
38;0;15;10;10;20;8;995725;1726178101773208436
39;0;15;10;10;20;8;1106387;1726178101783191543
40;0;15;10;10;20;8;999340;1726178101793217557
41;0;15;10;10;20;8;1018791;1726178101803218243
42;0;15;10;10;20;8;1040854;1726178101813210108
43;0;15;10;10;20;8;1036045;1726178101823218585
44;0;15;10;10;20;8;999796;1726178101833204581
45;0;15;10;10;20;8;1067175;1726178101843214141
46;0;15;10;10;20;8;1247965;1726178101853198548
47;0;15;10;10;20;8;1065607;1726178101863197853
48;0;15;10;10;20;8;1032287;1726178101873179888
49;0;15;10;10;20;8;1062347;1726178101883179685
50;0;15;10;10;20;8;1013932;1726178101893180286
51;0;15;10;10;20;8;1044504;1726178101903180478
52;0;15;10;10;20;8;1020869;1726178101913180440
53;0;15;10;10;20;8;1064468;1726178101923164320
54;0;15;10;10;20;8;1038638;1726178101933173056
55;0;15;10;10;20;8;1045563;1726178101943192404
56;0;15;10;10;20;8;1213330;1726178101953197077
57;0;15;10;10;20;8;1054496;1726178101963179571
58;0;15;10;10;20;8;1020398;1726178101973196057
59;0;15;10;10;20;8;1057736;1726178101983188646
60;0;15;10;10;20;8;1041461;1726178101993172387
61;0;15;10;10;20;8;1044849;1726178102003189326
62;0;15;10;10;20;8;1025811;1726178102013187811
63;0;15;10;10;20;8;1071079;1726178102023169431
64;0;15;10;10;20;8;1031510;1726178102033195097
65;0;15;10;10;20;8;1062373;1726178102043164633
66;0;15;10;10;20;8;1254523;1726178102053239976
67;0;15;10;10;20;8;1040927;1726178102063202964
68;0;15;10;10;20;8;995780;1726178102073220748
69;0;15;10;10;20;8;1063991;1726178102083217261
70;0;15;10;10;20;8;1006864;1726178102093200835
71;0;15;10;10;20;8;1012944;1726178102103238920
72;0;15;10;10;20;8;996618;1726178102113211686
73;0;15;10;10;20;8;1020406;1726178102123214957
74;0;15;10;10;20;8;1010343;1726178102133200873
75;0;15;10;10;20;8;1027857;1726178102143216154
76;0;15;10;10;20;8;1262678;1726178102153251049
77;0;15;10;10;20;8;1066037;1726178102163201388
78;0;15;10;10;20;8;1021536;1726178102173206336
79;0;15;10;10;20;8;1070936;1726178102183210783
80;0;15;10;10;20;8;989326;1726178102193220992
81;0;15;10;10;20;8;1044884;1726178102203223978
82;0;15;10;10;20;8;1005186;1726178102213215184
83;0;15;10;10;20;8;1000783;1726178102223217620
84;0;15;10;10;20;8;1015383;1726178102233208717
85;0;15;10;10;20;8;1022570;1726178102243213269
86;0;15;10;10;20;8;1208907;1726178102253232119
87;0;15;10;10;20;8;1038199;1726178102263208705
88;0;15;10;10;20;8;1048986;1726178102273207137
89;0;15;10;10;20;8;1067917;1726178102283215686
90;0;15;10;10;20;8;995936;1726178102293210794
91;0;15;10;10;20;8;1034145;1726178102303208900
92;0;15;10;10;20;8;1006121;1726178102313213201
93;0;15;10;10;20;8;1046728;1726178102323217386
94;0;15;10;10;20;8;1004487;1726178102333210250
95;0;15;10;10;20;8;1084626;1726178102343217945
96;0;15;10;10;20;8;1077178;1726178102353206345
97;0;15;10;10;20;8;1092741;1726178102363170350
98;0;15;10;10;20;8;1006262;1726178102373187853
99;0;15;10;10;20;8;1424419;1726178102383184027
0;0;16;10;10;20;8;1238178;1726178101393395647
1;0;16;10;10;20;8;1302911;1726178101403426806
2;0;16;10;10;20;8;1248599;1726178101413435403
3;0;16;10;10;20;8;1163484;1726178101423251577
4;0;16;10;10;20;8;1165034;1726178101433228626
5;0;16;10;10;20;8;1206392;1726178101443204164
6;0;16;10;10;20;8;1222838;1726178101453121751
7;0;16;10;10;20;8;1190367;1726178101463190319
8;0;16;10;10;20;8;1211755;1726178101473188509
9;0;16;10;10;20;8;1218430;1726178101483188636
10;0;16;10;10;20;8;1194042;1726178101493191863
11;0;16;10;10;20;8;1244194;1726178101503198260
12;0;16;10;10;20;8;1188106;1726178101513199332
13;0;16;10;10;20;8;1224258;1726178101523174815
14;0;16;10;10;20;8;1203800;1726178101533187734
15;0;16;10;10;20;8;1206046;1726178101543196660
16;0;16;10;10;20;8;1485660;1726178101553240070
17;0;16;10;10;20;8;1194521;1726178101563213819
18;0;16;10;10;20;8;1177229;1726178101573184342
19;0;16;10;10;20;8;1236214;1726178101583185801
20;0;16;10;10;20;8;1172978;1726178101593135039
21;0;16;10;10;20;8;1223305;1726178101603197600
22;0;16;10;10;20;8;1175788;1726178101613194154
23;0;16;10;10;20;8;1193778;1726178101623175700
24;0;16;10;10;20;8;1169267;1726178101633203785
25;0;16;10;10;20;8;1197798;1726178101643201934
26;0;16;10;10;20;8;1367983;1726178101653224469
27;0;16;10;10;20;8;1179612;1726178101663195409
28;0;16;10;10;20;8;1165070;1726178101673187529
29;0;16;10;10;20;8;1208140;1726178101683187390
30;0;16;10;10;20;8;1187466;1726178101693185999
31;0;16;10;10;20;8;1186861;1726178101703220080
32;0;16;10;10;20;8;1161703;1726178101713192828
33;0;16;10;10;20;8;1192714;1726178101723187993
34;0;16;10;10;20;8;1183254;1726178101733193697
35;0;16;10;10;20;8;1212818;1726178101743180767
36;0;16;10;10;20;8;1276836;1726178101753239824
37;0;16;10;10;20;8;1207870;1726178101763204741
38;0;16;10;10;20;8;1146010;1726178101773211723
39;0;16;10;10;20;8;1237455;1726178101783214011
40;0;16;10;10;20;8;1148038;1726178101793221459
41;0;16;10;10;20;8;1164780;1726178101803225057
42;0;16;10;10;20;8;1187207;1726178101813216259
43;0;16;10;10;20;8;1182441;1726178101823225265
44;0;16;10;10;20;8;1150051;1726178101833208292
45;0;16;10;10;20;8;1201090;1726178101843235495
46;0;16;10;10;20;8;1395149;1726178101853208005
47;0;16;10;10;20;8;1219520;1726178101863201590
48;0;16;10;10;20;8;1185251;1726178101873184024
49;0;16;10;10;20;8;1212102;1726178101883186422
50;0;16;10;10;20;8;1165946;1726178101893186875
51;0;16;10;10;20;8;1194062;1726178101903187434
52;0;16;10;10;20;8;1167756;1726178101913191090
53;0;16;10;10;20;8;1219092;1726178101923167954
54;0;16;10;10;20;8;1189950;1726178101933179572
55;0;16;10;10;20;8;1199704;1726178101943196770
56;0;16;10;10;20;8;1364900;1726178101953203453
57;0;16;10;10;20;8;1205111;1726178101963186732
58;0;16;10;10;20;8;1172391;1726178101973200943
59;0;16;10;10;20;8;1206228;1726178101983196455
60;0;16;10;10;20;8;1195936;1726178101993175643
61;0;16;10;10;20;8;1195291;1726178102003197080
62;0;16;10;10;20;8;1178536;1726178102013191850
63;0;16;10;10;20;8;1224740;1726178102023172719
64;0;16;10;10;20;8;1182142;1726178102033202135
65;0;16;10;10;20;8;1210603;1726178102043168504
66;0;16;10;10;20;8;1403884;1726178102053248387
67;0;16;10;10;20;8;1185392;1726178102063212474
68;0;16;10;10;20;8;1144461;1726178102073227033
69;0;16;10;10;20;8;1197944;1726178102083236731
70;0;16;10;10;20;8;1158287;1726178102093205960
71;0;16;10;10;20;8;1158287;1726178102103246777
72;0;16;10;10;20;8;1145090;1726178102113217664
73;0;16;10;10;20;8;1166277;1726178102123221262
74;0;16;10;10;20;8;1159047;1726178102133204488
75;0;16;10;10;20;8;1174541;1726178102143222102
76;0;16;10;10;20;8;1413897;1726178102153256370
77;0;16;10;10;20;8;1213103;1726178102163206520
78;0;16;10;10;20;8;1167784;1726178102173213133
79;0;16;10;10;20;8;1215219;1726178102183218347
80;0;16;10;10;20;8;1141074;1726178102193226389
81;0;16;10;10;20;8;1194412;1726178102203228978
82;0;16;10;10;20;8;1148976;1726178102213225753
83;0;16;10;10;20;8;1147094;1726178102223224203
84;0;16;10;10;20;8;1161651;1726178102233214379
85;0;16;10;10;20;8;1171562;1726178102243216836
86;0;16;10;10;20;8;1362467;1726178102253236538
87;0;16;10;10;20;8;1180266;1726178102263218723
88;0;16;10;10;20;8;1184571;1726178102273224247
89;0;16;10;10;20;8;1203213;1726178102283236811
90;0;16;10;10;20;8;1143490;1726178102293217076
91;0;16;10;10;20;8;1180165;1726178102303215102
92;0;16;10;10;20;8;1153202;1726178102313219339
93;0;16;10;10;20;8;1193015;1726178102323223740
94;0;16;10;10;20;8;1153770;1726178102333214960
95;0;16;10;10;20;8;1235900;1726178102343224435
96;0;16;10;10;20;8;1230938;1726178102353210161
97;0;16;10;10;20;8;1244357;1726178102363176520
98;0;16;10;10;20;8;1159100;1726178102373191403
99;0;16;10;10;20;8;1589137;1726178102383187421
0;0;17;10;10;20;8;1384428;1726178101393407596
1;0;17;10;10;20;8;1454047;1726178101403434436
2;0;17;10;10;20;8;1396267;1726178101413446274
3;0;17;10;10;20;8;1313106;1726178101423260388
4;0;17;10;10;20;8;1305828;1726178101433245785
5;0;17;10;10;20;8;1356324;1726178101443215365
6;0;17;10;10;20;8;1378862;1726178101453128010
7;0;17;10;10;20;8;1344207;1726178101463199068
8;0;17;10;10;20;8;1367409;1726178101473194797
9;0;17;10;10;20;8;1367730;1726178101483199512
10;0;17;10;10;20;8;1347601;1726178101493200245
11;0;17;10;10;20;8;1400018;1726178101503203468
12;0;17;10;10;20;8;1341887;1726178101513206487
13;0;17;10;10;20;8;1379308;1726178101523181516
14;0;17;10;10;20;8;1357770;1726178101533194502
15;0;17;10;10;20;8;1359814;1726178101543200280
16;0;17;10;10;20;8;1618057;1726178101553263864
17;0;17;10;10;20;8;1343933;1726178101563222268
18;0;17;10;10;20;8;1333513;1726178101573187678
19;0;17;10;10;20;8;1386368;1726178101583191949
20;0;17;10;10;20;8;1324416;1726178101593139780
21;0;17;10;10;20;8;1372188;1726178101603204046
22;0;17;10;10;20;8;1322625;1726178101613205162
23;0;17;10;10;20;8;1346662;1726178101623182007
24;0;17;10;10;20;8;1318877;1726178101633211645
25;0;17;10;10;20;8;1350956;1726178101643206022
26;0;17;10;10;20;8;1522465;1726178101653228174
27;0;17;10;10;20;8;1331797;1726178101663199506
28;0;17;10;10;20;8;1317095;1726178101673194682
29;0;17;10;10;20;8;1359168;1726178101683193457
30;0;17;10;10;20;8;1340582;1726178101693190007
31;0;17;10;10;20;8;1341153;1726178101703224254
32;0;17;10;10;20;8;1310432;1726178101713200101
33;0;17;10;10;20;8;1343341;1726178101723194771
34;0;17;10;10;20;8;1336550;1726178101733197455
35;0;17;10;10;20;8;1354784;1726178101743192055
36;0;17;10;10;20;8;1427952;1726178101753245776
37;0;17;10;10;20;8;1354495;1726178101763212661
38;0;17;10;10;20;8;1295972;1726178101773215423
39;0;17;10;10;20;8;1369035;1726178101783235959
40;0;17;10;10;20;8;1297551;1726178101793224836
41;0;17;10;10;20;8;1310676;1726178101803231624
42;0;17;10;10;20;8;1334237;1726178101813221068
43;0;17;10;10;20;8;1330330;1726178101823231734
44;0;17;10;10;20;8;1300819;1726178101833211648
45;0;17;10;10;20;8;1352439;1726178101843240036
46;0;17;10;10;20;8;1528232;1726178101853231835
47;0;17;10;10;20;8;1370789;1726178101863207792
48;0;17;10;10;20;8;1334321;1726178101873190043
49;0;17;10;10;20;8;1356612;1726178101883197830
50;0;17;10;10;20;8;1312607;1726178101893198006
51;0;17;10;10;20;8;1344582;1726178101903193739
52;0;17;10;10;20;8;1319590;1726178101913196870
53;0;17;10;10;20;8;1376240;1726178101923171512
54;0;17;10;10;20;8;1339455;1726178101933187017
55;0;17;10;10;20;8;1350809;1726178101943202817
56;0;17;10;10;20;8;1508531;1726178101953217806
57;0;17;10;10;20;8;1359273;1726178101963191512
58;0;17;10;10;20;8;1325084;1726178101973207126
59;0;17;10;10;20;8;1345534;1726178101983215711
60;0;17;10;10;20;8;1350184;1726178101993179232
61;0;17;10;10;20;8;1348372;1726178102003201317
62;0;17;10;10;20;8;1321558;1726178102013206257
63;0;17;10;10;20;8;1379168;1726178102023176357
64;0;17;10;10;20;8;1332681;1726178102033208322
65;0;17;10;10;20;8;1355480;1726178102043175610
66;0;17;10;10;20;8;1554022;1726178102053255897
67;0;17;10;10;20;8;1334348;1726178102063216497
68;0;17;10;10;20;8;1292357;1726178102073233422
69;0;17;10;10;20;8;1346712;1726178102083240673
70;0;17;10;10;20;8;1309769;1726178102093211693
71;0;17;10;10;20;8;1304350;1726178102103254317
72;0;17;10;10;20;8;1292565;1726178102113223608
73;0;17;10;10;20;8;1314671;1726178102123225118
74;0;17;10;10;20;8;1309189;1726178102133207879
75;0;17;10;10;20;8;1319998;1726178102143228568
76;0;17;10;10;20;8;1564357;1726178102153263237
77;0;17;10;10;20;8;1359976;1726178102163212702
78;0;17;10;10;20;8;1316514;1726178102173217162
79;0;17;10;10;20;8;1347311;1726178102183237936
80;0;17;10;10;20;8;1286674;1726178102193236931
81;0;17;10;10;20;8;1342766;1726178102203234546
82;0;17;10;10;20;8;1297182;1726178102213231715
83;0;17;10;10;20;8;1297071;1726178102223228082
84;0;17;10;10;20;8;1308171;1726178102233220680
85;0;17;10;10;20;8;1317499;1726178102243223239
86;0;17;10;10;20;8;1510131;1726178102253246723
87;0;17;10;10;20;8;1325374;1726178102263226204
88;0;17;10;10;20;8;1332272;1726178102273228887
89;0;17;10;10;20;8;1351144;1726178102283244678
90;0;17;10;10;20;8;1291299;1726178102293223398
91;0;17;10;10;20;8;1326139;1726178102303221365
92;0;17;10;10;20;8;1302203;1726178102313223825
93;0;17;10;10;20;8;1340199;1726178102323229904
94;0;17;10;10;20;8;1301362;1726178102333221580
95;0;17;10;10;20;8;1385445;1726178102343231051
96;0;17;10;10;20;8;1378084;1726178102353221924
97;0;17;10;10;20;8;1391609;1726178102363185866
98;0;17;10;10;20;8;1313031;1726178102373194913
99;0;17;10;10;20;8;1780791;1726178102383194206
0;0;18;10;10;20;8;1525919;1726178101393424706
1;0;18;10;10;20;8;1588143;1726178101403458533
2;0;18;10;10;20;8;1537609;1726178101413463861
3;0;18;10;10;20;8;1462857;1726178101423268567
4;0;18;10;10;20;8;1458377;1726178101433251508
5;0;18;10;10;20;8;1509083;1726178101443223235
6;0;18;10;10;20;8;1534327;1726178101453134574
7;0;18;10;10;20;8;1492886;1726178101463213158
8;0;18;10;10;20;8;1518609;1726178101473205267
9;0;18;10;10;20;8;1517612;1726178101483209681
10;0;18;10;10;20;8;1504593;1726178101493204583
11;0;18;10;10;20;8;1555407;1726178101503209596
12;0;18;10;10;20;8;1495608;1726178101513213369
13;0;18;10;10;20;8;1532293;1726178101523188807
14;0;18;10;10;20;8;1513260;1726178101533201018
15;0;18;10;10;20;8;1512865;1726178101543204404
16;0;18;10;10;20;8;1768444;1726178101553270449
17;0;18;10;10;20;8;1494920;1726178101563230087
18;0;18;10;10;20;8;1487586;1726178101573190947
19;0;18;10;10;20;8;1533609;1726178101583201627
20;0;18;10;10;20;8;1476843;1726178101593143695
21;0;18;10;10;20;8;1521827;1726178101603210521
22;0;18;10;10;20;8;1475607;1726178101613209275
23;0;18;10;10;20;8;1488926;1726178101623196983
24;0;18;10;10;20;8;1469654;1726178101633218511
25;0;18;10;10;20;8;1499275;1726178101643214515
26;0;18;10;10;20;8;1663158;1726178101653246041
27;0;18;10;10;20;8;1482435;1726178101663205764
28;0;18;10;10;20;8;1468695;1726178101673200599
29;0;18;10;10;20;8;1512726;1726178101683197221
30;0;18;10;10;20;8;1495253;1726178101693193622
31;0;18;10;10;20;8;1492956;1726178101703230289
32;0;18;10;10;20;8;1460076;1726178101713207455
33;0;18;10;10;20;8;1494301;1726178101723201086
34;0;18;10;10;20;8;1480402;1726178101733210532
35;0;18;10;10;20;8;1503254;1726178101743196045
36;0;18;10;10;20;8;1579036;1726178101753252530
37;0;18;10;10;20;8;1505740;1726178101763216479
38;0;18;10;10;20;8;1446141;1726178101773219322
39;0;18;10;10;20;8;1513821;1726178101783244408
40;0;18;10;10;20;8;1447351;1726178101793228452
41;0;18;10;10;20;8;1451922;1726178101803242136
42;0;18;10;10;20;8;1481071;1726178101813227887
43;0;18;10;10;20;8;1477100;1726178101823238047
44;0;18;10;10;20;8;1450425;1726178101833215455
45;0;18;10;10;20;8;1500242;1726178101843247967
46;0;18;10;10;20;8;1659468;1726178101853257525
47;0;18;10;10;20;8;1523205;1726178101863213678
48;0;18;10;10;20;8;1484893;1726178101873196411
49;0;18;10;10;20;8;1488319;1726178101883222759
50;0;18;10;10;20;8;1467180;1726178101893201982
51;0;18;10;10;20;8;1494983;1726178101903200169
52;0;18;10;10;20;8;1470934;1726178101913203156
53;0;18;10;10;20;8;1530528;1726178101923175232
54;0;18;10;10;20;8;1486511;1726178101933197600
55;0;18;10;10;20;8;1500322;1726178101943211377
56;0;18;10;10;20;8;1660196;1726178101953222748
57;0;18;10;10;20;8;1507363;1726178101963201564
58;0;18;10;10;20;8;1472109;1726178101973218244
59;0;18;10;10;20;8;1497329;1726178101983222086
60;0;18;10;10;20;8;1504897;1726178101993182786
61;0;18;10;10;20;8;1501664;1726178102003205722
62;0;18;10;10;20;8;1474561;1726178102013210893
63;0;18;10;10;20;8;1532490;1726178102023180325
64;0;18;10;10;20;8;1484711;1726178102033215095
65;0;18;10;10;20;8;1501620;1726178102043182114
66;0;18;10;10;20;8;1706474;1726178102053262151
67;0;18;10;10;20;8;1483001;1726178102063220990
68;0;18;10;10;20;8;1439442;1726178102073239618
69;0;18;10;10;20;8;1497051;1726178102083244351
70;0;18;10;10;20;8;1448055;1726178102093230698
71;0;18;10;10;20;8;1447486;1726178102103265966
72;0;18;10;10;20;8;1440394;1726178102113229602
73;0;18;10;10;20;8;1461094;1726178102123231034
74;0;18;10;10;20;8;1458293;1726178102133211608
75;0;18;10;10;20;8;1466075;1726178102143234254
76;0;18;10;10;20;8;1714359;1726178102153270033
77;0;18;10;10;20;8;1506759;1726178102163219577
78;0;18;10;10;20;8;1464162;1726178102173223368
79;0;18;10;10;20;8;1495862;1726178102183241954
80;0;18;10;10;20;8;1436850;1726178102193243859
81;0;18;10;10;20;8;1486912;1726178102203242834
82;0;18;10;10;20;8;1444273;1726178102213237732
83;0;18;10;10;20;8;1444482;1726178102223234436
84;0;18;10;10;20;8;1451847;1726178102233229779
85;0;18;10;10;20;8;1462787;1726178102243230465
86;0;18;10;10;20;8;1661302;1726178102253253456
87;0;18;10;10;20;8;1475137;1726178102263229707
88;0;18;10;10;20;8;1481207;1726178102273232206
89;0;18;10;10;20;8;1501856;1726178102283251298
90;0;18;10;10;20;8;1436575;1726178102293231375
91;0;18;10;10;20;8;1472891;1726178102303227726
92;0;18;10;10;20;8;1449214;1726178102313230050
93;0;18;10;10;20;8;1487468;1726178102323236187
94;0;18;10;10;20;8;1448795;1726178102333228252
95;0;18;10;10;20;8;1536741;1726178102343237542
96;0;18;10;10;20;8;1530503;1726178102353226263
97;0;18;10;10;20;8;1543110;1726178102363191572
98;0;18;10;10;20;8;1466490;1726178102373198163
99;0;18;10;10;20;8;1933332;1726178102383202901
0;0;19;10;10;20;8;1670692;1726178101393438675
1;0;19;10;10;20;8;1737619;1726178101403468922
2;0;19;10;10;20;8;1684936;1726178101413475825
3;0;19;10;10;20;8;1612428;1726178101423276195
4;0;19;10;10;20;8;1605823;1726178101433261854
5;0;19;10;10;20;8;1666872;1726178101443227274
6;0;19;10;10;20;8;1693953;1726178101453140530
7;0;19;10;10;20;8;1646165;1726178101463222199
8;0;19;10;10;20;8;1670638;1726178101473214327
9;0;19;10;10;20;8;1673306;1726178101483215968
10;0;19;10;10;20;8;1662825;1726178101493209076
11;0;19;10;10;20;8;1709514;1726178101503217457
12;0;19;10;10;20;8;1650004;1726178101513221615
13;0;19;10;10;20;8;1687866;1726178101523195071
14;0;19;10;10;20;8;1668654;1726178101533207482
15;0;19;10;10;20;8;1666467;1726178101543208439
16;0;19;10;10;20;8;1919674;1726178101553277057
17;0;19;10;10;20;8;1649491;1726178101563233866
18;0;19;10;10;20;8;1642754;1726178101573194669
19;0;19;10;10;20;8;1667854;1726178101583224795
20;0;19;10;10;20;8;1628805;1726178101593148436
21;0;19;10;10;20;8;1673527;1726178101603217207
22;0;19;10;10;20;8;1629980;1726178101613213197
23;0;19;10;10;20;8;1642211;1726178101623201556
24;0;19;10;10;20;8;1620986;1726178101633224896
25;0;19;10;10;20;8;1652633;1726178101643218911
26;0;19;10;10;20;8;1816813;1726178101653252088
27;0;19;10;10;20;8;1633533;1726178101663212335
28;0;19;10;10;20;8;1620582;1726178101673206912
29;0;19;10;10;20;8;1664676;1726178101683202770
30;0;19;10;10;20;8;1649379;1726178101693197001
31;0;19;10;10;20;8;1644654;1726178101703236723
32;0;19;10;10;20;8;1610921;1726178101713213698
33;0;19;10;10;20;8;1644899;1726178101723207984
34;0;19;10;10;20;8;1632215;1726178101733215453
35;0;19;10;10;20;8;1652574;1726178101743200282
36;0;19;10;10;20;8;1730024;1726178101753258522
37;0;19;10;10;20;8;1657585;1726178101763219761
38;0;19;10;10;20;8;1596869;1726178101773222905
39;0;19;10;10;20;8;1661120;1726178101783251106
40;0;19;10;10;20;8;1596991;1726178101793231789
41;0;19;10;10;20;8;1599918;1726178101803248552
42;0;19;10;10;20;8;1629314;1726178101813234258
43;0;19;10;10;20;8;1625539;1726178101823244093
44;0;19;10;10;20;8;1599757;1726178101833219168
45;0;19;10;10;20;8;1647838;1726178101843256746
46;0;19;10;10;20;8;1808939;1726178101853264925
47;0;19;10;10;20;8;1676295;1726178101863219603
48;0;19;10;10;20;8;1635208;1726178101873203911
49;0;19;10;10;20;8;1638207;1726178101883230222
50;0;19;10;10;20;8;1621764;1726178101893205316
51;0;19;10;10;20;8;1644981;1726178101903207704
52;0;19;10;10;20;8;1621022;1726178101913211368
53;0;19;10;10;20;8;1685613;1726178101923179219
54;0;19;10;10;20;8;1639568;1726178101933203160
55;0;19;10;10;20;8;1652978;1726178101943216444
56;0;19;10;10;20;8;1813822;1726178101953226506
57;0;19;10;10;20;8;1658847;1726178101963208302
58;0;19;10;10;20;8;1621246;1726178101973227675
59;0;19;10;10;20;8;1648051;1726178101983229027
60;0;19;10;10;20;8;1659940;1726178101993186146
61;0;19;10;10;20;8;1653413;1726178102003212112
62;0;19;10;10;20;8;1629582;1726178102013214313
63;0;19;10;10;20;8;1686279;1726178102023184203
64;0;19;10;10;20;8;1635593;1726178102033222179
65;0;19;10;10;20;8;1647531;1726178102043189262
66;0;19;10;10;20;8;1858667;1726178102053268282
67;0;19;10;10;20;8;1631147;1726178102063227149
68;0;19;10;10;20;8;1588610;1726178102073245538
69;0;19;10;10;20;8;1640846;1726178102083254713
70;0;19;10;10;20;8;1597306;1726178102093238673
71;0;19;10;10;20;8;1595922;1726178102103272703
72;0;19;10;10;20;8;1589010;1726178102113235367
73;0;19;10;10;20;8;1608412;1726178102123237463
74;0;19;10;10;20;8;1607385;1726178102133215477
75;0;19;10;10;20;8;1610573;1726178102143243200
76;0;19;10;10;20;8;1854120;1726178102153288032
77;0;19;10;10;20;8;1657822;1726178102163222970
78;0;19;10;10;20;8;1638192;1726178102173230678
79;0;19;10;10;20;8;1625844;1726178102183263910
80;0;19;10;10;20;8;1586987;1726178102193251206
81;0;19;10;10;20;8;1634922;1726178102203250106
82;0;19;10;10;20;8;1595260;1726178102213241937
83;0;19;10;10;20;8;1588354;1726178102223244680
84;0;19;10;10;20;8;1598545;1726178102233237360
85;0;19;10;10;20;8;1607189;1726178102243239734
86;0;19;10;10;20;8;1813459;1726178102253260040
87;0;19;10;10;20;8;1623175;1726178102263235759
88;0;19;10;10;20;8;1631115;1726178102273235313
89;0;19;10;10;20;8;1654943;1726178102283256233
90;0;19;10;10;20;8;1585468;1726178102293237245
91;0;19;10;10;20;8;1621095;1726178102303234111
92;0;19;10;10;20;8;1598262;1726178102313236682
93;0;19;10;10;20;8;1634569;1726178102323242387
94;0;19;10;10;20;8;1611822;1726178102333237793
95;0;19;10;10;20;8;1689300;1726178102343243753
96;0;19;10;10;20;8;1678752;1726178102353234715
97;0;19;10;10;20;8;1696145;1726178102363195955
98;0;19;10;10;20;8;1621870;1726178102373201841
99;0;19;10;10;20;8;2076306;1726178102383221802
0;1;0;10;10;20;8;0;0
1;1;0;10;10;20;8;0;0
2;1;0;10;10;20;8;0;0
3;1;0;10;10;20;8;208508;1726178101423064152
4;1;0;10;10;20;8;0;0
5;1;0;10;10;20;8;0;0
6;1;0;10;10;20;8;0;0
7;1;0;10;10;20;8;0;0
8;1;0;10;10;20;8;0;0
9;1;0;10;10;20;8;0;0
10;1;0;10;10;20;8;0;0
11;1;0;10;10;20;8;0;0
12;1;0;10;10;20;8;0;0
13;1;0;10;10;20;8;0;0
14;1;0;10;10;20;8;0;0
15;1;0;10;10;20;8;0;0
16;1;0;10;10;20;8;309995;1726178101553081473
17;1;0;10;10;20;8;0;0
18;1;0;10;10;20;8;0;0
19;1;0;10;10;20;8;0;0
20;1;0;10;10;20;8;0;0
21;1;0;10;10;20;8;0;0
22;1;0;10;10;20;8;0;0
23;1;0;10;10;20;8;0;0
24;1;0;10;10;20;8;0;0
25;1;0;10;10;20;8;0;0
26;1;0;10;10;20;8;225932;1726178101653082020
27;1;0;10;10;20;8;0;0
28;1;0;10;10;20;8;0;0
29;1;0;10;10;20;8;0;0
30;1;0;10;10;20;8;0;0
31;1;0;10;10;20;8;0;0
32;1;0;10;10;20;8;0;0
33;1;0;10;10;20;8;0;0
34;1;0;10;10;20;8;0;0
35;1;0;10;10;20;8;0;0
36;1;0;10;10;20;8;253859;1726178101753084138
37;1;0;10;10;20;8;0;0
38;1;0;10;10;20;8;0;0
39;1;0;10;10;20;8;0;0
40;1;0;10;10;20;8;0;0
41;1;0;10;10;20;8;0;0
42;1;0;10;10;20;8;0;0
43;1;0;10;10;20;8;0;0
44;1;0;10;10;20;8;0;0
45;1;0;10;10;20;8;0;0
46;1;0;10;10;20;8;0;0
47;1;0;10;10;20;8;0;0
48;1;0;10;10;20;8;0;0
49;1;0;10;10;20;8;0;0
50;1;0;10;10;20;8;0;0
51;1;0;10;10;20;8;0;0
52;1;0;10;10;20;8;0;0
53;1;0;10;10;20;8;0;0
54;1;0;10;10;20;8;0;0
55;1;0;10;10;20;8;0;0
56;1;0;10;10;20;8;210141;1726178101953076814
57;1;0;10;10;20;8;0;0
58;1;0;10;10;20;8;0;0
59;1;0;10;10;20;8;0;0
60;1;0;10;10;20;8;0;0
61;1;0;10;10;20;8;0;0
62;1;0;10;10;20;8;0;0
63;1;0;10;10;20;8;0;0
64;1;0;10;10;20;8;0;0
65;1;0;10;10;20;8;0;0
66;1;0;10;10;20;8;238603;1726178102053085782
67;1;0;10;10;20;8;0;0
68;1;0;10;10;20;8;0;0
69;1;0;10;10;20;8;0;0
70;1;0;10;10;20;8;0;0
71;1;0;10;10;20;8;0;0
72;1;0;10;10;20;8;0;0
73;1;0;10;10;20;8;0;0
74;1;0;10;10;20;8;0;0
75;1;0;10;10;20;8;0;0
76;1;0;10;10;20;8;235991;1726178102153088217
77;1;0;10;10;20;8;0;0
78;1;0;10;10;20;8;0;0
79;1;0;10;10;20;8;0;0
80;1;0;10;10;20;8;0;0
81;1;0;10;10;20;8;0;0
82;1;0;10;10;20;8;0;0
83;1;0;10;10;20;8;0;0
84;1;0;10;10;20;8;0;0
85;1;0;10;10;20;8;0;0
86;1;0;10;10;20;8;227154;1726178102253087152
87;1;0;10;10;20;8;0;0
88;1;0;10;10;20;8;0;0
89;1;0;10;10;20;8;0;0
90;1;0;10;10;20;8;0;0
91;1;0;10;10;20;8;0;0
92;1;0;10;10;20;8;0;0
93;1;0;10;10;20;8;0;0
94;1;0;10;10;20;8;0;0
95;1;0;10;10;20;8;0;0
96;1;0;10;10;20;8;216300;1726178102353077472
97;1;0;10;10;20;8;0;0
98;1;0;10;10;20;8;0;0
99;1;0;10;10;20;8;0;0
0;1;1;10;10;20;8;248043;1726178101393212646
1;1;0;10;10;20;8;0;0
2;1;0;10;10;20;8;0;0
3;1;0;10;10;20;8;0;0
4;1;1;10;10;20;8;170412;1726178101433112343
5;1;0;10;10;20;8;0;0
6;1;0;10;10;20;8;0;0
7;1;0;10;10;20;8;0;0
8;1;0;10;10;20;8;0;0
9;1;0;10;10;20;8;0;0
10;1;0;10;10;20;8;0;0
11;1;0;10;10;20;8;0;0
12;1;0;10;10;20;8;0;0
13;1;0;10;10;20;8;0;0
14;1;0;10;10;20;8;0;0
15;1;0;10;10;20;8;0;0
16;1;0;10;10;20;8;0;0
17;1;0;10;10;20;8;0;0
18;1;0;10;10;20;8;0;0
19;1;0;10;10;20;8;0;0
20;1;0;10;10;20;8;0;0
21;1;0;10;10;20;8;0;0
22;1;0;10;10;20;8;0;0
23;1;0;10;10;20;8;0;0
24;1;0;10;10;20;8;0;0
25;1;0;10;10;20;8;0;0
26;1;0;10;10;20;8;0;0
27;1;0;10;10;20;8;0;0
28;1;0;10;10;20;8;0;0
29;1;0;10;10;20;8;0;0
30;1;0;10;10;20;8;0;0
31;1;0;10;10;20;8;0;0
32;1;0;10;10;20;8;0;0
33;1;0;10;10;20;8;0;0
34;1;0;10;10;20;8;0;0
35;1;0;10;10;20;8;0;0
36;1;0;10;10;20;8;0;0
37;1;0;10;10;20;8;0;0
38;1;0;10;10;20;8;0;0
39;1;0;10;10;20;8;0;0
40;1;0;10;10;20;8;0;0
41;1;0;10;10;20;8;0;0
42;1;0;10;10;20;8;0;0
43;1;0;10;10;20;8;0;0
44;1;0;10;10;20;8;0;0
45;1;0;10;10;20;8;0;0
46;1;0;10;10;20;8;0;0
47;1;0;10;10;20;8;0;0
48;1;0;10;10;20;8;0;0
49;1;0;10;10;20;8;0;0
50;1;0;10;10;20;8;0;0
51;1;0;10;10;20;8;0;0
52;1;0;10;10;20;8;0;0
53;1;0;10;10;20;8;0;0
54;1;0;10;10;20;8;0;0
55;1;0;10;10;20;8;0;0
56;1;0;10;10;20;8;0;0
57;1;0;10;10;20;8;0;0
58;1;0;10;10;20;8;0;0
59;1;0;10;10;20;8;0;0
60;1;0;10;10;20;8;0;0
61;1;0;10;10;20;8;0;0
62;1;0;10;10;20;8;0;0
63;1;0;10;10;20;8;0;0
64;1;0;10;10;20;8;0;0
65;1;0;10;10;20;8;0;0
66;1;0;10;10;20;8;0;0
67;1;0;10;10;20;8;0;0
68;1;0;10;10;20;8;0;0
69;1;0;10;10;20;8;0;0
70;1;0;10;10;20;8;0;0
71;1;0;10;10;20;8;0;0
72;1;0;10;10;20;8;0;0
73;1;0;10;10;20;8;0;0
74;1;0;10;10;20;8;0;0
75;1;0;10;10;20;8;0;0
76;1;0;10;10;20;8;0;0
77;1;0;10;10;20;8;0;0
78;1;0;10;10;20;8;0;0
79;1;0;10;10;20;8;0;0
80;1;0;10;10;20;8;0;0
81;1;0;10;10;20;8;0;0
82;1;0;10;10;20;8;0;0
83;1;0;10;10;20;8;0;0
84;1;0;10;10;20;8;0;0
85;1;0;10;10;20;8;0;0
86;1;0;10;10;20;8;0;0
87;1;0;10;10;20;8;0;0
88;1;0;10;10;20;8;0;0
89;1;0;10;10;20;8;0;0
90;1;0;10;10;20;8;0;0
91;1;0;10;10;20;8;0;0
92;1;0;10;10;20;8;0;0
93;1;0;10;10;20;8;0;0
94;1;0;10;10;20;8;0;0
95;1;0;10;10;20;8;0;0
96;1;0;10;10;20;8;0;0
97;1;0;10;10;20;8;0;0
98;1;0;10;10;20;8;0;0
99;1;0;10;10;20;8;0;0
0;1;0;10;10;20;8;0;0
1;1;0;10;10;20;8;0;0
2;1;0;10;10;20;8;0;0
3;1;0;10;10;20;8;0;0
4;1;0;10;10;20;8;0;0
5;1;0;10;10;20;8;0;0
6;1;0;10;10;20;8;0;0
7;1;0;10;10;20;8;0;0
8;1;0;10;10;20;8;0;0
9;1;0;10;10;20;8;0;0
10;1;0;10;10;20;8;0;0
11;1;0;10;10;20;8;0;0
12;1;0;10;10;20;8;0;0
13;1;0;10;10;20;8;0;0
14;1;0;10;10;20;8;0;0
15;1;0;10;10;20;8;0;0
16;1;0;10;10;20;8;0;0
17;1;0;10;10;20;8;0;0
18;1;0;10;10;20;8;0;0
19;1;0;10;10;20;8;0;0
20;1;0;10;10;20;8;0;0
21;1;0;10;10;20;8;0;0
22;1;0;10;10;20;8;0;0
23;1;0;10;10;20;8;0;0
24;1;0;10;10;20;8;0;0
25;1;0;10;10;20;8;0;0
26;1;0;10;10;20;8;0;0
27;1;0;10;10;20;8;0;0
28;1;0;10;10;20;8;0;0
29;1;0;10;10;20;8;0;0
30;1;0;10;10;20;8;0;0
31;1;0;10;10;20;8;0;0
32;1;0;10;10;20;8;0;0
33;1;0;10;10;20;8;0;0
34;1;0;10;10;20;8;0;0
35;1;0;10;10;20;8;0;0
36;1;0;10;10;20;8;0;0
37;1;0;10;10;20;8;0;0
38;1;0;10;10;20;8;0;0
39;1;0;10;10;20;8;0;0
40;1;0;10;10;20;8;0;0
41;1;0;10;10;20;8;0;0
42;1;0;10;10;20;8;0;0
43;1;0;10;10;20;8;0;0
44;1;0;10;10;20;8;0;0
45;1;0;10;10;20;8;0;0
46;1;0;10;10;20;8;0;0
47;1;0;10;10;20;8;0;0
48;1;0;10;10;20;8;0;0
49;1;0;10;10;20;8;0;0
50;1;0;10;10;20;8;0;0
51;1;0;10;10;20;8;0;0
52;1;0;10;10;20;8;0;0
53;1;0;10;10;20;8;0;0
54;1;0;10;10;20;8;0;0
55;1;0;10;10;20;8;0;0
56;1;0;10;10;20;8;0;0
57;1;0;10;10;20;8;0;0
58;1;0;10;10;20;8;0;0
59;1;0;10;10;20;8;0;0
60;1;0;10;10;20;8;0;0
61;1;0;10;10;20;8;0;0
62;1;0;10;10;20;8;0;0
63;1;0;10;10;20;8;0;0
64;1;0;10;10;20;8;0;0
65;1;0;10;10;20;8;0;0
66;1;0;10;10;20;8;0;0
67;1;0;10;10;20;8;0;0
68;1;0;10;10;20;8;0;0
69;1;0;10;10;20;8;0;0
70;1;0;10;10;20;8;0;0
71;1;0;10;10;20;8;0;0
72;1;0;10;10;20;8;0;0
73;1;0;10;10;20;8;0;0
74;1;0;10;10;20;8;0;0
75;1;0;10;10;20;8;0;0
76;1;0;10;10;20;8;0;0
77;1;0;10;10;20;8;0;0
78;1;0;10;10;20;8;0;0
79;1;0;10;10;20;8;0;0
80;1;0;10;10;20;8;0;0
81;1;0;10;10;20;8;0;0
82;1;0;10;10;20;8;0;0
83;1;0;10;10;20;8;0;0
84;1;0;10;10;20;8;0;0
85;1;0;10;10;20;8;0;0
86;1;0;10;10;20;8;0;0
87;1;0;10;10;20;8;0;0
88;1;0;10;10;20;8;0;0
89;1;0;10;10;20;8;0;0
90;1;0;10;10;20;8;0;0
91;1;0;10;10;20;8;0;0
92;1;0;10;10;20;8;0;0
93;1;0;10;10;20;8;0;0
94;1;0;10;10;20;8;0;0
95;1;0;10;10;20;8;0;0
96;1;0;10;10;20;8;0;0
97;1;0;10;10;20;8;0;0
98;1;0;10;10;20;8;0;0
99;1;0;10;10;20;8;0;0
0;1;0;10;10;20;8;0;0
1;1;0;10;10;20;8;0;0
2;1;3;10;10;20;8;251892;1726178101413245766
3;1;0;10;10;20;8;0;0
4;1;0;10;10;20;8;0;0
5;1;0;10;10;20;8;0;0
6;1;3;10;10;20;8;136097;1726178101453044275
7;1;0;10;10;20;8;0;0
8;1;0;10;10;20;8;0;0
9;1;0;10;10;20;8;0;0
10;1;0;10;10;20;8;0;0
11;1;0;10;10;20;8;0;0
12;1;0;10;10;20;8;0;0
13;1;0;10;10;20;8;0;0
14;1;0;10;10;20;8;0;0
15;1;0;10;10;20;8;0;0
16;1;0;10;10;20;8;0;0
17;1;0;10;10;20;8;0;0
18;1;0;10;10;20;8;0;0
19;1;0;10;10;20;8;0;0
20;1;0;10;10;20;8;0;0
21;1;0;10;10;20;8;0;0
22;1;0;10;10;20;8;0;0
23;1;0;10;10;20;8;0;0
24;1;0;10;10;20;8;0;0
25;1;0;10;10;20;8;0;0
26;1;0;10;10;20;8;0;0
27;1;0;10;10;20;8;0;0
28;1;0;10;10;20;8;0;0
29;1;0;10;10;20;8;0;0
30;1;0;10;10;20;8;0;0
31;1;3;10;10;20;8;149961;1726178101703116407
32;1;0;10;10;20;8;0;0
33;1;0;10;10;20;8;0;0
34;1;0;10;10;20;8;0;0
35;1;0;10;10;20;8;0;0
36;1;0;10;10;20;8;0;0
37;1;0;10;10;20;8;0;0
38;1;0;10;10;20;8;0;0
39;1;0;10;10;20;8;0;0
40;1;3;10;10;20;8;138980;1726178101793139230
41;1;0;10;10;20;8;0;0
42;1;0;10;10;20;8;0;0
43;1;0;10;10;20;8;0;0
44;1;0;10;10;20;8;0;0
45;1;0;10;10;20;8;0;0
46;1;0;10;10;20;8;0;0
47;1;0;10;10;20;8;0;0
48;1;0;10;10;20;8;0;0
49;1;0;10;10;20;8;0;0
50;1;0;10;10;20;8;0;0
51;1;0;10;10;20;8;0;0
52;1;0;10;10;20;8;0;0
53;1;0;10;10;20;8;0;0
54;1;0;10;10;20;8;0;0
55;1;0;10;10;20;8;0;0
56;1;0;10;10;20;8;0;0
57;1;0;10;10;20;8;0;0
58;1;0;10;10;20;8;0;0
59;1;0;10;10;20;8;0;0
60;1;0;10;10;20;8;0;0
61;1;0;10;10;20;8;0;0
62;1;3;10;10;20;8;152515;1726178102013109676
63;1;0;10;10;20;8;0;0
64;1;0;10;10;20;8;0;0
65;1;0;10;10;20;8;0;0
66;1;0;10;10;20;8;0;0
67;1;0;10;10;20;8;0;0
68;1;0;10;10;20;8;0;0
69;1;0;10;10;20;8;0;0
70;1;0;10;10;20;8;0;0
71;1;0;10;10;20;8;0;0
72;1;0;10;10;20;8;0;0
73;1;0;10;10;20;8;0;0
74;1;0;10;10;20;8;0;0
75;1;0;10;10;20;8;0;0
76;1;0;10;10;20;8;0;0
77;1;0;10;10;20;8;0;0
78;1;0;10;10;20;8;0;0
79;1;0;10;10;20;8;0;0
80;1;0;10;10;20;8;0;0
81;1;0;10;10;20;8;0;0
82;1;0;10;10;20;8;0;0
83;1;0;10;10;20;8;0;0
84;1;0;10;10;20;8;0;0
85;1;0;10;10;20;8;0;0
86;1;0;10;10;20;8;0;0
87;1;0;10;10;20;8;0;0
88;1;0;10;10;20;8;0;0
89;1;0;10;10;20;8;0;0
90;1;0;10;10;20;8;0;0
91;1;0;10;10;20;8;0;0
92;1;0;10;10;20;8;0;0
93;1;0;10;10;20;8;0;0
94;1;0;10;10;20;8;0;0
95;1;0;10;10;20;8;0;0
96;1;0;10;10;20;8;0;0
97;1;0;10;10;20;8;0;0
98;1;0;10;10;20;8;0;0
99;1;0;10;10;20;8;0;0
0;1;0;10;10;20;8;0;0
1;1;0;10;10;20;8;0;0
2;1;0;10;10;20;8;0;0
3;1;0;10;10;20;8;0;0
4;1;0;10;10;20;8;0;0
5;1;4;10;10;20;8;154247;1726178101443114903
6;1;0;10;10;20;8;0;0
7;1;0;10;10;20;8;0;0
8;1;0;10;10;20;8;0;0
9;1;4;10;10;20;8;143348;1726178101483112037
10;1;4;10;10;20;8;138129;1726178101493110524
11;1;4;10;10;20;8;160217;1726178101503116526
12;1;4;10;10;20;8;144286;1726178101513112317
13;1;0;10;10;20;8;0;0
14;1;0;10;10;20;8;0;0
15;1;0;10;10;20;8;0;0
16;1;0;10;10;20;8;0;0
17;1;0;10;10;20;8;0;0
18;1;0;10;10;20;8;0;0
19;1;4;10;10;20;8;189901;1726178101583112751
20;1;4;10;10;20;8;146124;1726178101593046934
21;1;0;10;10;20;8;0;0
22;1;4;10;10;20;8;155606;1726178101613112397
23;1;0;10;10;20;8;0;0
24;1;0;10;10;20;8;0;0
25;1;4;10;10;20;8;159236;1726178101643112170
26;1;0;10;10;20;8;0;0
27;1;0;10;10;20;8;0;0
28;1;0;10;10;20;8;0;0
29;1;0;10;10;20;8;0;0
30;1;4;10;10;20;8;158068;1726178101693111910
31;1;0;10;10;20;8;0;0
32;1;0;10;10;20;8;0;0
33;1;0;10;10;20;8;0;0
34;1;4;10;10;20;8;158755;1726178101733115166
35;1;4;10;10;20;8;151371;1726178101743111781
36;1;0;10;10;20;8;0;0
37;1;0;10;10;20;8;0;0
38;1;0;10;10;20;8;0;0
39;1;0;10;10;20;8;0;0
40;1;0;10;10;20;8;0;0
41;1;0;10;10;20;8;0;0
42;1;0;10;10;20;8;0;0
43;1;0;10;10;20;8;0;0
44;1;0;10;10;20;8;0;0
45;1;4;10;10;20;8;140610;1726178101843141490
46;1;0;10;10;20;8;0;0
47;1;0;10;10;20;8;0;0
48;1;4;10;10;20;8;157013;1726178101873110101
49;1;4;10;10;20;8;172850;1726178101883114110
50;1;0;10;10;20;8;0;0
51;1;0;10;10;20;8;0;0
52;1;0;10;10;20;8;0;0
53;1;0;10;10;20;8;0;0
54;1;4;10;10;20;8;157061;1726178101933108735
55;1;0;10;10;20;8;0;0
56;1;0;10;10;20;8;0;0
57;1;0;10;10;20;8;0;0
58;1;0;10;10;20;8;0;0
59;1;4;10;10;20;8;168750;1726178101983112540
60;1;4;10;10;20;8;156925;1726178101993110896
61;1;0;10;10;20;8;0;0
62;1;0;10;10;20;8;0;0
63;1;0;10;10;20;8;0;0
64;1;0;10;10;20;8;0;0
65;1;4;10;10;20;8;154777;1726178102043112186
66;1;0;10;10;20;8;0;0
67;1;0;10;10;20;8;0;0
68;1;0;10;10;20;8;0;0
69;1;4;10;10;20;8;166227;1726178102083139904
70;1;0;10;10;20;8;0;0
71;1;0;10;10;20;8;0;0
72;1;0;10;10;20;8;0;0
73;1;0;10;10;20;8;0;0
74;1;0;10;10;20;8;0;0
75;1;4;10;10;20;8;144678;1726178102143142913
76;1;0;10;10;20;8;0;0
77;1;4;10;10;20;8;144113;1726178102163141084
78;1;4;10;10;20;8;141616;1726178102173141017
79;1;0;10;10;20;8;0;0
80;1;0;10;10;20;8;0;0
81;1;0;10;10;20;8;0;0
82;1;0;10;10;20;8;0;0
83;1;0;10;10;20;8;0;0
84;1;4;10;10;20;8;147928;1726178102233144099
85;1;0;10;10;20;8;0;0
86;1;0;10;10;20;8;0;0
87;1;0;10;10;20;8;0;0
88;1;0;10;10;20;8;0;0
89;1;4;10;10;20;8;162779;1726178102283147355
90;1;0;10;10;20;8;0;0
91;1;0;10;10;20;8;0;0
92;1;4;10;10;20;8;144126;1726178102313143621
93;1;0;10;10;20;8;0;0
94;1;0;10;10;20;8;0;0
95;1;0;10;10;20;8;0;0
96;1;0;10;10;20;8;0;0
97;1;0;10;10;20;8;0;0
98;1;0;10;10;20;8;0;0
99;1;0;10;10;20;8;0;0
0;1;0;10;10;20;8;0;0
1;1;0;10;10;20;8;0;0
2;1;0;10;10;20;8;0;0
3;1;0;10;10;20;8;0;0
4;1;0;10;10;20;8;0;0
5;1;0;10;10;20;8;0;0
6;1;0;10;10;20;8;0;0
7;1;5;10;10;20;8;140884;1726178101463102098
8;1;5;10;10;20;8;158099;1726178101473113932
9;1;0;10;10;20;8;0;0
10;1;0;10;10;20;8;0;0
11;1;0;10;10;20;8;0;0
12;1;0;10;10;20;8;0;0
13;1;0;10;10;20;8;0;0
14;1;5;10;10;20;8;144949;1726178101533120581
15;1;5;10;10;20;8;130038;1726178101543129838
16;1;0;10;10;20;8;0;0
17;1;5;10;10;20;8;140755;1726178101563118365
18;1;5;10;10;20;8;138777;1726178101573115810
19;1;0;10;10;20;8;0;0
20;1;0;10;10;20;8;0;0
21;1;5;10;10;20;8;157167;1726178101603113024
22;1;0;10;10;20;8;0;0
23;1;5;10;10;20;8;139068;1726178101623115984
24;1;5;10;10;20;8;147694;1726178101633119348
25;1;0;10;10;20;8;0;0
26;1;0;10;10;20;8;0;0
27;1;5;10;10;20;8;138300;1726178101663115035
28;1;5;10;10;20;8;138361;1726178101673114022
29;1;5;10;10;20;8;182405;1726178101683112583
30;1;0;10;10;20;8;0;0
31;1;0;10;10;20;8;0;0
32;1;5;10;10;20;8;142290;1726178101713116444
33;1;5;10;10;20;8;146032;1726178101723115497
34;1;0;10;10;20;8;0;0
35;1;0;10;10;20;8;0;0
36;1;0;10;10;20;8;0;0
37;1;5;10;10;20;8;126724;1726178101763146335
38;1;5;10;10;20;8;124203;1726178101773146684
39;1;5;10;10;20;8;160345;1726178101783155994
40;1;0;10;10;20;8;0;0
41;1;5;10;10;20;8;135698;1726178101803151906
42;1;5;10;10;20;8;139833;1726178101813146250
43;1;5;10;10;20;8;137285;1726178101823150838
44;1;5;10;10;20;8;122356;1726178101833150209
45;1;0;10;10;20;8;0;0
46;1;5;10;10;20;8;418089;1726178101853090855
47;1;5;10;10;20;8;138036;1726178101863115038
48;1;0;10;10;20;8;0;0
49;1;0;10;10;20;8;0;0
50;1;5;10;10;20;8;139469;1726178101893114849
51;1;5;10;10;20;8;145955;1726178101903114905
52;1;5;10;10;20;8;139973;1726178101913111809
53;1;0;10;10;20;8;0;0
54;1;0;10;10;20;8;0;0
55;1;5;10;10;20;8;149766;1726178101943116520
56;1;0;10;10;20;8;0;0
57;1;5;10;10;20;8;151399;1726178101963114104
58;1;5;10;10;20;8;150423;1726178101973122096
59;1;0;10;10;20;8;0;0
60;1;0;10;10;20;8;0;0
61;1;5;10;10;20;8;152707;1726178102003120084
62;1;0;10;10;20;8;0;0
63;1;0;10;10;20;8;0;0
64;1;5;10;10;20;8;163104;1726178102033117015
65;1;0;10;10;20;8;0;0
66;1;0;10;10;20;8;0;0
67;1;5;10;10;20;8;129214;1726178102063142004
68;1;5;10;10;20;8;115949;1726178102073158732
69;1;0;10;10;20;8;0;0
70;1;5;10;10;20;8;124917;1726178102093144199
71;1;5;10;10;20;8;101046;1726178102103168628
72;1;5;10;10;20;8;126510;1726178102113144872
73;1;5;10;10;20;8;133129;1726178102123147510
74;1;5;10;10;20;8;118148;1726178102133165532
75;1;0;10;10;20;8;0;0
76;1;0;10;10;20;8;0;0
77;1;0;10;10;20;8;0;0
78;1;0;10;10;20;8;0;0
79;1;5;10;10;20;8;176194;1726178102183147376
80;1;5;10;10;20;8;126070;1726178102193145540
81;1;5;10;10;20;8;121683;1726178102203157867
82;1;5;10;10;20;8;122975;1726178102213149300
83;1;5;10;10;20;8;120009;1726178102223151336
84;1;0;10;10;20;8;0;0
85;1;5;10;10;20;8;141491;1726178102243144260
86;1;0;10;10;20;8;0;0
87;1;5;10;10;20;8;124038;1726178102263148214
88;1;5;10;10;20;8;154329;1726178102273146150
89;1;0;10;10;20;8;0;0
90;1;5;10;10;20;8;120036;1726178102293150083
91;1;5;10;10;20;8;128393;1726178102303150762
92;1;0;10;10;20;8;0;0
93;1;5;10;10;20;8;124224;1726178102323154105
94;1;5;10;10;20;8;125430;1726178102333150584
95;1;0;10;10;20;8;0;0
96;1;0;10;10;20;8;0;0
97;1;5;10;10;20;8;142875;1726178102363114813
98;1;5;10;10;20;8;134603;1726178102373117329
99;1;0;10;10;20;8;0;0
0;1;0;10;10;20;8;0;0
1;1;0;10;10;20;8;0;0
2;1;0;10;10;20;8;0;0
3;1;0;10;10;20;8;0;0
4;1;0;10;10;20;8;0;0
5;1;0;10;10;20;8;0;0
6;1;0;10;10;20;8;0;0
7;1;0;10;10;20;8;0;0
8;1;0;10;10;20;8;0;0
9;1;0;10;10;20;8;0;0
10;1;0;10;10;20;8;0;0
11;1;0;10;10;20;8;0;0
12;1;0;10;10;20;8;0;0
13;1;6;10;10;20;8;158111;1726178101523091201
14;1;0;10;10;20;8;0;0
15;1;0;10;10;20;8;0;0
16;1;0;10;10;20;8;0;0
17;1;0;10;10;20;8;0;0
18;1;0;10;10;20;8;0;0
19;1;0;10;10;20;8;0;0
20;1;0;10;10;20;8;0;0
21;1;0;10;10;20;8;0;0
22;1;0;10;10;20;8;0;0
23;1;0;10;10;20;8;0;0
24;1;0;10;10;20;8;0;0
25;1;0;10;10;20;8;0;0
26;1;0;10;10;20;8;0;0
27;1;0;10;10;20;8;0;0
28;1;0;10;10;20;8;0;0
29;1;0;10;10;20;8;0;0
30;1;0;10;10;20;8;0;0
31;1;0;10;10;20;8;0;0
32;1;0;10;10;20;8;0;0
33;1;0;10;10;20;8;0;0
34;1;0;10;10;20;8;0;0
35;1;0;10;10;20;8;0;0
36;1;0;10;10;20;8;0;0
37;1;0;10;10;20;8;0;0
38;1;0;10;10;20;8;0;0
39;1;0;10;10;20;8;0;0
40;1;0;10;10;20;8;0;0
41;1;0;10;10;20;8;0;0
42;1;0;10;10;20;8;0;0
43;1;0;10;10;20;8;0;0
44;1;0;10;10;20;8;0;0
45;1;0;10;10;20;8;0;0
46;1;0;10;10;20;8;0;0
47;1;0;10;10;20;8;0;0
48;1;0;10;10;20;8;0;0
49;1;0;10;10;20;8;0;0
50;1;0;10;10;20;8;0;0
51;1;0;10;10;20;8;0;0
52;1;0;10;10;20;8;0;0
53;1;0;10;10;20;8;0;0
54;1;0;10;10;20;8;0;0
55;1;0;10;10;20;8;0;0
56;1;0;10;10;20;8;0;0
57;1;0;10;10;20;8;0;0
58;1;0;10;10;20;8;0;0
59;1;0;10;10;20;8;0;0
60;1;0;10;10;20;8;0;0
61;1;0;10;10;20;8;0;0
62;1;0;10;10;20;8;0;0
63;1;0;10;10;20;8;0;0
64;1;0;10;10;20;8;0;0
65;1;0;10;10;20;8;0;0
66;1;0;10;10;20;8;0;0
67;1;0;10;10;20;8;0;0
68;1;0;10;10;20;8;0;0
69;1;0;10;10;20;8;0;0
70;1;0;10;10;20;8;0;0
71;1;0;10;10;20;8;0;0
72;1;0;10;10;20;8;0;0
73;1;0;10;10;20;8;0;0
74;1;0;10;10;20;8;0;0
75;1;0;10;10;20;8;0;0
76;1;0;10;10;20;8;0;0
77;1;0;10;10;20;8;0;0
78;1;0;10;10;20;8;0;0
79;1;0;10;10;20;8;0;0
80;1;0;10;10;20;8;0;0
81;1;0;10;10;20;8;0;0
82;1;0;10;10;20;8;0;0
83;1;0;10;10;20;8;0;0
84;1;0;10;10;20;8;0;0
85;1;0;10;10;20;8;0;0
86;1;0;10;10;20;8;0;0
87;1;0;10;10;20;8;0;0
88;1;0;10;10;20;8;0;0
89;1;0;10;10;20;8;0;0
90;1;0;10;10;20;8;0;0
91;1;0;10;10;20;8;0;0
92;1;0;10;10;20;8;0;0
93;1;0;10;10;20;8;0;0
94;1;0;10;10;20;8;0;0
95;1;6;10;10;20;8;129056;1726178102343167896
96;1;0;10;10;20;8;0;0
97;1;0;10;10;20;8;0;0
98;1;0;10;10;20;8;0;0
99;1;6;10;10;20;8;187677;1726178102383114684
0;1;0;10;10;20;8;0;0
1;1;0;10;10;20;8;0;0
2;1;0;10;10;20;8;0;0
3;1;0;10;10;20;8;0;0
4;1;0;10;10;20;8;0;0
5;1;0;10;10;20;8;0;0
6;1;0;10;10;20;8;0;0
7;1;0;10;10;20;8;0;0
8;1;0;10;10;20;8;0;0
9;1;0;10;10;20;8;0;0
10;1;0;10;10;20;8;0;0
11;1;0;10;10;20;8;0;0
12;1;0;10;10;20;8;0;0
13;1;0;10;10;20;8;0;0
14;1;0;10;10;20;8;0;0
15;1;0;10;10;20;8;0;0
16;1;0;10;10;20;8;0;0
17;1;0;10;10;20;8;0;0
18;1;0;10;10;20;8;0;0
19;1;0;10;10;20;8;0;0
20;1;0;10;10;20;8;0;0
21;1;0;10;10;20;8;0;0
22;1;0;10;10;20;8;0;0
23;1;0;10;10;20;8;0;0
24;1;0;10;10;20;8;0;0
25;1;0;10;10;20;8;0;0
26;1;0;10;10;20;8;0;0
27;1;0;10;10;20;8;0;0
28;1;0;10;10;20;8;0;0
29;1;0;10;10;20;8;0;0
30;1;0;10;10;20;8;0;0
31;1;0;10;10;20;8;0;0
32;1;0;10;10;20;8;0;0
33;1;0;10;10;20;8;0;0
34;1;0;10;10;20;8;0;0
35;1;0;10;10;20;8;0;0
36;1;0;10;10;20;8;0;0
37;1;0;10;10;20;8;0;0
38;1;0;10;10;20;8;0;0
39;1;0;10;10;20;8;0;0
40;1;0;10;10;20;8;0;0
41;1;0;10;10;20;8;0;0
42;1;0;10;10;20;8;0;0
43;1;0;10;10;20;8;0;0
44;1;0;10;10;20;8;0;0
45;1;0;10;10;20;8;0;0
46;1;0;10;10;20;8;0;0
47;1;0;10;10;20;8;0;0
48;1;0;10;10;20;8;0;0
49;1;0;10;10;20;8;0;0
50;1;0;10;10;20;8;0;0
51;1;0;10;10;20;8;0;0
52;1;0;10;10;20;8;0;0
53;1;7;10;10;20;8;149993;1726178101923118903
54;1;0;10;10;20;8;0;0
55;1;0;10;10;20;8;0;0
56;1;0;10;10;20;8;0;0
57;1;0;10;10;20;8;0;0
58;1;0;10;10;20;8;0;0
59;1;0;10;10;20;8;0;0
60;1;0;10;10;20;8;0;0
61;1;0;10;10;20;8;0;0
62;1;0;10;10;20;8;0;0
63;1;0;10;10;20;8;0;0
64;1;0;10;10;20;8;0;0
65;1;0;10;10;20;8;0;0
66;1;0;10;10;20;8;0;0
67;1;0;10;10;20;8;0;0
68;1;0;10;10;20;8;0;0
69;1;0;10;10;20;8;0;0
70;1;0;10;10;20;8;0;0
71;1;0;10;10;20;8;0;0
72;1;0;10;10;20;8;0;0
73;1;0;10;10;20;8;0;0
74;1;0;10;10;20;8;0;0
75;1;0;10;10;20;8;0;0
76;1;0;10;10;20;8;0;0
77;1;0;10;10;20;8;0;0
78;1;0;10;10;20;8;0;0
79;1;0;10;10;20;8;0;0
80;1;0;10;10;20;8;0;0
81;1;0;10;10;20;8;0;0
82;1;0;10;10;20;8;0;0
83;1;0;10;10;20;8;0;0
84;1;0;10;10;20;8;0;0
85;1;0;10;10;20;8;0;0
86;1;0;10;10;20;8;0;0
87;1;0;10;10;20;8;0;0
88;1;0;10;10;20;8;0;0
89;1;0;10;10;20;8;0;0
90;1;0;10;10;20;8;0;0
91;1;0;10;10;20;8;0;0
92;1;0;10;10;20;8;0;0
93;1;0;10;10;20;8;0;0
94;1;0;10;10;20;8;0;0
95;1;0;10;10;20;8;0;0
96;1;0;10;10;20;8;0;0
97;1;0;10;10;20;8;0;0
98;1;0;10;10;20;8;0;0
99;1;0;10;10;20;8;0;0
0;1;0;10;10;20;8;0;0
1;1;0;10;10;20;8;0;0
2;1;0;10;10;20;8;0;0
3;1;0;10;10;20;8;0;0
4;1;0;10;10;20;8;0;0
5;1;0;10;10;20;8;0;0
6;1;0;10;10;20;8;0;0
7;1;0;10;10;20;8;0;0
8;1;0;10;10;20;8;0;0
9;1;0;10;10;20;8;0;0
10;1;0;10;10;20;8;0;0
11;1;0;10;10;20;8;0;0
12;1;0;10;10;20;8;0;0
13;1;0;10;10;20;8;0;0
14;1;0;10;10;20;8;0;0
15;1;0;10;10;20;8;0;0
16;1;8;10;10;20;8;475189;1726178101553147926
17;1;0;10;10;20;8;0;0
18;1;0;10;10;20;8;0;0
19;1;0;10;10;20;8;0;0
20;1;0;10;10;20;8;0;0
21;1;0;10;10;20;8;0;0
22;1;0;10;10;20;8;0;0
23;1;0;10;10;20;8;0;0
24;1;0;10;10;20;8;0;0
25;1;0;10;10;20;8;0;0
26;1;8;10;10;20;8;359937;1726178101653129979
27;1;0;10;10;20;8;0;0
28;1;0;10;10;20;8;0;0
29;1;0;10;10;20;8;0;0
30;1;0;10;10;20;8;0;0
31;1;0;10;10;20;8;0;0
32;1;0;10;10;20;8;0;0
33;1;0;10;10;20;8;0;0
34;1;0;10;10;20;8;0;0
35;1;0;10;10;20;8;0;0
36;1;0;10;10;20;8;0;0
37;1;0;10;10;20;8;0;0
38;1;0;10;10;20;8;0;0
39;1;0;10;10;20;8;0;0
40;1;0;10;10;20;8;0;0
41;1;0;10;10;20;8;0;0
42;1;0;10;10;20;8;0;0
43;1;0;10;10;20;8;0;0
44;1;0;10;10;20;8;0;0
45;1;0;10;10;20;8;0;0
46;1;0;10;10;20;8;0;0
47;1;0;10;10;20;8;0;0
48;1;0;10;10;20;8;0;0
49;1;0;10;10;20;8;0;0
50;1;0;10;10;20;8;0;0
51;1;0;10;10;20;8;0;0
52;1;0;10;10;20;8;0;0
53;1;0;10;10;20;8;0;0
54;1;0;10;10;20;8;0;0
55;1;0;10;10;20;8;0;0
56;1;0;10;10;20;8;0;0
57;1;0;10;10;20;8;0;0
58;1;0;10;10;20;8;0;0
59;1;0;10;10;20;8;0;0
60;1;0;10;10;20;8;0;0
61;1;0;10;10;20;8;0;0
62;1;0;10;10;20;8;0;0
63;1;8;10;10;20;8;141007;1726178102023143707
64;1;0;10;10;20;8;0;0
65;1;0;10;10;20;8;0;0
66;1;0;10;10;20;8;0;0
67;1;0;10;10;20;8;0;0
68;1;0;10;10;20;8;0;0
69;1;0;10;10;20;8;0;0
70;1;0;10;10;20;8;0;0
71;1;0;10;10;20;8;0;0
72;1;0;10;10;20;8;0;0
73;1;0;10;10;20;8;0;0
74;1;0;10;10;20;8;0;0
75;1;0;10;10;20;8;0;0
76;1;0;10;10;20;8;0;0
77;1;0;10;10;20;8;0;0
78;1;0;10;10;20;8;0;0
79;1;0;10;10;20;8;0;0
80;1;0;10;10;20;8;0;0
81;1;0;10;10;20;8;0;0
82;1;0;10;10;20;8;0;0
83;1;0;10;10;20;8;0;0
84;1;0;10;10;20;8;0;0
85;1;0;10;10;20;8;0;0
86;1;0;10;10;20;8;0;0
87;1;0;10;10;20;8;0;0
88;1;0;10;10;20;8;0;0
89;1;0;10;10;20;8;0;0
90;1;0;10;10;20;8;0;0
91;1;0;10;10;20;8;0;0
92;1;0;10;10;20;8;0;0
93;1;0;10;10;20;8;0;0
94;1;0;10;10;20;8;0;0
95;1;0;10;10;20;8;0;0
96;1;0;10;10;20;8;0;0
97;1;0;10;10;20;8;0;0
98;1;0;10;10;20;8;0;0
99;1;0;10;10;20;8;0;0
0;1;0;10;10;20;8;0;0
1;1;0;10;10;20;8;0;0
2;1;0;10;10;20;8;0;0
3;1;0;10;10;20;8;0;0
4;1;0;10;10;20;8;0;0
5;1;0;10;10;20;8;0;0
6;1;0;10;10;20;8;0;0
7;1;0;10;10;20;8;0;0
8;1;0;10;10;20;8;0;0
9;1;0;10;10;20;8;0;0
10;1;0;10;10;20;8;0;0
11;1;0;10;10;20;8;0;0
12;1;0;10;10;20;8;0;0
13;1;0;10;10;20;8;0;0
14;1;0;10;10;20;8;0;0
15;1;0;10;10;20;8;0;0
16;1;0;10;10;20;8;0;0
17;1;0;10;10;20;8;0;0
18;1;0;10;10;20;8;0;0
19;1;0;10;10;20;8;0;0
20;1;0;10;10;20;8;0;0
21;1;0;10;10;20;8;0;0
22;1;0;10;10;20;8;0;0
23;1;0;10;10;20;8;0;0
24;1;0;10;10;20;8;0;0
25;1;0;10;10;20;8;0;0
26;1;0;10;10;20;8;0;0
27;1;0;10;10;20;8;0;0
28;1;0;10;10;20;8;0;0
29;1;0;10;10;20;8;0;0
30;1;0;10;10;20;8;0;0
31;1;0;10;10;20;8;0;0
32;1;0;10;10;20;8;0;0
33;1;0;10;10;20;8;0;0
34;1;0;10;10;20;8;0;0
35;1;0;10;10;20;8;0;0
36;1;0;10;10;20;8;0;0
37;1;0;10;10;20;8;0;0
38;1;0;10;10;20;8;0;0
39;1;0;10;10;20;8;0;0
40;1;0;10;10;20;8;0;0
41;1;0;10;10;20;8;0;0
42;1;0;10;10;20;8;0;0
43;1;0;10;10;20;8;0;0
44;1;0;10;10;20;8;0;0
45;1;0;10;10;20;8;0;0
46;1;0;10;10;20;8;0;0
47;1;0;10;10;20;8;0;0
48;1;0;10;10;20;8;0;0
49;1;0;10;10;20;8;0;0
50;1;0;10;10;20;8;0;0
51;1;0;10;10;20;8;0;0
52;1;0;10;10;20;8;0;0
53;1;0;10;10;20;8;0;0
54;1;0;10;10;20;8;0;0
55;1;0;10;10;20;8;0;0
56;1;0;10;10;20;8;0;0
57;1;0;10;10;20;8;0;0
58;1;0;10;10;20;8;0;0
59;1;0;10;10;20;8;0;0
60;1;0;10;10;20;8;0;0
61;1;0;10;10;20;8;0;0
62;1;0;10;10;20;8;0;0
63;1;0;10;10;20;8;0;0
64;1;0;10;10;20;8;0;0
65;1;0;10;10;20;8;0;0
66;1;9;10;10;20;8;392334;1726178102053170440
67;1;0;10;10;20;8;0;0
68;1;0;10;10;20;8;0;0
69;1;0;10;10;20;8;0;0
70;1;0;10;10;20;8;0;0
71;1;0;10;10;20;8;0;0
72;1;0;10;10;20;8;0;0
73;1;0;10;10;20;8;0;0
74;1;0;10;10;20;8;0;0
75;1;0;10;10;20;8;0;0
76;1;9;10;10;20;8;402094;1726178102153177689
77;1;0;10;10;20;8;0;0
78;1;0;10;10;20;8;0;0
79;1;0;10;10;20;8;0;0
80;1;0;10;10;20;8;0;0
81;1;0;10;10;20;8;0;0
82;1;0;10;10;20;8;0;0
83;1;0;10;10;20;8;0;0
84;1;0;10;10;20;8;0;0
85;1;0;10;10;20;8;0;0
86;1;0;10;10;20;8;0;0
87;1;0;10;10;20;8;0;0
88;1;0;10;10;20;8;0;0
89;1;0;10;10;20;8;0;0
90;1;0;10;10;20;8;0;0
91;1;0;10;10;20;8;0;0
92;1;0;10;10;20;8;0;0
93;1;0;10;10;20;8;0;0
94;1;0;10;10;20;8;0;0
95;1;0;10;10;20;8;0;0
96;1;0;10;10;20;8;0;0
97;1;0;10;10;20;8;0;0
98;1;0;10;10;20;8;0;0
99;1;0;10;10;20;8;0;0
0;1;10;10;10;20;8;381887;1726178101393323332
1;1;10;10;10;20;8;233542;1726178101403338379
2;1;10;10;10;20;8;407629;1726178101413342275
3;1;10;10;10;20;8;270005;1726178101423197303
4;1;10;10;10;20;8;279629;1726178101433182595
5;1;10;10;10;20;8;272701;1726178101443169908
6;1;10;10;10;20;8;273778;1726178101453084326
7;1;10;10;10;20;8;270993;1726178101463143460
8;1;10;10;10;20;8;304158;1726178101473144057
9;1;10;10;10;20;8;283681;1726178101483153260
10;1;10;10;10;20;8;281976;1726178101493148363
11;1;10;10;10;20;8;307666;1726178101503159692
12;1;10;10;10;20;8;275289;1726178101513158328
13;1;10;10;10;20;8;289189;1726178101523134006
14;1;10;10;10;20;8;293735;1726178101533144548
15;1;10;10;10;20;8;259054;1726178101543172922
16;1;10;10;10;20;8;641911;1726178101553155327
17;1;10;10;10;20;8;264223;1726178101563163703
18;1;10;10;10;20;8;267506;1726178101573162484
19;1;10;10;10;20;8;330727;1726178101583147111
20;1;10;10;10;20;8;281499;1726178101593083895
21;1;10;10;10;20;8;287057;1726178101603155050
22;1;10;10;10;20;8;282387;1726178101613155814
23;1;10;10;10;20;8;277162;1726178101623147069
24;1;10;10;10;20;8;284287;1726178101633155962
25;1;10;10;10;20;8;301615;1726178101643153677
26;1;10;10;10;20;8;506194;1726178101653155813
27;1;10;10;10;20;8;262384;1726178101663159130
28;1;10;10;10;20;8;281092;1726178101673143085
29;1;10;10;10;20;8;325355;1726178101683136709
30;1;10;10;10;20;8;309392;1726178101693145102
31;1;10;10;10;20;8;281775;1726178101703175061
32;1;10;10;10;20;8;281123;1726178101713145858
33;1;10;10;10;20;8;290761;1726178101723144966
34;1;10;10;10;20;8;297542;1726178101733149963
35;1;10;10;10;20;8;304299;1726178101743139541
36;1;10;10;10;20;8;408311;1726178101753179002
37;1;10;10;10;20;8;279696;1726178101763171091
38;1;10;10;10;20;8;259112;1726178101773189544
39;1;10;10;10;20;8;326765;1726178101783173382
40;1;10;10;10;20;8;265256;1726178101793198501
41;1;10;10;10;20;8;277282;1726178101803183498
42;1;10;10;10;20;8;292194;1726178101813176980
43;1;10;10;10;20;8;292083;1726178101823190462
44;1;10;10;10;20;8;262215;1726178101833187376
45;1;10;10;10;20;8;280264;1726178101843185754
46;1;10;10;10;20;8;520148;1726178101853157348
47;1;10;10;10;20;8;262105;1726178101863160165
48;1;10;10;10;20;8;296149;1726178101873144915
49;1;10;10;10;20;8;316061;1726178101883145985
50;1;10;10;10;20;8;274318;1726178101893148149
51;1;10;10;10;20;8;286745;1726178101903147615
52;1;10;10;10;20;8;276341;1726178101913147165
53;1;10;10;10;20;8;288816;1726178101923147141
54;1;10;10;10;20;8;290853;1726178101933149037
55;1;10;10;10;20;8;291961;1726178101943150870
56;1;10;10;10;20;8;335380;1726178101953143241
57;1;10;10;10;20;8;292963;1726178101963149816
58;1;10;10;10;20;8;285097;1726178101973159692
59;1;10;10;10;20;8;303893;1726178101983154243
60;1;10;10;10;20;8;286271;1726178101993155034
61;1;10;10;10;20;8;300119;1726178102003154560
62;1;10;10;10;20;8;292495;1726178102013148018
63;1;10;10;10;20;8;299386;1726178102023152069
64;1;10;10;10;20;8;300182;1726178102033157056
65;1;10;10;10;20;8;302465;1726178102043137771
66;1;10;10;10;20;8;551065;1726178102053175842
67;1;10;10;10;20;8;276137;1726178102063172964
68;1;10;10;10;20;8;257337;1726178102073189528
69;1;10;10;10;20;8;303654;1726178102083187694
70;1;10;10;10;20;8;268335;1726178102093169142
71;1;10;10;10;20;8;237950;1726178102103211332
72;1;10;10;10;20;8;262575;1726178102113176743
73;1;10;10;10;20;8;284377;1726178102123180224
74;1;10;10;10;20;8;277079;1726178102133183764
75;1;10;10;10;20;8;281445;1726178102143180914
76;1;10;10;10;20;8;555405;1726178102153187384
77;1;10;10;10;20;8;293683;1726178102163176200
78;1;10;10;10;20;8;295140;1726178102173177170
79;1;10;10;10;20;8;320616;1726178102183174923
80;1;10;10;10;20;8;264268;1726178102193176823
81;1;10;10;10;20;8;288956;1726178102203183462
82;1;10;10;10;20;8;273502;1726178102213181014
83;1;10;10;10;20;8;268598;1726178102223181298
84;1;10;10;10;20;8;292214;1726178102233179617
85;1;10;10;10;20;8;277896;1726178102243179762
86;1;10;10;10;20;8;327306;1726178102253181576
87;1;10;10;10;20;8;262953;1726178102263178061
88;1;10;10;10;20;8;327328;1726178102273176744
89;1;10;10;10;20;8;305590;1726178102283187913
90;1;10;10;10;20;8;271285;1726178102293178498
91;1;10;10;10;20;8;295083;1726178102303179633
92;1;10;10;10;20;8;289206;1726178102313180383
93;1;10;10;10;20;8;264392;1726178102323187530
94;1;10;10;10;20;8;264728;1726178102333178615
95;1;10;10;10;20;8;295710;1726178102343187588
96;1;10;10;10;20;8;361581;1726178102353145630
97;1;10;10;10;20;8;291625;1726178102363140483
98;1;10;10;10;20;8;262743;1726178102373158562
99;1;10;10;10;20;8;396107;1726178102383144510
0;1;11;10;10;20;8;532127;1726178101393332010
1;1;11;10;10;20;8;436505;1726178101403352636
2;1;11;10;10;20;8;556407;1726178101413354727
3;1;11;10;10;20;8;420385;1726178101423206659
4;1;11;10;10;20;8;430751;1726178101433192032
5;1;11;10;10;20;8;425882;1726178101443176692
6;1;11;10;10;20;8;430570;1726178101453091595
7;1;11;10;10;20;8;426465;1726178101463150813
8;1;11;10;10;20;8;454132;1726178101473157072
9;1;11;10;10;20;8;441612;1726178101483158272
10;1;11;10;10;20;8;440190;1726178101493153863
11;1;11;10;10;20;8;464598;1726178101503166253
12;1;11;10;10;20;8;430552;1726178101513166296
13;1;11;10;10;20;8;444422;1726178101523140722
14;1;11;10;10;20;8;450799;1726178101533152711
15;1;11;10;10;20;8;416939;1726178101543177771
16;1;11;10;10;20;8;780909;1726178101553173317
17;1;11;10;10;20;8;415686;1726178101563171382
18;1;11;10;10;20;8;422130;1726178101573166908
19;1;11;10;10;20;8;485674;1726178101583151474
20;1;11;10;10;20;8;433539;1726178101593091424
21;1;11;10;10;20;8;440258;1726178101603162160
22;1;11;10;10;20;8;434400;1726178101613162717
23;1;11;10;10;20;8;432335;1726178101623150364
24;1;11;10;10;20;8;433824;1726178101633165392
25;1;11;10;10;20;8;447010;1726178101643166885
26;1;11;10;10;20;8;639529;1726178101653180211
27;1;11;10;10;20;8;417586;1726178101663162644
28;1;11;10;10;20;8;434585;1726178101673148925
29;1;11;10;10;20;8;479999;1726178101683140247
30;1;11;10;10;20;8;462822;1726178101693149229
31;1;11;10;10;20;8;428772;1726178101703187616
32;1;11;10;10;20;8;433135;1726178101713152392
33;1;11;10;10;20;8;442774;1726178101723152763
34;1;11;10;10;20;8;450647;1726178101733154707
35;1;11;10;10;20;8;460011;1726178101743143074
36;1;11;10;10;20;8;561587;1726178101753185336
37;1;11;10;10;20;8;431587;1726178101763174983
38;1;11;10;10;20;8;410413;1726178101773194280
39;1;11;10;10;20;8;479214;1726178101783176591
40;1;11;10;10;20;8;415898;1726178101793203104
41;1;11;10;10;20;8;434170;1726178101803194759
42;1;11;10;10;20;8;441159;1726178101813183230
43;1;11;10;10;20;8;443417;1726178101823194699
44;1;11;10;10;20;8;413575;1726178101833190863
45;1;11;10;10;20;8;431243;1726178101843190310
46;1;11;10;10;20;8;668681;1726178101853166241
47;1;11;10;10;20;8;415041;1726178101863166665
48;1;11;10;10;20;8;450747;1726178101873148318
49;1;11;10;10;20;8;465340;1726178101883155748
50;1;11;10;10;20;8;428449;1726178101893152518
51;1;11;10;10;20;8;442559;1726178101903150999
52;1;11;10;10;20;8;433457;1726178101913150960
53;1;11;10;10;20;8;445696;1726178101923150262
54;1;11;10;10;20;8;446978;1726178101933152379
55;1;11;10;10;20;8;449118;1726178101943154286
56;1;11;10;10;20;8;488339;1726178101953152621
57;1;11;10;10;20;8;445274;1726178101963156861
58;1;11;10;10;20;8;436678;1726178101973166809
59;1;11;10;10;20;8;457986;1726178101983159242
60;1;11;10;10;20;8;441884;1726178101993158340
61;1;11;10;10;20;8;442677;1726178102003170871
62;1;11;10;10;20;8;443406;1726178102013156365
63;1;11;10;10;20;8;455811;1726178102023155230
64;1;11;10;10;20;8;448304;1726178102033167035
65;1;11;10;10;20;8;458155;1726178102043141239
66;1;11;10;10;20;8;702794;1726178102053182287
67;1;11;10;10;20;8;426886;1726178102063176970
68;1;11;10;10;20;8;419879;1726178102073195719
69;1;11;10;10;20;8;455449;1726178102083191764
70;1;11;10;10;20;8;420429;1726178102093175658
71;1;11;10;10;20;8;390250;1726178102103215580
72;1;11;10;10;20;8;421276;1726178102113187101
73;1;11;10;10;20;8;434385;1726178102123186356
74;1;11;10;10;20;8;428229;1726178102133187269
75;1;11;10;10;20;8;437681;1726178102143191570
76;1;11;10;10;20;8;684881;1726178102153215638
77;1;11;10;10;20;8;445874;1726178102163179804
78;1;11;10;10;20;8;444288;1726178102173183215
79;1;11;10;10;20;8;467555;1726178102183185434
80;1;11;10;10;20;8;419052;1726178102193181048
81;1;11;10;10;20;8;440208;1726178102203189561
82;1;11;10;10;20;8;436075;1726178102213185906
83;1;11;10;10;20;8;419581;1726178102223185783
84;1;11;10;10;20;8;443202;1726178102233183768
85;1;11;10;10;20;8;437861;1726178102243187277
86;1;11;10;10;20;8;485064;1726178102253186063
87;1;11;10;10;20;8;423405;1726178102263183940
88;1;11;10;10;20;8;475881;1726178102273183357
89;1;11;10;10;20;8;460366;1726178102283191761
90;1;11;10;10;20;8;420891;1726178102293184614
91;1;11;10;10;20;8;444200;1726178102303185596
92;1;11;10;10;20;8;435048;1726178102313188072
93;1;11;10;10;20;8;428283;1726178102323192258
94;1;11;10;10;20;8;414798;1726178102333188712
95;1;11;10;10;20;8;445792;1726178102343194579
96;1;11;10;10;20;8;516023;1726178102353152715
97;1;11;10;10;20;8;447358;1726178102363143680
98;1;11;10;10;20;8;407282;1726178102373173269
99;1;11;10;10;20;8;642518;1726178102383152599
0;1;12;10;10;20;8;674949;1726178101393345922
1;1;12;10;10;20;8;587036;1726178101403363582
2;1;12;10;10;20;8;701355;1726178101413367811
3;1;12;10;10;20;8;587722;1726178101423215062
4;1;12;10;10;20;8;583937;1726178101433196449
5;1;12;10;10;20;8;595445;1726178101443180365
6;1;12;10;10;20;8;589957;1726178101453095431
7;1;12;10;10;20;8;585187;1726178101463161126
8;1;12;10;10;20;8;612195;1726178101473160913
9;1;12;10;10;20;8;612589;1726178101483164691
10;1;12;10;10;20;8;594387;1726178101493161816
11;1;12;10;10;20;8;638643;1726178101503173459
12;1;12;10;10;20;8;586323;1726178101513171635
13;1;12;10;10;20;8;619996;1726178101523147579
14;1;12;10;10;20;8;604188;1726178101533160765
15;1;12;10;10;20;8;589949;1726178101543181324
16;1;12;10;10;20;8;909691;1726178101553202013
17;1;12;10;10;20;8;590811;1726178101563185169
18;1;12;10;10;20;8;576977;1726178101573170356
19;1;12;10;10;20;8;657363;1726178101583156604
20;1;12;10;10;20;8;591107;1726178101593103867
21;1;12;10;10;20;8;638728;1726178101603168908
22;1;12;10;10;20;8;584552;1726178101613170005
23;1;12;10;10;20;8;602402;1726178101623153736
24;1;12;10;10;20;8;587489;1726178101633170504
25;1;12;10;10;20;8;611283;1726178101643174951
26;1;12;10;10;20;8;793035;1726178101653185566
27;1;12;10;10;20;8;591735;1726178101663168678
28;1;12;10;10;20;8;584437;1726178101673157209
29;1;12;10;10;20;8;623622;1726178101683161615
30;1;12;10;10;20;8;608473;1726178101693159661
31;1;12;10;10;20;8;597751;1726178101703192433
32;1;12;10;10;20;8;583628;1726178101713160860
33;1;12;10;10;20;8;605410;1726178101723163399
34;1;12;10;10;20;8;599278;1726178101733163141
35;1;12;10;10;20;8;623767;1726178101743154633
36;1;12;10;10;20;8;713176;1726178101753191418
37;1;12;10;10;20;8;624705;1726178101763185007
38;1;12;10;10;20;8;562356;1726178101773198032
39;1;12;10;10;20;8;675067;1726178101783180168
40;1;12;10;10;20;8;567631;1726178101793206465
41;1;12;10;10;20;8;586350;1726178101803204605
42;1;12;10;10;20;8;587941;1726178101813190108
43;1;12;10;10;20;8;614132;1726178101823201959
44;1;12;10;10;20;8;564842;1726178101833194102
45;1;12;10;10;20;8;622486;1726178101843196048
46;1;12;10;10;20;8;818223;1726178101853173916
47;1;12;10;10;20;8;634699;1726178101863172627
48;1;12;10;10;20;8;606345;1726178101873151664
49;1;12;10;10;20;8;624207;1726178101883162644
50;1;12;10;10;20;8;582760;1726178101893156590
51;1;12;10;10;20;8;613421;1726178101903154335
52;1;12;10;10;20;8;584453;1726178101913159244
53;1;12;10;10;20;8;616772;1726178101923154217
54;1;12;10;10;20;8;600985;1726178101933156404
55;1;12;10;10;20;8;620709;1726178101943157683
56;1;12;10;10;20;8;642148;1726178101953156368
57;1;12;10;10;20;8;610703;1726178101963166122
58;1;12;10;10;20;8;587860;1726178101973173075
59;1;12;10;10;20;8;625099;1726178101983166383
60;1;12;10;10;20;8;594288;1726178101993162107
61;1;12;10;10;20;8;602943;1726178102003175437
62;1;12;10;10;20;8;593789;1726178102013163426
63;1;12;10;10;20;8;625987;1726178102023158993
64;1;12;10;10;20;8;596242;1726178102033176509
65;1;12;10;10;20;8;619839;1726178102043144529
66;1;12;10;10;20;8;826657;1726178102053215189
67;1;12;10;10;20;8;616403;1726178102063184366
68;1;12;10;10;20;8;568497;1726178102073202112
69;1;12;10;10;20;8;640686;1726178102083196092
70;1;12;10;10;20;8;570841;1726178102093182339
71;1;12;10;10;20;8;586790;1726178102103219469
72;1;12;10;10;20;8;571218;1726178102113191661
73;1;12;10;10;20;8;597741;1726178102123193844
74;1;12;10;10;20;8;578486;1726178102133190502
75;1;12;10;10;20;8;602612;1726178102143197512
76;1;12;10;10;20;8;832315;1726178102153225316
77;1;12;10;10;20;8;638084;1726178102163185932
78;1;12;10;10;20;8;593300;1726178102173189235
79;1;12;10;10;20;8;647193;1726178102183193031
80;1;12;10;10;20;8;569497;1726178102193188640
81;1;12;10;10;20;8;620058;1726178102203199859
82;1;12;10;10;20;8;583772;1726178102213192017
83;1;12;10;10;20;8;581156;1726178102223193604
84;1;12;10;10;20;8;592407;1726178102233187784
85;1;12;10;10;20;8;600960;1726178102243191129
86;1;12;10;10;20;8;639835;1726178102253189819
87;1;12;10;10;20;8;612402;1726178102263190577
88;1;12;10;10;20;8;623253;1726178102273189344
89;1;12;10;10;20;8;631397;1726178102283197450
90;1;12;10;10;20;8;566962;1726178102293194652
91;1;12;10;10;20;8;610173;1726178102303190366
92;1;12;10;10;20;8;583801;1726178102313192621
93;1;12;10;10;20;8;619424;1726178102323198369
94;1;12;10;10;20;8;578490;1726178102333192718
95;1;12;10;10;20;8;639388;1726178102343199205
96;1;12;10;10;20;8;666839;1726178102353160281
97;1;12;10;10;20;8;650579;1726178102363154941
98;1;12;10;10;20;8;560983;1726178102373177584
99;1;12;10;10;20;8;854662;1726178102383161734
0;1;13;10;10;20;8;821652;1726178101393356014
1;1;13;10;10;20;8;736543;1726178101403373613
2;1;13;10;10;20;8;845956;1726178101413380581
3;1;13;10;10;20;8;735542;1726178101423224781
4;1;13;10;10;20;8;734929;1726178101433203197
5;1;13;10;10;20;8;744979;1726178101443188345
6;1;13;10;10;20;8;767412;1726178101453101983
7;1;13;10;10;20;8;742040;1726178101463167385
8;1;13;10;10;20;8;765753;1726178101473168316
9;1;13;10;10;20;8;766752;1726178101483173099
10;1;13;10;10;20;8;749379;1726178101493168165
11;1;13;10;10;20;8;793718;1726178101503180216
12;1;13;10;10;20;8;740908;1726178101513178558
13;1;13;10;10;20;8;776690;1726178101523153995
14;1;13;10;10;20;8;758532;1726178101533167925
15;1;13;10;10;20;8;748569;1726178101543185201
16;1;13;10;10;20;8;1061521;1726178101553209054
17;1;13;10;10;20;8;755332;1726178101563192946
18;1;13;10;10;20;8;730748;1726178101573173788
19;1;13;10;10;20;8;806593;1726178101583163739
20;1;13;10;10;20;8;744488;1726178101593112833
21;1;13;10;10;20;8;788368;1726178101603177836
22;1;13;10;10;20;8;732347;1726178101613179807
23;1;13;10;10;20;8;756828;1726178101623157138
24;1;13;10;10;20;8;737923;1726178101633178696
25;1;13;10;10;20;8;762141;1726178101643181509
26;1;13;10;10;20;8;946413;1726178101653189321
27;1;13;10;10;20;8;745296;1726178101663175423
28;1;13;10;10;20;8;731431;1726178101673166266
29;1;13;10;10;20;8;772254;1726178101683169514
30;1;13;10;10;20;8;756487;1726178101693166778
31;1;13;10;10;20;8;752930;1726178101703196259
32;1;13;10;10;20;8;731938;1726178101713169913
33;1;13;10;10;20;8;752744;1726178101723174128
34;1;13;10;10;20;8;750853;1726178101733169726
35;1;13;10;10;20;8;773341;1726178101743162830
36;1;13;10;10;20;8;840502;1726178101753221793
37;1;13;10;10;20;8;776913;1726178101763188704
38;1;13;10;10;20;8;713104;1726178101773201433
39;1;13;10;10;20;8;823655;1726178101783183976
40;1;13;10;10;20;8;717601;1726178101793209553
41;1;13;10;10;20;8;736113;1726178101803208759
42;1;13;10;10;20;8;735084;1726178101813196327
43;1;13;10;10;20;8;758882;1726178101823208711
44;1;13;10;10;20;8;715558;1726178101833197688
45;1;13;10;10;20;8;765760;1726178101843206616
46;1;13;10;10;20;8;964276;1726178101853185099
47;1;13;10;10;20;8;782223;1726178101863183951
48;1;13;10;10;20;8;751046;1726178101873163581
49;1;13;10;10;20;8;778078;1726178101883166444
50;1;13;10;10;20;8;736742;1726178101893160079
51;1;13;10;10;20;8;760451;1726178101903165906
52;1;13;10;10;20;8;735813;1726178101913166108
53;1;13;10;10;20;8;772898;1726178101923157504
54;1;13;10;10;20;8;755057;1726178101933160221
55;1;13;10;10;20;8;767002;1726178101943171650
56;1;13;10;10;20;8;792796;1726178101953163780
57;1;13;10;10;20;8;765732;1726178101963170142
58;1;13;10;10;20;8;733870;1726178101973184375
59;1;13;10;10;20;8;778166;1726178101983170384
60;1;13;10;10;20;8;749022;1726178101993165403
61;1;13;10;10;20;8;757349;1726178102003179198
62;1;13;10;10;20;8;743335;1726178102013171140
63;1;13;10;10;20;8;779541;1726178102023162210
64;1;13;10;10;20;8;746489;1726178102033183172
65;1;13;10;10;20;8;769781;1726178102043152543
66;1;13;10;10;20;8;974443;1726178102053223660
67;1;13;10;10;20;8;763253;1726178102063191042
68;1;13;10;10;20;8;715379;1726178102073208528
69;1;13;10;10;20;8;787564;1726178102083202550
70;1;13;10;10;20;8;720877;1726178102093188313
71;1;13;10;10;20;8;736183;1726178102103225073
72;1;13;10;10;20;8;718052;1726178102113198179
73;1;13;10;10;20;8;747264;1726178102123198426
74;1;13;10;10;20;8;727010;1726178102133194070
75;1;13;10;10;20;8;749401;1726178102143204020
76;1;13;10;10;20;8;976481;1726178102153237839
77;1;13;10;10;20;8;783204;1726178102163194206
78;1;13;10;10;20;8;741266;1726178102173195853
79;1;13;10;10;20;8;791766;1726178102183200785
80;1;13;10;10;20;8;720797;1726178102193193372
81;1;13;10;10;20;8;769956;1726178102203204115
82;1;13;10;10;20;8;726497;1726178102213203416
83;1;13;10;10;20;8;728605;1726178102223200112
84;1;13;10;10;20;8;738674;1726178102233194523
85;1;13;10;10;20;8;747393;1726178102243197484
86;1;13;10;10;20;8;769398;1726178102253218108
87;1;13;10;10;20;8;758877;1726178102263196721
88;1;13;10;10;20;8;767644;1726178102273197684
89;1;13;10;10;20;8;776849;1726178102283207544
90;1;13;10;10;20;8;716308;1726178102293198844
91;1;13;10;10;20;8;756500;1726178102303196886
92;1;13;10;10;20;8;730811;1726178102313198977
93;1;13;10;10;20;8;767125;1726178102323205284
94;1;13;10;10;20;8;728062;1726178102333196615
95;1;13;10;10;20;8;787081;1726178102343205107
96;1;13;10;10;20;8;786629;1726178102353198018
97;1;13;10;10;20;8;805413;1726178102363159126
98;1;13;10;10;20;8;715163;1726178102373180983
99;1;13;10;10;20;8;1019813;1726178102383175746
0;1;14;10;10;20;8;968855;1726178101393365772
1;1;14;10;10;20;8;883080;1726178101403385381
2;1;14;10;10;20;8;978288;1726178101413406338
3;1;14;10;10;20;8;880814;1726178101423236760
4;1;14;10;10;20;8;879229;1726178101433216511
5;1;14;10;10;20;8;909905;1726178101443194296
6;1;14;10;10;20;8;930023;1726178101453108597
7;1;14;10;10;20;8;898105;1726178101463173463
8;1;14;10;10;20;8;919495;1726178101473174620
9;1;14;10;10;20;8;923496;1726178101483177313
10;1;14;10;10;20;8;899460;1726178101493179709
11;1;14;10;10;20;8;948004;1726178101503187239
12;1;14;10;10;20;8;895399;1726178101513185824
13;1;14;10;10;20;8;927074;1726178101523164728
14;1;14;10;10;20;8;912307;1726178101533174430
15;1;14;10;10;20;8;916485;1726178101543188964
16;1;14;10;10;20;8;1213961;1726178101553213114
17;1;14;10;10;20;8;908583;1726178101563198449
18;1;14;10;10;20;8;884659;1726178101573177356
19;1;14;10;10;20;8;951958;1726178101583174383
20;1;14;10;10;20;8;896495;1726178101593116506
21;1;14;10;10;20;8;939536;1726178101603184550
22;1;14;10;10;20;8;886258;1726178101613183753
23;1;14;10;10;20;8;905890;1726178101623165205
24;1;14;10;10;20;8;888877;1726178101633184729
25;1;14;10;10;20;8;913114;1726178101643187323
26;1;14;10;10;20;8;1100213;1726178101653192684
27;1;14;10;10;20;8;897975;1726178101663180175
28;1;14;10;10;20;8;884615;1726178101673170094
29;1;14;10;10;20;8;923155;1726178101683175950
30;1;14;10;10;20;8;906666;1726178101693171585
31;1;14;10;10;20;8;907581;1726178101703199891
32;1;14;10;10;20;8;881634;1726178101713176728
33;1;14;10;10;20;8;905623;1726178101723178099
34;1;14;10;10;20;8;900550;1726178101733177337
35;1;14;10;10;20;8;937660;1726178101743166770
36;1;14;10;10;20;8;991523;1726178101753227907
37;1;14;10;10;20;8;925636;1726178101763194529
38;1;14;10;10;20;8;862553;1726178101773204756
39;1;14;10;10;20;8;973177;1726178101783187553
40;1;14;10;10;20;8;867382;1726178101793213204
41;1;14;10;10;20;8;886151;1726178101803212306
42;1;14;10;10;20;8;880945;1726178101813203694
43;1;14;10;10;20;8;905509;1726178101823212603
44;1;14;10;10;20;8;865139;1726178101833201291
45;1;14;10;10;20;8;930593;1726178101843210193
46;1;14;10;10;20;8;1113104;1726178101853192308
47;1;14;10;10;20;8;933285;1726178101863188865
48;1;14;10;10;20;8;900552;1726178101873171114
49;1;14;10;10;20;8;927617;1726178101883173526
50;1;14;10;10;20;8;885150;1726178101893168541
51;1;14;10;10;20;8;907459;1726178101903176548
52;1;14;10;10;20;8;883998;1726178101913176057
53;1;14;10;10;20;8;926998;1726178101923161079
54;1;14;10;10;20;8;903253;1726178101933168628
55;1;14;10;10;20;8;919877;1726178101943176818
56;1;14;10;10;20;8;945751;1726178101953168059
57;1;14;10;10;20;8;919087;1726178101963173652
58;1;14;10;10;20;8;887049;1726178101973188592
59;1;14;10;10;20;8;928703;1726178101983176881
60;1;14;10;10;20;8;903305;1726178101993168947
61;1;14;10;10;20;8;911199;1726178102003182739
62;1;14;10;10;20;8;894291;1726178102013177630
63;1;14;10;10;20;8;933118;1726178102023165825
64;1;14;10;10;20;8;897106;1726178102033189252
65;1;14;10;10;20;8;933541;1726178102043156820
66;1;14;10;10;20;8;1124314;1726178102053229451
67;1;14;10;10;20;8;910150;1726178102063197025
68;1;14;10;10;20;8;862073;1726178102073214879
69;1;14;10;10;20;8;929874;1726178102083213696
70;1;14;10;10;20;8;871944;1726178102093194576
71;1;14;10;10;20;8;882416;1726178102103231596
72;1;14;10;10;20;8;865083;1726178102113203978
73;1;14;10;10;20;8;894188;1726178102123204625
74;1;14;10;10;20;8;876093;1726178102133197613
75;1;14;10;10;20;8;895787;1726178102143210201
76;1;14;10;10;20;8;1129821;1726178102153242287
77;1;14;10;10;20;8;931881;1726178102163197959
78;1;14;10;10;20;8;889455;1726178102173200548
79;1;14;10;10;20;8;940711;1726178102183204658
80;1;14;10;10;20;8;864320;1726178102193205760
81;1;14;10;10;20;8;918819;1726178102203209666
82;1;14;10;10;20;8;873428;1726178102213209103
83;1;14;10;10;20;8;874493;1726178102223206586
84;1;14;10;10;20;8;886688;1726178102233200868
85;1;14;10;10;20;8;893066;1726178102243205100
86;1;14;10;10;20;8;920085;1726178102253224613
87;1;14;10;10;20;8;906795;1726178102263202429
88;1;14;10;10;20;8;917829;1726178102273201390
89;1;14;10;10;20;8;929814;1726178102283211602
90;1;14;10;10;20;8;863143;1726178102293204979
91;1;14;10;10;20;8;901993;1726178102303204175
92;1;14;10;10;20;8;877005;1726178102313205072
93;1;14;10;10;20;8;915958;1726178102323210867
94;1;14;10;10;20;8;874449;1726178102333202929
95;1;14;10;10;20;8;949337;1726178102343211410
96;1;14;10;10;20;8;939056;1726178102353202226
97;1;14;10;10;20;8;955681;1726178102363166526
98;1;14;10;10;20;8;868048;1726178102373184505
99;1;14;10;10;20;8;1256194;1726178102383180252
0;1;15;10;10;20;8;1115612;1726178101393376077
1;1;15;10;10;20;8;1024077;1726178101403403718
2;1;15;10;10;20;8;1122420;1726178101413420490
3;1;15;10;10;20;8;1028859;1726178101423245261
4;1;15;10;10;20;8;1030946;1726178101433221518
5;1;15;10;10;20;8;1067432;1726178101443197883
6;1;15;10;10;20;8;1084809;1726178101453114996
7;1;15;10;10;20;8;1054939;1726178101463179962
8;1;15;10;10;20;8;1073471;1726178101473182042
9;1;15;10;10;20;8;1080587;1726178101483181931
10;1;15;10;10;20;8;1056501;1726178101493184265
11;1;15;10;10;20;8;1104905;1726178101503192352
12;1;15;10;10;20;8;1047291;1726178101513195264
13;1;15;10;10;20;8;1084457;1726178101523168624
14;1;15;10;10;20;8;1065699;1726178101533180980
15;1;15;10;10;20;8;1068263;1726178101543192913
16;1;15;10;10;20;8;1367120;1726178101553216726
17;1;15;10;10;20;8;1060545;1726178101563204887
18;1;15;10;10;20;8;1039606;1726178101573180717
19;1;15;10;10;20;8;1100701;1726178101583181308
20;1;15;10;10;20;8;1048034;1726178101593120338
21;1;15;10;10;20;8;1089698;1726178101603190824
22;1;15;10;10;20;8;1039641;1726178101613188148
23;1;15;10;10;20;8;1059050;1726178101623169313
24;1;15;10;10;20;8;1036622;1726178101633196201
25;1;15;10;10;20;8;1064888;1726178101643193568
26;1;15;10;10;20;8;1230107;1726178101653220470
27;1;15;10;10;20;8;1047673;1726178101663186785
28;1;15;10;10;20;8;1034673;1726178101673176388
29;1;15;10;10;20;8;1074204;1726178101683181105
30;1;15;10;10;20;8;1054852;1726178101693178236
31;1;15;10;10;20;8;1056367;1726178101703208133
32;1;15;10;10;20;8;1030824;1726178101713183821
33;1;15;10;10;20;8;1055471;1726178101723184097
34;1;15;10;10;20;8;1045784;1726178101733189766
35;1;15;10;10;20;8;1082766;1726178101743173984
36;1;15;10;10;20;8;1142754;1726178101753233496
37;1;15;10;10;20;8;1074583;1726178101763199310
38;1;15;10;10;20;8;1011441;1726178101773208436
39;1;15;10;10;20;8;1121974;1726178101783191543
40;1;15;10;10;20;8;1014785;1726178101793217557
41;1;15;10;10;20;8;1034366;1726178101803218243
42;1;15;10;10;20;8;1056204;1726178101813210108
43;1;15;10;10;20;8;1051535;1726178101823218585
44;1;15;10;10;20;8;1015488;1726178101833204581
45;1;15;10;10;20;8;1082961;1726178101843214141
46;1;15;10;10;20;8;1264195;1726178101853198548
47;1;15;10;10;20;8;1081683;1726178101863197853
48;1;15;10;10;20;8;1048318;1726178101873179888
49;1;15;10;10;20;8;1078240;1726178101883179685
50;1;15;10;10;20;8;1030310;1726178101893180286
51;1;15;10;10;20;8;1060429;1726178101903180478
52;1;15;10;10;20;8;1036896;1726178101913180440
53;1;15;10;10;20;8;1080706;1726178101923164320
54;1;15;10;10;20;8;1054417;1726178101933173056
55;1;15;10;10;20;8;1061442;1726178101943192404
56;1;15;10;10;20;8;1073640;1726178101953197077
57;1;15;10;10;20;8;1070515;1726178101963179571
58;1;15;10;10;20;8;1036307;1726178101973196057
59;1;15;10;10;20;8;1073407;1726178101983188646
60;1;15;10;10;20;8;1057440;1726178101993172387
61;1;15;10;10;20;8;1060766;1726178102003189326
62;1;15;10;10;20;8;1041782;1726178102013187811
63;1;15;10;10;20;8;1087068;1726178102023169431
64;1;15;10;10;20;8;1047566;1726178102033195097
65;1;15;10;10;20;8;1077754;1726178102043164633
66;1;15;10;10;20;8;1270783;1726178102053239976
67;1;15;10;10;20;8;1056338;1726178102063202964
68;1;15;10;10;20;8;1011781;1726178102073220748
69;1;15;10;10;20;8;1079385;1726178102083217261
70;1;15;10;10;20;8;1022599;1726178102093200835
71;1;15;10;10;20;8;1028297;1726178102103238920
72;1;15;10;10;20;8;1012306;1726178102113211686
73;1;15;10;10;20;8;1035855;1726178102123214957
74;1;15;10;10;20;8;1025992;1726178102133200873
75;1;15;10;10;20;8;1043152;1726178102143216154
76;1;15;10;10;20;8;1278754;1726178102153251049
77;1;15;10;10;20;8;1081693;1726178102163201388
78;1;15;10;10;20;8;1036839;1726178102173206336
79;1;15;10;10;20;8;1086450;1726178102183210783
80;1;15;10;10;20;8;1005253;1726178102193220992
81;1;15;10;10;20;8;1060862;1726178102203223978
82;1;15;10;10;20;8;1021002;1726178102213215184
83;1;15;10;10;20;8;1016337;1726178102223217620
84;1;15;10;10;20;8;1030786;1726178102233208717
85;1;15;10;10;20;8;1037956;1726178102243213269
86;1;15;10;10;20;8;1068691;1726178102253232119
87;1;15;10;10;20;8;1053695;1726178102263208705
88;1;15;10;10;20;8;1064472;1726178102273207137
89;1;15;10;10;20;8;1083829;1726178102283215686
90;1;15;10;10;20;8;1011754;1726178102293210794
91;1;15;10;10;20;8;1049576;1726178102303208900
92;1;15;10;10;20;8;1021851;1726178102313213201
93;1;15;10;10;20;8;1062032;1726178102323217386
94;1;15;10;10;20;8;1020139;1726178102333210250
95;1;15;10;10;20;8;1100635;1726178102343217945
96;1;15;10;10;20;8;1093484;1726178102353206345
97;1;15;10;10;20;8;1108795;1726178102363170350
98;1;15;10;10;20;8;1022173;1726178102373187853
99;1;15;10;10;20;8;1440966;1726178102383184027
0;1;16;10;10;20;8;1253930;1726178101393395647
1;1;16;10;10;20;8;1160205;1726178101403426806
2;1;16;10;10;20;8;1264576;1726178101413435403
3;1;16;10;10;20;8;1179660;1726178101423251577
4;1;16;10;10;20;8;1181189;1726178101433228626
5;1;16;10;10;20;8;1222799;1726178101443204164
6;1;16;10;10;20;8;1238931;1726178101453121751
7;1;16;10;10;20;8;1206915;1726178101463190319
8;1;16;10;10;20;8;1228408;1726178101473188509
9;1;16;10;10;20;8;1234488;1726178101483188636
10;1;16;10;10;20;8;1210605;1726178101493191863
11;1;16;10;10;20;8;1260510;1726178101503198260
12;1;16;10;10;20;8;1204604;1726178101513199332
13;1;16;10;10;20;8;1240451;1726178101523174815
14;1;16;10;10;20;8;1219743;1726178101533187734
15;1;16;10;10;20;8;1222154;1726178101543196660
16;1;16;10;10;20;8;1501121;1726178101553240070
17;1;16;10;10;20;8;1210329;1726178101563213819
18;1;16;10;10;20;8;1193343;1726178101573184342
19;1;16;10;10;20;8;1251758;1726178101583185801
20;1;16;10;10;20;8;1188816;1726178101593135039
21;1;16;10;10;20;8;1238930;1726178101603197600
22;1;16;10;10;20;8;1191822;1726178101613194154
23;1;16;10;10;20;8;1210452;1726178101623175700
24;1;16;10;10;20;8;1184981;1726178101633203785
25;1;16;10;10;20;8;1213854;1726178101643201934
26;1;16;10;10;20;8;1383627;1726178101653224469
27;1;16;10;10;20;8;1195588;1726178101663195409
28;1;16;10;10;20;8;1181135;1726178101673187529
29;1;16;10;10;20;8;1224403;1726178101683187390
30;1;16;10;10;20;8;1203309;1726178101693185999
31;1;16;10;10;20;8;1203108;1726178101703220080
32;1;16;10;10;20;8;1177508;1726178101713192828
33;1;16;10;10;20;8;1208548;1726178101723187993
34;1;16;10;10;20;8;1199192;1726178101733193697
35;1;16;10;10;20;8;1228182;1726178101743180767
36;1;16;10;10;20;8;1292712;1726178101753239824
37;1;16;10;10;20;8;1223189;1726178101763204741
38;1;16;10;10;20;8;1161588;1726178101773211723
39;1;16;10;10;20;8;1252881;1726178101783214011
40;1;16;10;10;20;8;1163419;1726178101793221459
41;1;16;10;10;20;8;1180261;1726178101803225057
42;1;16;10;10;20;8;1202482;1726178101813216259
43;1;16;10;10;20;8;1198183;1726178101823225265
44;1;16;10;10;20;8;1165523;1726178101833208292
45;1;16;10;10;20;8;1216651;1726178101843235495
46;1;16;10;10;20;8;1411741;1726178101853208005
47;1;16;10;10;20;8;1235408;1726178101863201590
48;1;16;10;10;20;8;1200907;1726178101873184024
49;1;16;10;10;20;8;1227912;1726178101883186422
50;1;16;10;10;20;8;1182204;1726178101893186875
51;1;16;10;10;20;8;1209986;1726178101903187434
52;1;16;10;10;20;8;1183870;1726178101913191090
53;1;16;10;10;20;8;1235586;1726178101923167954
54;1;16;10;10;20;8;1205903;1726178101933179572
55;1;16;10;10;20;8;1215809;1726178101943196770
56;1;16;10;10;20;8;1223179;1726178101953203453
57;1;16;10;10;20;8;1221195;1726178101963186732
58;1;16;10;10;20;8;1188490;1726178101973200943
59;1;16;10;10;20;8;1222267;1726178101983196455
60;1;16;10;10;20;8;1212005;1726178101993175643
61;1;16;10;10;20;8;1211070;1726178102003197080
62;1;16;10;10;20;8;1194816;1726178102013191850
63;1;16;10;10;20;8;1240690;1726178102023172719
64;1;16;10;10;20;8;1198075;1726178102033202135
65;1;16;10;10;20;8;1225903;1726178102043168504
66;1;16;10;10;20;8;1419903;1726178102053248387
67;1;16;10;10;20;8;1200855;1726178102063212474
68;1;16;10;10;20;8;1159924;1726178102073227033
69;1;16;10;10;20;8;1213572;1726178102083236731
70;1;16;10;10;20;8;1173978;1726178102093205960
71;1;16;10;10;20;8;1173492;1726178102103246777
72;1;16;10;10;20;8;1160569;1726178102113217664
73;1;16;10;10;20;8;1181645;1726178102123221262
74;1;16;10;10;20;8;1174554;1726178102133204488
75;1;16;10;10;20;8;1189981;1726178102143222102
76;1;16;10;10;20;8;1429726;1726178102153256370
77;1;16;10;10;20;8;1228535;1726178102163206520
78;1;16;10;10;20;8;1182848;1726178102173213133
79;1;16;10;10;20;8;1230491;1726178102183218347
80;1;16;10;10;20;8;1156764;1726178102193226389
81;1;16;10;10;20;8;1210085;1726178102203228978
82;1;16;10;10;20;8;1164498;1726178102213225753
83;1;16;10;10;20;8;1162668;1726178102223224203
84;1;16;10;10;20;8;1177268;1726178102233214379
85;1;16;10;10;20;8;1186874;1726178102243216836
86;1;16;10;10;20;8;1220611;1726178102253236538
87;1;16;10;10;20;8;1195931;1726178102263218723
88;1;16;10;10;20;8;1200090;1726178102273224247
89;1;16;10;10;20;8;1219099;1726178102283236811
90;1;16;10;10;20;8;1159232;1726178102293217076
91;1;16;10;10;20;8;1195936;1726178102303215102
92;1;16;10;10;20;8;1168538;1726178102313219339
93;1;16;10;10;20;8;1208296;1726178102323223740
94;1;16;10;10;20;8;1169316;1726178102333214960
95;1;16;10;10;20;8;1252072;1726178102343224435
96;1;16;10;10;20;8;1247112;1726178102353210161
97;1;16;10;10;20;8;1260323;1726178102363176520
98;1;16;10;10;20;8;1175210;1726178102373191403
99;1;16;10;10;20;8;1605547;1726178102383187421
0;1;17;10;10;20;8;1401111;1726178101393407596
1;1;17;10;10;20;8;1311415;1726178101403434436
2;1;17;10;10;20;8;1412236;1726178101413446274
3;1;17;10;10;20;8;1329372;1726178101423260388
4;1;17;10;10;20;8;1321888;1726178101433245785
5;1;17;10;10;20;8;1372624;1726178101443215365
6;1;17;10;10;20;8;1395268;1726178101453128010
7;1;17;10;10;20;8;1360753;1726178101463199068
8;1;17;10;10;20;8;1383688;1726178101473194797
9;1;17;10;10;20;8;1384197;1726178101483199512
10;1;17;10;10;20;8;1364092;1726178101493200245
11;1;17;10;10;20;8;1416567;1726178101503203468
12;1;17;10;10;20;8;1358309;1726178101513206487
13;1;17;10;10;20;8;1395523;1726178101523181516
14;1;17;10;10;20;8;1374009;1726178101533194502
15;1;17;10;10;20;8;1375814;1726178101543200280
16;1;17;10;10;20;8;1633949;1726178101553263864
17;1;17;10;10;20;8;1360390;1726178101563222268
18;1;17;10;10;20;8;1349584;1726178101573187678
19;1;17;10;10;20;8;1402319;1726178101583191949
20;1;17;10;10;20;8;1340419;1726178101593139780
21;1;17;10;10;20;8;1387860;1726178101603204046
22;1;17;10;10;20;8;1338962;1726178101613205162
23;1;17;10;10;20;8;1362645;1726178101623182007
24;1;17;10;10;20;8;1334944;1726178101633211645
25;1;17;10;10;20;8;1366907;1726178101643206022
26;1;17;10;10;20;8;1538423;1726178101653228174
27;1;17;10;10;20;8;1347576;1726178101663199506
28;1;17;10;10;20;8;1333021;1726178101673194682
29;1;17;10;10;20;8;1374938;1726178101683193457
30;1;17;10;10;20;8;1356865;1726178101693190007
31;1;17;10;10;20;8;1357287;1726178101703224254
32;1;17;10;10;20;8;1326414;1726178101713200101
33;1;17;10;10;20;8;1359134;1726178101723194771
34;1;17;10;10;20;8;1352482;1726178101733197455
35;1;17;10;10;20;8;1369960;1726178101743192055
36;1;17;10;10;20;8;1444028;1726178101753245776
37;1;17;10;10;20;8;1370226;1726178101763212661
38;1;17;10;10;20;8;1311648;1726178101773215423
39;1;17;10;10;20;8;1384495;1726178101783235959
40;1;17;10;10;20;8;1313155;1726178101793224836
41;1;17;10;10;20;8;1325989;1726178101803231624
42;1;17;10;10;20;8;1349840;1726178101813221068
43;1;17;10;10;20;8;1345947;1726178101823231734
44;1;17;10;10;20;8;1316389;1726178101833211648
45;1;17;10;10;20;8;1367782;1726178101843240036
46;1;17;10;10;20;8;1544299;1726178101853231835
47;1;17;10;10;20;8;1387087;1726178101863207792
48;1;17;10;10;20;8;1350100;1726178101873190043
49;1;17;10;10;20;8;1372560;1726178101883197830
50;1;17;10;10;20;8;1328879;1726178101893198006
51;1;17;10;10;20;8;1360586;1726178101903193739
52;1;17;10;10;20;8;1335670;1726178101913196870
53;1;17;10;10;20;8;1392411;1726178101923171512
54;1;17;10;10;20;8;1355260;1726178101933187017
55;1;17;10;10;20;8;1366962;1726178101943202817
56;1;17;10;10;20;8;1366774;1726178101953217806
57;1;17;10;10;20;8;1375310;1726178101963191512
58;1;17;10;10;20;8;1341005;1726178101973207126
59;1;17;10;10;20;8;1361669;1726178101983215711
60;1;17;10;10;20;8;1366136;1726178101993179232
61;1;17;10;10;20;8;1364497;1726178102003201317
62;1;17;10;10;20;8;1337394;1726178102013206257
63;1;17;10;10;20;8;1395313;1726178102023176357
64;1;17;10;10;20;8;1349061;1726178102033208322
65;1;17;10;10;20;8;1371067;1726178102043175610
66;1;17;10;10;20;8;1570487;1726178102053255897
67;1;17;10;10;20;8;1349864;1726178102063216497
68;1;17;10;10;20;8;1307777;1726178102073233422
69;1;17;10;10;20;8;1362287;1726178102083240673
70;1;17;10;10;20;8;1325576;1726178102093211693
71;1;17;10;10;20;8;1320207;1726178102103254317
72;1;17;10;10;20;8;1308132;1726178102113223608
73;1;17;10;10;20;8;1330075;1726178102123225118
74;1;17;10;10;20;8;1324781;1726178102133207879
75;1;17;10;10;20;8;1335015;1726178102143228568
76;1;17;10;10;20;8;1580298;1726178102153263237
77;1;17;10;10;20;8;1375607;1726178102163212702
78;1;17;10;10;20;8;1331988;1726178102173217162
79;1;17;10;10;20;8;1362817;1726178102183237936
80;1;17;10;10;20;8;1302366;1726178102193236931
81;1;17;10;10;20;8;1358337;1726178102203234546
82;1;17;10;10;20;8;1312490;1726178102213231715
83;1;17;10;10;20;8;1312708;1726178102223228082
84;1;17;10;10;20;8;1323832;1726178102233220680
85;1;17;10;10;20;8;1332625;1726178102243223239
86;1;17;10;10;20;8;1368572;1726178102253246723
87;1;17;10;10;20;8;1341130;1726178102263226204
88;1;17;10;10;20;8;1347666;1726178102273228887
89;1;17;10;10;20;8;1367146;1726178102283244678
90;1;17;10;10;20;8;1306890;1726178102293223398
91;1;17;10;10;20;8;1341596;1726178102303221365
92;1;17;10;10;20;8;1317693;1726178102313223825
93;1;17;10;10;20;8;1355933;1726178102323229904
94;1;17;10;10;20;8;1316958;1726178102333221580
95;1;17;10;10;20;8;1401520;1726178102343231051
96;1;17;10;10;20;8;1393936;1726178102353221924
97;1;17;10;10;20;8;1407663;1726178102363185866
98;1;17;10;10;20;8;1329137;1726178102373194913
99;1;17;10;10;20;8;1796770;1726178102383194206
0;1;18;10;10;20;8;1541724;1726178101393424706
1;1;18;10;10;20;8;1446254;1726178101403458533
2;1;18;10;10;20;8;1553814;1726178101413463861
3;1;18;10;10;20;8;1478764;1726178101423268567
4;1;18;10;10;20;8;1474073;1726178101433251508
5;1;18;10;10;20;8;1525572;1726178101443223235
6;1;18;10;10;20;8;1550904;1726178101453134574
7;1;18;10;10;20;8;1509349;1726178101463213158
8;1;18;10;10;20;8;1534670;1726178101473205267
9;1;18;10;10;20;8;1534054;1726178101483209681
10;1;18;10;10;20;8;1520910;1726178101493204583
11;1;18;10;10;20;8;1571553;1726178101503209596
12;1;18;10;10;20;8;1512313;1726178101513213369
13;1;18;10;10;20;8;1548445;1726178101523188807
14;1;18;10;10;20;8;1529518;1726178101533201018
15;1;18;10;10;20;8;1529099;1726178101543204404
16;1;18;10;10;20;8;1784179;1726178101553270449
17;1;18;10;10;20;8;1510922;1726178101563230087
18;1;18;10;10;20;8;1503813;1726178101573190947
19;1;18;10;10;20;8;1549582;1726178101583201627
20;1;18;10;10;20;8;1492485;1726178101593143695
21;1;18;10;10;20;8;1537526;1726178101603210521
22;1;18;10;10;20;8;1491728;1726178101613209275
23;1;18;10;10;20;8;1505017;1726178101623196983
24;1;18;10;10;20;8;1485469;1726178101633218511
25;1;18;10;10;20;8;1515243;1726178101643214515
26;1;18;10;10;20;8;1679320;1726178101653246041
27;1;18;10;10;20;8;1498362;1726178101663205764
28;1;18;10;10;20;8;1484507;1726178101673200599
29;1;18;10;10;20;8;1528527;1726178101683197221
30;1;18;10;10;20;8;1511085;1726178101693193622
31;1;18;10;10;20;8;1509129;1726178101703230289
32;1;18;10;10;20;8;1475744;1726178101713207455
33;1;18;10;10;20;8;1510269;1726178101723201086
34;1;18;10;10;20;8;1496268;1726178101733210532
35;1;18;10;10;20;8;1519088;1726178101743196045
36;1;18;10;10;20;8;1595050;1726178101753252530
37;1;18;10;10;20;8;1521293;1726178101763216479
38;1;18;10;10;20;8;1461593;1726178101773219322
39;1;18;10;10;20;8;1529281;1726178101783244408
40;1;18;10;10;20;8;1462972;1726178101793228452
41;1;18;10;10;20;8;1467580;1726178101803242136
42;1;18;10;10;20;8;1496549;1726178101813227887
43;1;18;10;10;20;8;1492712;1726178101823238047
44;1;18;10;10;20;8;1465815;1726178101833215455
45;1;18;10;10;20;8;1516067;1726178101843247967
46;1;18;10;10;20;8;1675662;1726178101853257525
47;1;18;10;10;20;8;1539087;1726178101863213678
48;1;18;10;10;20;8;1500627;1726178101873196411
49;1;18;10;10;20;8;1504248;1726178101883222759
50;1;18;10;10;20;8;1483241;1726178101893201982
51;1;18;10;10;20;8;1510978;1726178101903200169
52;1;18;10;10;20;8;1487146;1726178101913203156
53;1;18;10;10;20;8;1546570;1726178101923175232
54;1;18;10;10;20;8;1502415;1726178101933197600
55;1;18;10;10;20;8;1516244;1726178101943211377
56;1;18;10;10;20;8;1519457;1726178101953222748
57;1;18;10;10;20;8;1523187;1726178101963201564
58;1;18;10;10;20;8;1488345;1726178101973218244
59;1;18;10;10;20;8;1513098;1726178101983222086
60;1;18;10;10;20;8;1521031;1726178101993182786
61;1;18;10;10;20;8;1517651;1726178102003205722
62;1;18;10;10;20;8;1490487;1726178102013210893
63;1;18;10;10;20;8;1548725;1726178102023180325
64;1;18;10;10;20;8;1500694;1726178102033215095
65;1;18;10;10;20;8;1517213;1726178102043182114
66;1;18;10;10;20;8;1722735;1726178102053262151
67;1;18;10;10;20;8;1498650;1726178102063220990
68;1;18;10;10;20;8;1455218;1726178102073239618
69;1;18;10;10;20;8;1512639;1726178102083244351
70;1;18;10;10;20;8;1463982;1726178102093230698
71;1;18;10;10;20;8;1463461;1726178102103265966
72;1;18;10;10;20;8;1456200;1726178102113229602
73;1;18;10;10;20;8;1476586;1726178102123231034
74;1;18;10;10;20;8;1473666;1726178102133211608
75;1;18;10;10;20;8;1481383;1726178102143234254
76;1;18;10;10;20;8;1730171;1726178102153270033
77;1;18;10;10;20;8;1522385;1726178102163219577
78;1;18;10;10;20;8;1479356;1726178102173223368
79;1;18;10;10;20;8;1511000;1726178102183241954
80;1;18;10;10;20;8;1452826;1726178102193243859
81;1;18;10;10;20;8;1502609;1726178102203242834
82;1;18;10;10;20;8;1460104;1726178102213237732
83;1;18;10;10;20;8;1459906;1726178102223234436
84;1;18;10;10;20;8;1467476;1726178102233229779
85;1;18;10;10;20;8;1478303;1726178102243230465
86;1;18;10;10;20;8;1519546;1726178102253253456
87;1;18;10;10;20;8;1490768;1726178102263229707
88;1;18;10;10;20;8;1496561;1726178102273232206
89;1;18;10;10;20;8;1517624;1726178102283251298
90;1;18;10;10;20;8;1452366;1726178102293231375
91;1;18;10;10;20;8;1488323;1726178102303227726
92;1;18;10;10;20;8;1464795;1726178102313230050
93;1;18;10;10;20;8;1502939;1726178102323236187
94;1;18;10;10;20;8;1464553;1726178102333228252
95;1;18;10;10;20;8;1552627;1726178102343237542
96;1;18;10;10;20;8;1546388;1726178102353226263
97;1;18;10;10;20;8;1558881;1726178102363191572
98;1;18;10;10;20;8;1482590;1726178102373198163
99;1;18;10;10;20;8;1949487;1726178102383202901
0;1;19;10;10;20;8;1686620;1726178101393438675
1;1;19;10;10;20;8;1594606;1726178101403468922
2;1;19;10;10;20;8;1701261;1726178101413475825
3;1;19;10;10;20;8;1628777;1726178101423276195
4;1;19;10;10;20;8;1621935;1726178101433261854
5;1;19;10;10;20;8;1683180;1726178101443227274
6;1;19;10;10;20;8;1711808;1726178101453140530
7;1;19;10;10;20;8;1662926;1726178101463222199
8;1;19;10;10;20;8;1687163;1726178101473214327
9;1;19;10;10;20;8;1689727;1726178101483215968
10;1;19;10;10;20;8;1679223;1726178101493209076
11;1;19;10;10;20;8;1726077;1726178101503217457
12;1;19;10;10;20;8;1666528;1726178101513221615
13;1;19;10;10;20;8;1704296;1726178101523195071
14;1;19;10;10;20;8;1685005;1726178101533207482
15;1;19;10;10;20;8;1682277;1726178101543208439
16;1;19;10;10;20;8;1935432;1726178101553277057
17;1;19;10;10;20;8;1665745;1726178101563233866
18;1;19;10;10;20;8;1658589;1726178101573194669
19;1;19;10;10;20;8;1684000;1726178101583224795
20;1;19;10;10;20;8;1645016;1726178101593148436
21;1;19;10;10;20;8;1689785;1726178101603217207
22;1;19;10;10;20;8;1646380;1726178101613213197
23;1;19;10;10;20;8;1658340;1726178101623201556
24;1;19;10;10;20;8;1636884;1726178101633224896
25;1;19;10;10;20;8;1668683;1726178101643218911
26;1;19;10;10;20;8;1832885;1726178101653252088
27;1;19;10;10;20;8;1649811;1726178101663212335
28;1;19;10;10;20;8;1636733;1726178101673206912
29;1;19;10;10;20;8;1680620;1726178101683202770
30;1;19;10;10;20;8;1665259;1726178101693197001
31;1;19;10;10;20;8;1660449;1726178101703236723
32;1;19;10;10;20;8;1627187;1726178101713213698
33;1;19;10;10;20;8;1660653;1726178101723207984
34;1;19;10;10;20;8;1648435;1726178101733215453
35;1;19;10;10;20;8;1668155;1726178101743200282
36;1;19;10;10;20;8;1746288;1726178101753258522
37;1;19;10;10;20;8;1672895;1726178101763219761
38;1;19;10;10;20;8;1612452;1726178101773222905
39;1;19;10;10;20;8;1676472;1726178101783251106
40;1;19;10;10;20;8;1612626;1726178101793231789
41;1;19;10;10;20;8;1615764;1726178101803248552
42;1;19;10;10;20;8;1644827;1726178101813234258
43;1;19;10;10;20;8;1641053;1726178101823244093
44;1;19;10;10;20;8;1615287;1726178101833219168
45;1;19;10;10;20;8;1663885;1726178101843256746
46;1;19;10;10;20;8;1825375;1726178101853264925
47;1;19;10;10;20;8;1692541;1726178101863219603
48;1;19;10;10;20;8;1651724;1726178101873203911
49;1;19;10;10;20;8;1654184;1726178101883230222
50;1;19;10;10;20;8;1637825;1726178101893205316
51;1;19;10;10;20;8;1661032;1726178101903207704
52;1;19;10;10;20;8;1637494;1726178101913211368
53;1;19;10;10;20;8;1701744;1726178101923179219
54;1;19;10;10;20;8;1655792;1726178101933203160
55;1;19;10;10;20;8;1669217;1726178101943216444
56;1;19;10;10;20;8;1672589;1726178101953226506
57;1;19;10;10;20;8;1674663;1726178101963208302
58;1;19;10;10;20;8;1637148;1726178101973227675
59;1;19;10;10;20;8;1664208;1726178101983229027
60;1;19;10;10;20;8;1676125;1726178101993186146
61;1;19;10;10;20;8;1669195;1726178102003212112
62;1;19;10;10;20;8;1645825;1726178102013214313
63;1;19;10;10;20;8;1701556;1726178102023184203
64;1;19;10;10;20;8;1651726;1726178102033222179
65;1;19;10;10;20;8;1663129;1726178102043189262
66;1;19;10;10;20;8;1874221;1726178102053268282
67;1;19;10;10;20;8;1646821;1726178102063227149
68;1;19;10;10;20;8;1604441;1726178102073245538
69;1;19;10;10;20;8;1656547;1726178102083254713
70;1;19;10;10;20;8;1613317;1726178102093238673
71;1;19;10;10;20;8;1611522;1726178102103272703
72;1;19;10;10;20;8;1604989;1726178102113235367
73;1;19;10;10;20;8;1623866;1726178102123237463
74;1;19;10;10;20;8;1623018;1726178102133215477
75;1;19;10;10;20;8;1626327;1726178102143243200
76;1;19;10;10;20;8;1869472;1726178102153288032
77;1;19;10;10;20;8;1673775;1726178102163222970
78;1;19;10;10;20;8;1653815;1726178102173230678
79;1;19;10;10;20;8;1641224;1726178102183263910
80;1;19;10;10;20;8;1603032;1726178102193251206
81;1;19;10;10;20;8;1650950;1726178102203250106
82;1;19;10;10;20;8;1610980;1726178102213241937
83;1;19;10;10;20;8;1604139;1726178102223244680
84;1;19;10;10;20;8;1614595;1726178102233237360
85;1;19;10;10;20;8;1622849;1726178102243239734
86;1;19;10;10;20;8;1671164;1726178102253260040
87;1;19;10;10;20;8;1638766;1726178102263235759
88;1;19;10;10;20;8;1646817;1726178102273235313
89;1;19;10;10;20;8;1670886;1726178102283256233
90;1;19;10;10;20;8;1601133;1726178102293237245
91;1;19;10;10;20;8;1636829;1726178102303234111
92;1;19;10;10;20;8;1613997;1726178102313236682
93;1;19;10;10;20;8;1650006;1726178102323242387
94;1;19;10;10;20;8;1628086;1726178102333237793
95;1;19;10;10;20;8;1705197;1726178102343243753
96;1;19;10;10;20;8;1694996;1726178102353234715
97;1;19;10;10;20;8;1711949;1726178102363195955
98;1;19;10;10;20;8;1637682;1726178102373201841
99;1;19;10;10;20;8;2092802;1726178102383221802
0;2;0;10;10;20;8;0;0
1;2;0;10;10;20;8;0;0
2;2;0;10;10;20;8;0;0
3;2;0;10;10;20;8;0;0
4;2;0;10;10;20;8;0;0
5;2;0;10;10;20;8;0;0
6;2;0;10;10;20;8;0;0
7;2;0;10;10;20;8;0;0
8;2;0;10;10;20;8;0;0
9;2;0;10;10;20;8;0;0
10;2;0;10;10;20;8;0;0
11;2;0;10;10;20;8;0;0
12;2;0;10;10;20;8;0;0
13;2;0;10;10;20;8;0;0
14;2;0;10;10;20;8;0;0
15;2;0;10;10;20;8;0;0
16;2;0;10;10;20;8;344397;1726178101553081473
17;2;0;10;10;20;8;0;0
18;2;0;10;10;20;8;0;0
19;2;0;10;10;20;8;0;0
20;2;0;10;10;20;8;0;0
21;2;0;10;10;20;8;0;0
22;2;0;10;10;20;8;0;0
23;2;0;10;10;20;8;0;0
24;2;0;10;10;20;8;0;0
25;2;0;10;10;20;8;0;0
26;2;0;10;10;20;8;240648;1726178101653082020
27;2;0;10;10;20;8;0;0
28;2;0;10;10;20;8;0;0
29;2;0;10;10;20;8;0;0
30;2;0;10;10;20;8;0;0
31;2;0;10;10;20;8;0;0
32;2;0;10;10;20;8;0;0
33;2;0;10;10;20;8;0;0
34;2;0;10;10;20;8;0;0
35;2;0;10;10;20;8;0;0
36;2;0;10;10;20;8;271625;1726178101753084138
37;2;0;10;10;20;8;0;0
38;2;0;10;10;20;8;0;0
39;2;0;10;10;20;8;0;0
40;2;0;10;10;20;8;0;0
41;2;0;10;10;20;8;0;0
42;2;0;10;10;20;8;0;0
43;2;0;10;10;20;8;0;0
44;2;0;10;10;20;8;0;0
45;2;0;10;10;20;8;0;0
46;2;0;10;10;20;8;167695;1726178101853037116
47;2;0;10;10;20;8;0;0
48;2;0;10;10;20;8;0;0
49;2;0;10;10;20;8;0;0
50;2;0;10;10;20;8;0;0
51;2;0;10;10;20;8;0;0
52;2;0;10;10;20;8;0;0
53;2;0;10;10;20;8;0;0
54;2;0;10;10;20;8;0;0
55;2;0;10;10;20;8;0;0
56;2;0;10;10;20;8;224594;1726178101953076814
57;2;0;10;10;20;8;0;0
58;2;0;10;10;20;8;0;0
59;2;0;10;10;20;8;0;0
60;2;0;10;10;20;8;0;0
61;2;0;10;10;20;8;0;0
62;2;0;10;10;20;8;0;0
63;2;0;10;10;20;8;0;0
64;2;0;10;10;20;8;0;0
65;2;0;10;10;20;8;0;0
66;2;0;10;10;20;8;253553;1726178102053085782
67;2;0;10;10;20;8;0;0
68;2;0;10;10;20;8;0;0
69;2;0;10;10;20;8;0;0
70;2;0;10;10;20;8;0;0
71;2;0;10;10;20;8;0;0
72;2;0;10;10;20;8;0;0
73;2;0;10;10;20;8;0;0
74;2;0;10;10;20;8;0;0
75;2;0;10;10;20;8;0;0
76;2;0;10;10;20;8;266328;1726178102153088217
77;2;0;10;10;20;8;0;0
78;2;0;10;10;20;8;0;0
79;2;0;10;10;20;8;0;0
80;2;0;10;10;20;8;0;0
81;2;0;10;10;20;8;0;0
82;2;0;10;10;20;8;0;0
83;2;0;10;10;20;8;0;0
84;2;0;10;10;20;8;0;0
85;2;0;10;10;20;8;0;0
86;2;0;10;10;20;8;241508;1726178102253087152
87;2;0;10;10;20;8;0;0
88;2;0;10;10;20;8;0;0
89;2;0;10;10;20;8;0;0
90;2;0;10;10;20;8;0;0
91;2;0;10;10;20;8;0;0
92;2;0;10;10;20;8;0;0
93;2;0;10;10;20;8;0;0
94;2;0;10;10;20;8;0;0
95;2;0;10;10;20;8;0;0
96;2;0;10;10;20;8;235031;1726178102353077472
97;2;0;10;10;20;8;0;0
98;2;0;10;10;20;8;0;0
99;2;0;10;10;20;8;0;0
0;2;0;10;10;20;8;0;0
1;2;0;10;10;20;8;0;0
2;2;0;10;10;20;8;0;0
3;2;0;10;10;20;8;0;0
4;2;0;10;10;20;8;0;0
5;2;0;10;10;20;8;0;0
6;2;0;10;10;20;8;0;0
7;2;0;10;10;20;8;0;0
8;2;0;10;10;20;8;0;0
9;2;0;10;10;20;8;0;0
10;2;0;10;10;20;8;0;0
11;2;0;10;10;20;8;0;0
12;2;0;10;10;20;8;0;0
13;2;0;10;10;20;8;0;0
14;2;0;10;10;20;8;0;0
15;2;0;10;10;20;8;0;0
16;2;0;10;10;20;8;0;0
17;2;0;10;10;20;8;0;0
18;2;0;10;10;20;8;0;0
19;2;0;10;10;20;8;0;0
20;2;0;10;10;20;8;0;0
21;2;0;10;10;20;8;0;0
22;2;0;10;10;20;8;0;0
23;2;0;10;10;20;8;0;0
24;2;0;10;10;20;8;0;0
25;2;0;10;10;20;8;0;0
26;2;0;10;10;20;8;0;0
27;2;0;10;10;20;8;0;0
28;2;0;10;10;20;8;0;0
29;2;0;10;10;20;8;0;0
30;2;0;10;10;20;8;0;0
31;2;0;10;10;20;8;0;0
32;2;0;10;10;20;8;0;0
33;2;0;10;10;20;8;0;0
34;2;0;10;10;20;8;0;0
35;2;0;10;10;20;8;0;0
36;2;0;10;10;20;8;0;0
37;2;0;10;10;20;8;0;0
38;2;0;10;10;20;8;0;0
39;2;0;10;10;20;8;0;0
40;2;0;10;10;20;8;0;0
41;2;0;10;10;20;8;0;0
42;2;0;10;10;20;8;0;0
43;2;0;10;10;20;8;0;0
44;2;0;10;10;20;8;0;0
45;2;0;10;10;20;8;0;0
46;2;0;10;10;20;8;0;0
47;2;0;10;10;20;8;0;0
48;2;0;10;10;20;8;0;0
49;2;0;10;10;20;8;0;0
50;2;0;10;10;20;8;0;0
51;2;0;10;10;20;8;0;0
52;2;0;10;10;20;8;0;0
53;2;0;10;10;20;8;0;0
54;2;0;10;10;20;8;0;0
55;2;0;10;10;20;8;0;0
56;2;0;10;10;20;8;0;0
57;2;0;10;10;20;8;0;0
58;2;0;10;10;20;8;0;0
59;2;0;10;10;20;8;0;0
60;2;0;10;10;20;8;0;0
61;2;0;10;10;20;8;0;0
62;2;0;10;10;20;8;0;0
63;2;0;10;10;20;8;0;0
64;2;0;10;10;20;8;0;0
65;2;0;10;10;20;8;0;0
66;2;0;10;10;20;8;0;0
67;2;0;10;10;20;8;0;0
68;2;0;10;10;20;8;0;0
69;2;0;10;10;20;8;0;0
70;2;0;10;10;20;8;0;0
71;2;0;10;10;20;8;0;0
72;2;0;10;10;20;8;0;0
73;2;0;10;10;20;8;0;0
74;2;0;10;10;20;8;0;0
75;2;0;10;10;20;8;0;0
76;2;0;10;10;20;8;0;0
77;2;0;10;10;20;8;0;0
78;2;0;10;10;20;8;0;0
79;2;0;10;10;20;8;0;0
80;2;0;10;10;20;8;0;0
81;2;0;10;10;20;8;0;0
82;2;0;10;10;20;8;0;0
83;2;0;10;10;20;8;0;0
84;2;0;10;10;20;8;0;0
85;2;0;10;10;20;8;0;0
86;2;0;10;10;20;8;0;0
87;2;0;10;10;20;8;0;0
88;2;0;10;10;20;8;0;0
89;2;0;10;10;20;8;0;0
90;2;0;10;10;20;8;0;0
91;2;0;10;10;20;8;0;0
92;2;0;10;10;20;8;0;0
93;2;0;10;10;20;8;0;0
94;2;0;10;10;20;8;0;0
95;2;0;10;10;20;8;0;0
96;2;0;10;10;20;8;0;0
97;2;0;10;10;20;8;0;0
98;2;0;10;10;20;8;0;0
99;2;0;10;10;20;8;0;0
0;2;0;10;10;20;8;0;0
1;2;0;10;10;20;8;0;0
2;2;0;10;10;20;8;0;0
3;2;2;10;10;20;8;170084;1726178101423117530
4;2;0;10;10;20;8;0;0
5;2;0;10;10;20;8;0;0
6;2;0;10;10;20;8;0;0
7;2;0;10;10;20;8;0;0
8;2;0;10;10;20;8;0;0
9;2;0;10;10;20;8;0;0
10;2;0;10;10;20;8;0;0
11;2;0;10;10;20;8;0;0
12;2;0;10;10;20;8;0;0
13;2;0;10;10;20;8;0;0
14;2;0;10;10;20;8;0;0
15;2;0;10;10;20;8;0;0
16;2;0;10;10;20;8;0;0
17;2;0;10;10;20;8;0;0
18;2;0;10;10;20;8;0;0
19;2;0;10;10;20;8;0;0
20;2;0;10;10;20;8;0;0
21;2;0;10;10;20;8;0;0
22;2;0;10;10;20;8;0;0
23;2;0;10;10;20;8;0;0
24;2;0;10;10;20;8;0;0
25;2;0;10;10;20;8;0;0
26;2;0;10;10;20;8;0;0
27;2;0;10;10;20;8;0;0
28;2;0;10;10;20;8;0;0
29;2;0;10;10;20;8;0;0
30;2;0;10;10;20;8;0;0
31;2;0;10;10;20;8;0;0
32;2;0;10;10;20;8;0;0
33;2;0;10;10;20;8;0;0
34;2;0;10;10;20;8;0;0
35;2;0;10;10;20;8;0;0
36;2;0;10;10;20;8;0;0
37;2;0;10;10;20;8;0;0
38;2;0;10;10;20;8;0;0
39;2;0;10;10;20;8;0;0
40;2;0;10;10;20;8;0;0
41;2;0;10;10;20;8;0;0
42;2;0;10;10;20;8;0;0
43;2;0;10;10;20;8;0;0
44;2;0;10;10;20;8;0;0
45;2;0;10;10;20;8;0;0
46;2;0;10;10;20;8;0;0
47;2;0;10;10;20;8;0;0
48;2;0;10;10;20;8;0;0
49;2;0;10;10;20;8;0;0
50;2;0;10;10;20;8;0;0
51;2;0;10;10;20;8;0;0
52;2;0;10;10;20;8;0;0
53;2;0;10;10;20;8;0;0
54;2;0;10;10;20;8;0;0
55;2;0;10;10;20;8;0;0
56;2;0;10;10;20;8;0;0
57;2;0;10;10;20;8;0;0
58;2;0;10;10;20;8;0;0
59;2;0;10;10;20;8;0;0
60;2;0;10;10;20;8;0;0
61;2;0;10;10;20;8;0;0
62;2;0;10;10;20;8;0;0
63;2;0;10;10;20;8;0;0
64;2;0;10;10;20;8;0;0
65;2;0;10;10;20;8;0;0
66;2;0;10;10;20;8;0;0
67;2;0;10;10;20;8;0;0
68;2;0;10;10;20;8;0;0
69;2;0;10;10;20;8;0;0
70;2;0;10;10;20;8;0;0
71;2;0;10;10;20;8;0;0
72;2;0;10;10;20;8;0;0
73;2;0;10;10;20;8;0;0
74;2;0;10;10;20;8;0;0
75;2;0;10;10;20;8;0;0
76;2;0;10;10;20;8;0;0
77;2;0;10;10;20;8;0;0
78;2;0;10;10;20;8;0;0
79;2;0;10;10;20;8;0;0
80;2;0;10;10;20;8;0;0
81;2;0;10;10;20;8;0;0
82;2;0;10;10;20;8;0;0
83;2;0;10;10;20;8;0;0
84;2;0;10;10;20;8;0;0
85;2;0;10;10;20;8;0;0
86;2;0;10;10;20;8;0;0
87;2;0;10;10;20;8;0;0
88;2;0;10;10;20;8;0;0
89;2;0;10;10;20;8;0;0
90;2;0;10;10;20;8;0;0
91;2;0;10;10;20;8;0;0
92;2;0;10;10;20;8;0;0
93;2;0;10;10;20;8;0;0
94;2;0;10;10;20;8;0;0
95;2;0;10;10;20;8;0;0
96;2;0;10;10;20;8;0;0
97;2;0;10;10;20;8;0;0
98;2;0;10;10;20;8;0;0
99;2;0;10;10;20;8;0;0
0;2;0;10;10;20;8;0;0
1;2;0;10;10;20;8;0;0
2;2;0;10;10;20;8;0;0
3;2;0;10;10;20;8;0;0
4;2;3;10;10;20;8;177129;1726178101433121612
5;2;0;10;10;20;8;0;0
6;2;0;10;10;20;8;0;0
7;2;0;10;10;20;8;0;0
8;2;0;10;10;20;8;0;0
9;2;0;10;10;20;8;0;0
10;2;0;10;10;20;8;0;0
11;2;0;10;10;20;8;0;0
12;2;0;10;10;20;8;0;0
13;2;0;10;10;20;8;0;0
14;2;0;10;10;20;8;0;0
15;2;0;10;10;20;8;0;0
16;2;0;10;10;20;8;0;0
17;2;0;10;10;20;8;0;0
18;2;0;10;10;20;8;0;0
19;2;0;10;10;20;8;0;0
20;2;0;10;10;20;8;0;0
21;2;0;10;10;20;8;0;0
22;2;0;10;10;20;8;0;0
23;2;0;10;10;20;8;0;0
24;2;0;10;10;20;8;0;0
25;2;0;10;10;20;8;0;0
26;2;0;10;10;20;8;0;0
27;2;0;10;10;20;8;0;0
28;2;0;10;10;20;8;0;0
29;2;0;10;10;20;8;0;0
30;2;0;10;10;20;8;0;0
31;2;0;10;10;20;8;0;0
32;2;0;10;10;20;8;0;0
33;2;0;10;10;20;8;0;0
34;2;0;10;10;20;8;0;0
35;2;0;10;10;20;8;0;0
36;2;0;10;10;20;8;0;0
37;2;0;10;10;20;8;0;0
38;2;0;10;10;20;8;0;0
39;2;0;10;10;20;8;0;0
40;2;0;10;10;20;8;0;0
41;2;0;10;10;20;8;0;0
42;2;0;10;10;20;8;0;0
43;2;0;10;10;20;8;0;0
44;2;0;10;10;20;8;0;0
45;2;0;10;10;20;8;0;0
46;2;0;10;10;20;8;0;0
47;2;0;10;10;20;8;0;0
48;2;0;10;10;20;8;0;0
49;2;0;10;10;20;8;0;0
50;2;0;10;10;20;8;0;0
51;2;0;10;10;20;8;0;0
52;2;0;10;10;20;8;0;0
53;2;0;10;10;20;8;0;0
54;2;0;10;10;20;8;0;0
55;2;0;10;10;20;8;0;0
56;2;0;10;10;20;8;0;0
57;2;0;10;10;20;8;0;0
58;2;0;10;10;20;8;0;0
59;2;0;10;10;20;8;0;0
60;2;0;10;10;20;8;0;0
61;2;0;10;10;20;8;0;0
62;2;0;10;10;20;8;0;0
63;2;0;10;10;20;8;0;0
64;2;0;10;10;20;8;0;0
65;2;0;10;10;20;8;0;0
66;2;0;10;10;20;8;0;0
67;2;0;10;10;20;8;0;0
68;2;0;10;10;20;8;0;0
69;2;0;10;10;20;8;0;0
70;2;0;10;10;20;8;0;0
71;2;0;10;10;20;8;0;0
72;2;0;10;10;20;8;0;0
73;2;0;10;10;20;8;0;0
74;2;0;10;10;20;8;0;0
75;2;0;10;10;20;8;0;0
76;2;0;10;10;20;8;0;0
77;2;0;10;10;20;8;0;0
78;2;0;10;10;20;8;0;0
79;2;0;10;10;20;8;0;0
80;2;0;10;10;20;8;0;0
81;2;0;10;10;20;8;0;0
82;2;0;10;10;20;8;0;0
83;2;0;10;10;20;8;0;0
84;2;0;10;10;20;8;0;0
85;2;0;10;10;20;8;0;0
86;2;0;10;10;20;8;0;0
87;2;0;10;10;20;8;0;0
88;2;0;10;10;20;8;0;0
89;2;0;10;10;20;8;0;0
90;2;0;10;10;20;8;0;0
91;2;0;10;10;20;8;0;0
92;2;0;10;10;20;8;0;0
93;2;0;10;10;20;8;0;0
94;2;0;10;10;20;8;0;0
95;2;0;10;10;20;8;0;0
96;2;0;10;10;20;8;0;0
97;2;0;10;10;20;8;0;0
98;2;0;10;10;20;8;0;0
99;2;0;10;10;20;8;0;0
0;2;4;10;10;20;8;251003;1726178101393244767
1;2;0;10;10;20;8;0;0
2;2;4;10;10;20;8;289746;1726178101413259298
3;2;0;10;10;20;8;0;0
4;2;0;10;10;20;8;0;0
5;2;0;10;10;20;8;0;0
6;2;0;10;10;20;8;0;0
7;2;0;10;10;20;8;0;0
8;2;0;10;10;20;8;0;0
9;2;0;10;10;20;8;0;0
10;2;0;10;10;20;8;0;0
11;2;0;10;10;20;8;0;0
12;2;0;10;10;20;8;0;0
13;2;0;10;10;20;8;0;0
14;2;0;10;10;20;8;0;0
15;2;0;10;10;20;8;0;0
16;2;0;10;10;20;8;0;0
17;2;0;10;10;20;8;0;0
18;2;0;10;10;20;8;0;0
19;2;0;10;10;20;8;0;0
20;2;0;10;10;20;8;0;0
21;2;0;10;10;20;8;0;0
22;2;0;10;10;20;8;0;0
23;2;0;10;10;20;8;0;0
24;2;0;10;10;20;8;0;0
25;2;0;10;10;20;8;0;0
26;2;0;10;10;20;8;0;0
27;2;0;10;10;20;8;0;0
28;2;0;10;10;20;8;0;0
29;2;0;10;10;20;8;0;0
30;2;0;10;10;20;8;0;0
31;2;4;10;10;20;8;165785;1726178101703119670
32;2;0;10;10;20;8;0;0
33;2;0;10;10;20;8;0;0
34;2;0;10;10;20;8;0;0
35;2;0;10;10;20;8;0;0
36;2;0;10;10;20;8;0;0
37;2;0;10;10;20;8;0;0
38;2;0;10;10;20;8;0;0
39;2;0;10;10;20;8;0;0
40;2;0;10;10;20;8;0;0
41;2;0;10;10;20;8;0;0
42;2;0;10;10;20;8;0;0
43;2;0;10;10;20;8;0;0
44;2;0;10;10;20;8;0;0
45;2;0;10;10;20;8;0;0
46;2;0;10;10;20;8;0;0
47;2;0;10;10;20;8;0;0
48;2;0;10;10;20;8;0;0
49;2;0;10;10;20;8;0;0
50;2;0;10;10;20;8;0;0
51;2;0;10;10;20;8;0;0
52;2;0;10;10;20;8;0;0
53;2;0;10;10;20;8;0;0
54;2;0;10;10;20;8;0;0
55;2;0;10;10;20;8;0;0
56;2;0;10;10;20;8;0;0
57;2;0;10;10;20;8;0;0
58;2;0;10;10;20;8;0;0
59;2;0;10;10;20;8;0;0
60;2;0;10;10;20;8;0;0
61;2;0;10;10;20;8;0;0
62;2;0;10;10;20;8;0;0
63;2;0;10;10;20;8;0;0
64;2;0;10;10;20;8;0;0
65;2;0;10;10;20;8;0;0
66;2;0;10;10;20;8;0;0
67;2;0;10;10;20;8;0;0
68;2;0;10;10;20;8;0;0
69;2;0;10;10;20;8;0;0
70;2;0;10;10;20;8;0;0
71;2;0;10;10;20;8;0;0
72;2;0;10;10;20;8;0;0
73;2;0;10;10;20;8;0;0
74;2;0;10;10;20;8;0;0
75;2;0;10;10;20;8;0;0
76;2;0;10;10;20;8;0;0
77;2;0;10;10;20;8;0;0
78;2;0;10;10;20;8;0;0
79;2;0;10;10;20;8;0;0
80;2;0;10;10;20;8;0;0
81;2;0;10;10;20;8;0;0
82;2;0;10;10;20;8;0;0
83;2;0;10;10;20;8;0;0
84;2;0;10;10;20;8;0;0
85;2;0;10;10;20;8;0;0
86;2;0;10;10;20;8;0;0
87;2;0;10;10;20;8;0;0
88;2;0;10;10;20;8;0;0
89;2;0;10;10;20;8;0;0
90;2;0;10;10;20;8;0;0
91;2;0;10;10;20;8;0;0
92;2;0;10;10;20;8;0;0
93;2;0;10;10;20;8;0;0
94;2;0;10;10;20;8;0;0
95;2;0;10;10;20;8;0;0
96;2;0;10;10;20;8;0;0
97;2;0;10;10;20;8;0;0
98;2;0;10;10;20;8;0;0
99;2;0;10;10;20;8;0;0
0;2;0;10;10;20;8;0;0
1;2;0;10;10;20;8;0;0
2;2;0;10;10;20;8;0;0
3;2;0;10;10;20;8;0;0
4;2;0;10;10;20;8;0;0
5;2;0;10;10;20;8;0;0
6;2;5;10;10;20;8;144384;1726178101453051007
7;2;0;10;10;20;8;0;0
8;2;0;10;10;20;8;0;0
9;2;0;10;10;20;8;0;0
10;2;0;10;10;20;8;0;0
11;2;0;10;10;20;8;0;0
12;2;0;10;10;20;8;0;0
13;2;0;10;10;20;8;0;0
14;2;0;10;10;20;8;0;0
15;2;0;10;10;20;8;0;0
16;2;0;10;10;20;8;0;0
17;2;0;10;10;20;8;0;0
18;2;0;10;10;20;8;0;0
19;2;0;10;10;20;8;0;0
20;2;0;10;10;20;8;0;0
21;2;0;10;10;20;8;0;0
22;2;0;10;10;20;8;0;0
23;2;0;10;10;20;8;0;0
24;2;0;10;10;20;8;0;0
25;2;0;10;10;20;8;0;0
26;2;0;10;10;20;8;0;0
27;2;0;10;10;20;8;0;0
28;2;0;10;10;20;8;0;0
29;2;0;10;10;20;8;0;0
30;2;0;10;10;20;8;0;0
31;2;0;10;10;20;8;0;0
32;2;0;10;10;20;8;0;0
33;2;0;10;10;20;8;0;0
34;2;0;10;10;20;8;0;0
35;2;0;10;10;20;8;0;0
36;2;0;10;10;20;8;0;0
37;2;0;10;10;20;8;0;0
38;2;0;10;10;20;8;0;0
39;2;0;10;10;20;8;0;0
40;2;5;10;10;20;8;142262;1726178101793151760
41;2;0;10;10;20;8;0;0
42;2;0;10;10;20;8;0;0
43;2;0;10;10;20;8;0;0
44;2;0;10;10;20;8;0;0
45;2;0;10;10;20;8;0;0
46;2;0;10;10;20;8;0;0
47;2;0;10;10;20;8;0;0
48;2;0;10;10;20;8;0;0
49;2;0;10;10;20;8;0;0
50;2;0;10;10;20;8;0;0
51;2;0;10;10;20;8;0;0
52;2;0;10;10;20;8;0;0
53;2;0;10;10;20;8;0;0
54;2;0;10;10;20;8;0;0
55;2;0;10;10;20;8;0;0
56;2;0;10;10;20;8;0;0
57;2;0;10;10;20;8;0;0
58;2;0;10;10;20;8;0;0
59;2;0;10;10;20;8;0;0
60;2;0;10;10;20;8;0;0
61;2;0;10;10;20;8;0;0
62;2;5;10;10;20;8;160906;1726178102013116171
63;2;0;10;10;20;8;0;0
64;2;0;10;10;20;8;0;0
65;2;0;10;10;20;8;0;0
66;2;0;10;10;20;8;0;0
67;2;0;10;10;20;8;0;0
68;2;0;10;10;20;8;0;0
69;2;0;10;10;20;8;0;0
70;2;0;10;10;20;8;0;0
71;2;0;10;10;20;8;0;0
72;2;0;10;10;20;8;0;0
73;2;0;10;10;20;8;0;0
74;2;0;10;10;20;8;0;0
75;2;0;10;10;20;8;0;0
76;2;0;10;10;20;8;0;0
77;2;0;10;10;20;8;0;0
78;2;0;10;10;20;8;0;0
79;2;0;10;10;20;8;0;0
80;2;0;10;10;20;8;0;0
81;2;0;10;10;20;8;0;0
82;2;0;10;10;20;8;0;0
83;2;0;10;10;20;8;0;0
84;2;0;10;10;20;8;0;0
85;2;0;10;10;20;8;0;0
86;2;0;10;10;20;8;0;0
87;2;0;10;10;20;8;0;0
88;2;0;10;10;20;8;0;0
89;2;0;10;10;20;8;0;0
90;2;0;10;10;20;8;0;0
91;2;0;10;10;20;8;0;0
92;2;0;10;10;20;8;0;0
93;2;0;10;10;20;8;0;0
94;2;0;10;10;20;8;0;0
95;2;0;10;10;20;8;0;0
96;2;0;10;10;20;8;0;0
97;2;0;10;10;20;8;0;0
98;2;0;10;10;20;8;0;0
99;2;0;10;10;20;8;0;0
0;2;0;10;10;20;8;0;0
1;2;0;10;10;20;8;0;0
2;2;0;10;10;20;8;0;0
3;2;0;10;10;20;8;0;0
4;2;0;10;10;20;8;0;0
5;2;6;10;10;20;8;142850;1726178101443141223
6;2;0;10;10;20;8;0;0
7;2;0;10;10;20;8;0;0
8;2;0;10;10;20;8;0;0
9;2;6;10;10;20;8;151606;1726178101483118726
10;2;6;10;10;20;8;146281;1726178101493117272
11;2;6;10;10;20;8;168636;1726178101503123256
12;2;6;10;10;20;8;152545;1726178101513119021
13;2;0;10;10;20;8;0;0
14;2;0;10;10;20;8;0;0
15;2;0;10;10;20;8;0;0
16;2;0;10;10;20;8;0;0
17;2;0;10;10;20;8;0;0
18;2;0;10;10;20;8;0;0
19;2;6;10;10;20;8;198656;1726178101583119189
20;2;6;10;10;20;8;154468;1726178101593053379
21;2;0;10;10;20;8;0;0
22;2;6;10;10;20;8;163475;1726178101613119276
23;2;0;10;10;20;8;0;0
24;2;0;10;10;20;8;0;0
25;2;6;10;10;20;8;166104;1726178101643119911
26;2;0;10;10;20;8;0;0
27;2;0;10;10;20;8;0;0
28;2;0;10;10;20;8;0;0
29;2;0;10;10;20;8;0;0
30;2;6;10;10;20;8;166514;1726178101693118152
31;2;0;10;10;20;8;0;0
32;2;0;10;10;20;8;0;0
33;2;0;10;10;20;8;0;0
34;2;6;10;10;20;8;166921;1726178101733121752
35;2;6;10;10;20;8;158935;1726178101743118501
36;2;0;10;10;20;8;0;0
37;2;0;10;10;20;8;0;0
38;2;0;10;10;20;8;0;0
39;2;0;10;10;20;8;0;0
40;2;0;10;10;20;8;0;0
41;2;0;10;10;20;8;0;0
42;2;0;10;10;20;8;0;0
43;2;0;10;10;20;8;0;0
44;2;0;10;10;20;8;0;0
45;2;6;10;10;20;8;141433;1726178101843155276
46;2;6;10;10;20;8;423014;1726178101853100643
47;2;0;10;10;20;8;0;0
48;2;6;10;10;20;8;166457;1726178101873116577
49;2;6;10;10;20;8;181027;1726178101883120582
50;2;0;10;10;20;8;0;0
51;2;0;10;10;20;8;0;0
52;2;0;10;10;20;8;0;0
53;2;0;10;10;20;8;0;0
54;2;6;10;10;20;8;165176;1726178101933115272
55;2;0;10;10;20;8;0;0
56;2;0;10;10;20;8;0;0
57;2;0;10;10;20;8;0;0
58;2;0;10;10;20;8;0;0
59;2;6;10;10;20;8;176620;1726178101983119337
60;2;6;10;10;20;8;165284;1726178101993117293
61;2;0;10;10;20;8;0;0
62;2;0;10;10;20;8;0;0
63;2;0;10;10;20;8;0;0
64;2;0;10;10;20;8;0;0
65;2;6;10;10;20;8;162859;1726178102043118766
66;2;0;10;10;20;8;0;0
67;2;0;10;10;20;8;0;0
68;2;0;10;10;20;8;0;0
69;2;6;10;10;20;8;165299;1726178102083155637
70;2;0;10;10;20;8;0;0
71;2;0;10;10;20;8;0;0
72;2;0;10;10;20;8;0;0
73;2;0;10;10;20;8;0;0
74;2;0;10;10;20;8;0;0
75;2;6;10;10;20;8;145860;1726178102143157553
76;2;0;10;10;20;8;0;0
77;2;6;10;10;20;8;145360;1726178102163154474
78;2;6;10;10;20;8;145472;1726178102173152915
79;2;0;10;10;20;8;0;0
80;2;0;10;10;20;8;0;0
81;2;0;10;10;20;8;0;0
82;2;0;10;10;20;8;0;0
83;2;0;10;10;20;8;0;0
84;2;6;10;10;20;8;151162;1726178102233156858
85;2;0;10;10;20;8;0;0
86;2;0;10;10;20;8;0;0
87;2;0;10;10;20;8;0;0
88;2;0;10;10;20;8;0;0
89;2;6;10;10;20;8;163881;1726178102283160975
90;2;0;10;10;20;8;0;0
91;2;0;10;10;20;8;0;0
92;2;6;10;10;20;8;148841;1726178102313153291
93;2;0;10;10;20;8;0;0
94;2;0;10;10;20;8;0;0
95;2;0;10;10;20;8;0;0
96;2;0;10;10;20;8;0;0
97;2;0;10;10;20;8;0;0
98;2;0;10;10;20;8;0;0
99;2;0;10;10;20;8;0;0
0;2;0;10;10;20;8;0;0
1;2;0;10;10;20;8;0;0
2;2;0;10;10;20;8;0;0
3;2;0;10;10;20;8;0;0
4;2;0;10;10;20;8;0;0
5;2;0;10;10;20;8;0;0
6;2;0;10;10;20;8;0;0
7;2;7;10;10;20;8;148669;1726178101463108902
8;2;7;10;10;20;8;167184;1726178101473120454
9;2;0;10;10;20;8;0;0
10;2;0;10;10;20;8;0;0
11;2;0;10;10;20;8;0;0
12;2;0;10;10;20;8;0;0
13;2;0;10;10;20;8;0;0
14;2;7;10;10;20;8;150503;1726178101533129991
15;2;7;10;10;20;8;137991;1726178101543137208
16;2;0;10;10;20;8;0;0
17;2;7;10;10;20;8;135167;1726178101563138802
18;2;7;10;10;20;8;146400;1726178101573122750
19;2;0;10;10;20;8;0;0
20;2;0;10;10;20;8;0;0
21;2;7;10;10;20;8;155030;1726178101603131381
22;2;0;10;10;20;8;0;0
23;2;7;10;10;20;8;146811;1726178101623122874
24;2;7;10;10;20;8;155247;1726178101633126366
25;2;0;10;10;20;8;0;0
26;2;0;10;10;20;8;0;0
27;2;7;10;10;20;8;146282;1726178101663121567
28;2;7;10;10;20;8;145785;1726178101673120875
29;2;7;10;10;20;8;189986;1726178101683119485
30;2;0;10;10;20;8;0;0
31;2;0;10;10;20;8;0;0
32;2;7;10;10;20;8;150116;1726178101713123208
33;2;7;10;10;20;8;153764;1726178101723122353
34;2;0;10;10;20;8;0;0
35;2;0;10;10;20;8;0;0
36;2;0;10;10;20;8;0;0
37;2;7;10;10;20;8;131412;1726178101763156114
38;2;7;10;10;20;8;124539;1726178101773160812
39;2;7;10;10;20;8;168709;1726178101783162459
40;2;0;10;10;20;8;0;0
41;2;7;10;10;20;8;135580;1726178101803166572
42;2;7;10;10;20;8;139789;1726178101813161458
43;2;7;10;10;20;8;138267;1726178101823166463
44;2;7;10;10;20;8;111694;1726178101833175335
45;2;0;10;10;20;8;0;0
46;2;0;10;10;20;8;0;0
47;2;7;10;10;20;8;133834;1726178101863133753
48;2;0;10;10;20;8;0;0
49;2;0;10;10;20;8;0;0
50;2;7;10;10;20;8;132371;1726178101893136639
51;2;7;10;10;20;8;153456;1726178101903121937
52;2;7;10;10;20;8;147391;1726178101913118735
53;2;0;10;10;20;8;0;0
54;2;0;10;10;20;8;0;0
55;2;7;10;10;20;8;161414;1726178101943123455
56;2;0;10;10;20;8;0;0
57;2;7;10;10;20;8;159696;1726178101963120533
58;2;7;10;10;20;8;157488;1726178101973130138
59;2;0;10;10;20;8;0;0
60;2;0;10;10;20;8;0;0
61;2;7;10;10;20;8;162296;1726178102003127104
62;2;0;10;10;20;8;0;0
63;2;0;10;10;20;8;0;0
64;2;7;10;10;20;8;176978;1726178102033123835
65;2;0;10;10;20;8;0;0
66;2;0;10;10;20;8;0;0
67;2;7;10;10;20;8;133755;1726178102063152125
68;2;7;10;10;20;8;119952;1726178102073169205
69;2;0;10;10;20;8;0;0
70;2;7;10;10;20;8;128725;1726178102093155189
71;2;7;10;10;20;8;100978;1726178102103183146
72;2;7;10;10;20;8;124408;1726178102113161673
73;2;7;10;10;20;8;134956;1726178102123160137
74;2;7;10;10;20;8;125761;1726178102133173184
75;2;0;10;10;20;8;0;0
76;2;0;10;10;20;8;0;0
77;2;0;10;10;20;8;0;0
78;2;0;10;10;20;8;0;0
79;2;7;10;10;20;8;177952;1726178102183160261
80;2;7;10;10;20;8;126921;1726178102193159723
81;2;7;10;10;20;8;128632;1726178102203166143
82;2;7;10;10;20;8;122672;1726178102213164034
83;2;7;10;10;20;8;120375;1726178102223165297
84;2;0;10;10;20;8;0;0
85;2;7;10;10;20;8;142104;1726178102243158339
86;2;0;10;10;20;8;0;0
87;2;7;10;10;20;8;129251;1726178102263157379
88;2;7;10;10;20;8;180769;1726178102273156732
89;2;0;10;10;20;8;0;0
90;2;7;10;10;20;8;121847;1726178102293163102
91;2;7;10;10;20;8;136009;1726178102303161127
92;2;0;10;10;20;8;0;0
93;2;7;10;10;20;8;128640;1726178102323164409
94;2;7;10;10;20;8;129537;1726178102333161226
95;2;0;10;10;20;8;0;0
96;2;0;10;10;20;8;0;0
97;2;7;10;10;20;8;148091;1726178102363124283
98;2;7;10;10;20;8;127228;1726178102373139363
99;2;0;10;10;20;8;0;0
0;2;0;10;10;20;8;0;0
1;2;0;10;10;20;8;0;0
2;2;0;10;10;20;8;0;0
3;2;0;10;10;20;8;0;0
4;2;0;10;10;20;8;0;0
5;2;0;10;10;20;8;0;0
6;2;0;10;10;20;8;0;0
7;2;0;10;10;20;8;0;0
8;2;0;10;10;20;8;0;0
9;2;0;10;10;20;8;0;0
10;2;0;10;10;20;8;0;0
11;2;0;10;10;20;8;0;0
12;2;0;10;10;20;8;0;0
13;2;8;10;10;20;8;145171;1726178101523119823
14;2;0;10;10;20;8;0;0
15;2;0;10;10;20;8;0;0
16;2;0;10;10;20;8;0;0
17;2;0;10;10;20;8;0;0
18;2;0;10;10;20;8;0;0
19;2;0;10;10;20;8;0;0
20;2;0;10;10;20;8;0;0
21;2;0;10;10;20;8;0;0
22;2;0;10;10;20;8;0;0
23;2;0;10;10;20;8;0;0
24;2;0;10;10;20;8;0;0
25;2;0;10;10;20;8;0;0
26;2;8;10;10;20;8;373707;1726178101653129979
27;2;0;10;10;20;8;0;0
28;2;0;10;10;20;8;0;0
29;2;0;10;10;20;8;0;0
30;2;0;10;10;20;8;0;0
31;2;0;10;10;20;8;0;0
32;2;0;10;10;20;8;0;0
33;2;0;10;10;20;8;0;0
34;2;0;10;10;20;8;0;0
35;2;0;10;10;20;8;0;0
36;2;0;10;10;20;8;0;0
37;2;0;10;10;20;8;0;0
38;2;0;10;10;20;8;0;0
39;2;0;10;10;20;8;0;0
40;2;0;10;10;20;8;0;0
41;2;0;10;10;20;8;0;0
42;2;0;10;10;20;8;0;0
43;2;0;10;10;20;8;0;0
44;2;0;10;10;20;8;0;0
45;2;0;10;10;20;8;0;0
46;2;0;10;10;20;8;0;0
47;2;0;10;10;20;8;0;0
48;2;0;10;10;20;8;0;0
49;2;0;10;10;20;8;0;0
50;2;0;10;10;20;8;0;0
51;2;0;10;10;20;8;0;0
52;2;0;10;10;20;8;0;0
53;2;0;10;10;20;8;0;0
54;2;0;10;10;20;8;0;0
55;2;0;10;10;20;8;0;0
56;2;0;10;10;20;8;0;0
57;2;0;10;10;20;8;0;0
58;2;0;10;10;20;8;0;0
59;2;0;10;10;20;8;0;0
60;2;0;10;10;20;8;0;0
61;2;0;10;10;20;8;0;0
62;2;0;10;10;20;8;0;0
63;2;0;10;10;20;8;0;0
64;2;0;10;10;20;8;0;0
65;2;0;10;10;20;8;0;0
66;2;0;10;10;20;8;0;0
67;2;0;10;10;20;8;0;0
68;2;0;10;10;20;8;0;0
69;2;0;10;10;20;8;0;0
70;2;0;10;10;20;8;0;0
71;2;0;10;10;20;8;0;0
72;2;0;10;10;20;8;0;0
73;2;0;10;10;20;8;0;0
74;2;0;10;10;20;8;0;0
75;2;0;10;10;20;8;0;0
76;2;0;10;10;20;8;0;0
77;2;0;10;10;20;8;0;0
78;2;0;10;10;20;8;0;0
79;2;0;10;10;20;8;0;0
80;2;0;10;10;20;8;0;0
81;2;0;10;10;20;8;0;0
82;2;0;10;10;20;8;0;0
83;2;0;10;10;20;8;0;0
84;2;0;10;10;20;8;0;0
85;2;0;10;10;20;8;0;0
86;2;0;10;10;20;8;0;0
87;2;0;10;10;20;8;0;0
88;2;0;10;10;20;8;0;0
89;2;0;10;10;20;8;0;0
90;2;0;10;10;20;8;0;0
91;2;0;10;10;20;8;0;0
92;2;0;10;10;20;8;0;0
93;2;0;10;10;20;8;0;0
94;2;0;10;10;20;8;0;0
95;2;8;10;10;20;8;136763;1726178102343177008
96;2;0;10;10;20;8;0;0
97;2;0;10;10;20;8;0;0
98;2;0;10;10;20;8;0;0
99;2;8;10;10;20;8;193394;1726178102383123512
0;2;0;10;10;20;8;0;0
1;2;0;10;10;20;8;0;0
2;2;0;10;10;20;8;0;0
3;2;0;10;10;20;8;0;0
4;2;0;10;10;20;8;0;0
5;2;0;10;10;20;8;0;0
6;2;0;10;10;20;8;0;0
7;2;0;10;10;20;8;0;0
8;2;0;10;10;20;8;0;0
9;2;0;10;10;20;8;0;0
10;2;0;10;10;20;8;0;0
11;2;0;10;10;20;8;0;0
12;2;0;10;10;20;8;0;0
13;2;0;10;10;20;8;0;0
14;2;0;10;10;20;8;0;0
15;2;0;10;10;20;8;0;0
16;2;9;10;10;20;8;494178;1726178101553151652
17;2;0;10;10;20;8;0;0
18;2;0;10;10;20;8;0;0
19;2;0;10;10;20;8;0;0
20;2;0;10;10;20;8;0;0
21;2;0;10;10;20;8;0;0
22;2;0;10;10;20;8;0;0
23;2;0;10;10;20;8;0;0
24;2;0;10;10;20;8;0;0
25;2;0;10;10;20;8;0;0
26;2;0;10;10;20;8;0;0
27;2;0;10;10;20;8;0;0
28;2;0;10;10;20;8;0;0
29;2;0;10;10;20;8;0;0
30;2;0;10;10;20;8;0;0
31;2;0;10;10;20;8;0;0
32;2;0;10;10;20;8;0;0
33;2;0;10;10;20;8;0;0
34;2;0;10;10;20;8;0;0
35;2;0;10;10;20;8;0;0
36;2;0;10;10;20;8;0;0
37;2;0;10;10;20;8;0;0
38;2;0;10;10;20;8;0;0
39;2;0;10;10;20;8;0;0
40;2;0;10;10;20;8;0;0
41;2;0;10;10;20;8;0;0
42;2;0;10;10;20;8;0;0
43;2;0;10;10;20;8;0;0
44;2;0;10;10;20;8;0;0
45;2;0;10;10;20;8;0;0
46;2;0;10;10;20;8;0;0
47;2;0;10;10;20;8;0;0
48;2;0;10;10;20;8;0;0
49;2;0;10;10;20;8;0;0
50;2;0;10;10;20;8;0;0
51;2;0;10;10;20;8;0;0
52;2;0;10;10;20;8;0;0
53;2;9;10;10;20;8;139414;1726178101923143863
54;2;0;10;10;20;8;0;0
55;2;0;10;10;20;8;0;0
56;2;0;10;10;20;8;0;0
57;2;0;10;10;20;8;0;0
58;2;0;10;10;20;8;0;0
59;2;0;10;10;20;8;0;0
60;2;0;10;10;20;8;0;0
61;2;0;10;10;20;8;0;0
62;2;0;10;10;20;8;0;0
63;2;0;10;10;20;8;0;0
64;2;0;10;10;20;8;0;0
65;2;0;10;10;20;8;0;0
66;2;0;10;10;20;8;0;0
67;2;0;10;10;20;8;0;0
68;2;0;10;10;20;8;0;0
69;2;0;10;10;20;8;0;0
70;2;0;10;10;20;8;0;0
71;2;0;10;10;20;8;0;0
72;2;0;10;10;20;8;0;0
73;2;0;10;10;20;8;0;0
74;2;0;10;10;20;8;0;0
75;2;0;10;10;20;8;0;0
76;2;0;10;10;20;8;0;0
77;2;0;10;10;20;8;0;0
78;2;0;10;10;20;8;0;0
79;2;0;10;10;20;8;0;0
80;2;0;10;10;20;8;0;0
81;2;0;10;10;20;8;0;0
82;2;0;10;10;20;8;0;0
83;2;0;10;10;20;8;0;0
84;2;0;10;10;20;8;0;0
85;2;0;10;10;20;8;0;0
86;2;0;10;10;20;8;0;0
87;2;0;10;10;20;8;0;0
88;2;0;10;10;20;8;0;0
89;2;0;10;10;20;8;0;0
90;2;0;10;10;20;8;0;0
91;2;0;10;10;20;8;0;0
92;2;0;10;10;20;8;0;0
93;2;0;10;10;20;8;0;0
94;2;0;10;10;20;8;0;0
95;2;0;10;10;20;8;0;0
96;2;0;10;10;20;8;0;0
97;2;0;10;10;20;8;0;0
98;2;0;10;10;20;8;0;0
99;2;0;10;10;20;8;0;0
0;2;10;10;10;20;8;395254;1726178101393323332
1;2;10;10;10;20;8;249144;1726178101403338379
2;2;10;10;10;20;8;421104;1726178101413342275
3;2;10;10;10;20;8;283408;1726178101423197303
4;2;10;10;10;20;8;292994;1726178101433182595
5;2;10;10;10;20;8;286173;1726178101443169908
6;2;10;10;10;20;8;287264;1726178101453084326
7;2;10;10;10;20;8;284420;1726178101463143460
8;2;10;10;10;20;8;317497;1726178101473144057
9;2;10;10;10;20;8;297124;1726178101483153260
10;2;10;10;10;20;8;295502;1726178101493148363
11;2;10;10;10;20;8;321263;1726178101503159692
12;2;10;10;10;20;8;288660;1726178101513158328
13;2;10;10;10;20;8;302595;1726178101523134006
14;2;10;10;10;20;8;307836;1726178101533144548
15;2;10;10;10;20;8;272540;1726178101543172922
16;2;10;10;10;20;8;654857;1726178101553155327
17;2;10;10;10;20;8;277241;1726178101563163703
18;2;10;10;10;20;8;280636;1726178101573162484
19;2;10;10;10;20;8;344169;1726178101583147111
20;2;10;10;10;20;8;294725;1726178101593083895
21;2;10;10;10;20;8;300417;1726178101603155050
22;2;10;10;10;20;8;295744;1726178101613155814
23;2;10;10;10;20;8;290301;1726178101623147069
24;2;10;10;10;20;8;297328;1726178101633155962
25;2;10;10;10;20;8;314782;1726178101643153677
26;2;10;10;10;20;8;519337;1726178101653155813
27;2;10;10;10;20;8;275647;1726178101663159130
28;2;10;10;10;20;8;294165;1726178101673143085
29;2;10;10;10;20;8;338462;1726178101683136709
30;2;10;10;10;20;8;322175;1726178101693145102
31;2;10;10;10;20;8;295138;1726178101703175061
32;2;10;10;10;20;8;294314;1726178101713145858
33;2;10;10;10;20;8;304120;1726178101723144966
34;2;10;10;10;20;8;310363;1726178101733149963
35;2;10;10;10;20;8;317350;1726178101743139541
36;2;10;10;10;20;8;421589;1726178101753179002
37;2;10;10;10;20;8;292807;1726178101763171091
38;2;10;10;10;20;8;271921;1726178101773189544
39;2;10;10;10;20;8;339819;1726178101783173382
40;2;10;10;10;20;8;278158;1726178101793198501
41;2;10;10;10;20;8;302753;1726178101803183498
42;2;10;10;10;20;8;305107;1726178101813176980
43;2;10;10;10;20;8;304769;1726178101823190462
44;2;10;10;10;20;8;274863;1726178101833187376
45;2;10;10;10;20;8;293054;1726178101843185754
46;2;10;10;10;20;8;533117;1726178101853157348
47;2;10;10;10;20;8;275447;1726178101863160165
48;2;10;10;10;20;8;309108;1726178101873144915
49;2;10;10;10;20;8;329238;1726178101883145985
50;2;10;10;10;20;8;287384;1726178101893148149
51;2;10;10;10;20;8;299795;1726178101903147615
52;2;10;10;10;20;8;289606;1726178101913147165
53;2;10;10;10;20;8;302007;1726178101923147141
54;2;10;10;10;20;8;304155;1726178101933149037
55;2;10;10;10;20;8;305420;1726178101943150870
56;2;10;10;10;20;8;349817;1726178101953143241
57;2;10;10;10;20;8;306096;1726178101963149816
58;2;10;10;10;20;8;298073;1726178101973159692
59;2;10;10;10;20;8;316902;1726178101983154243
60;2;10;10;10;20;8;299655;1726178101993155034
61;2;10;10;10;20;8;312986;1726178102003154560
62;2;10;10;10;20;8;305575;1726178102013148018
63;2;10;10;10;20;8;147188;1726178102023152069
64;2;10;10;10;20;8;313246;1726178102033157056
65;2;10;10;10;20;8;315576;1726178102043137771
66;2;10;10;10;20;8;403021;1726178102053175842
67;2;10;10;10;20;8;289020;1726178102063172964
68;2;10;10;10;20;8;270556;1726178102073189528
69;2;10;10;10;20;8;316680;1726178102083187694
70;2;10;10;10;20;8;281195;1726178102093169142
71;2;10;10;10;20;8;251036;1726178102103211332
72;2;10;10;10;20;8;275704;1726178102113176743
73;2;10;10;10;20;8;297327;1726178102123180224
74;2;10;10;10;20;8;290010;1726178102133183764
75;2;10;10;10;20;8;306591;1726178102143180914
76;2;10;10;10;20;8;407323;1726178102153187384
77;2;10;10;10;20;8;306569;1726178102163176200
78;2;10;10;10;20;8;308167;1726178102173177170
79;2;10;10;10;20;8;333438;1726178102183174923
80;2;10;10;10;20;8;277370;1726178102193176823
81;2;10;10;10;20;8;302160;1726178102203183462
82;2;10;10;10;20;8;298801;1726178102213181014
83;2;10;10;10;20;8;281648;1726178102223181298
84;2;10;10;10;20;8;304944;1726178102233179617
85;2;10;10;10;20;8;303050;1726178102243179762
86;2;10;10;10;20;8;341250;1726178102253181576
87;2;10;10;10;20;8;275870;1726178102263178061
88;2;10;10;10;20;8;340084;1726178102273176744
89;2;10;10;10;20;8;318706;1726178102283187913
90;2;10;10;10;20;8;284146;1726178102293178498
91;2;10;10;10;20;8;307838;1726178102303179633
92;2;10;10;10;20;8;301719;1726178102313180383
93;2;10;10;10;20;8;289836;1726178102323187530
94;2;10;10;10;20;8;277871;1726178102333178615
95;2;10;10;10;20;8;308847;1726178102343187588
96;2;10;10;10;20;8;375433;1726178102353145630
97;2;10;10;10;20;8;304773;1726178102363140483
98;2;10;10;10;20;8;276058;1726178102373158562
99;2;10;10;10;20;8;409163;1726178102383144510
0;2;11;10;10;20;8;545011;1726178101393332010
1;2;11;10;10;20;8;450414;1726178101403352636
2;2;11;10;10;20;8;569560;1726178101413354727
3;2;11;10;10;20;8;433615;1726178101423206659
4;2;11;10;10;20;8;443758;1726178101433192032
5;2;11;10;10;20;8;438795;1726178101443176692
6;2;11;10;10;20;8;444014;1726178101453091595
7;2;11;10;10;20;8;439965;1726178101463150813
8;2;11;10;10;20;8;467686;1726178101473157072
9;2;11;10;10;20;8;455115;1726178101483158272
10;2;11;10;10;20;8;453718;1726178101493153863
11;2;11;10;10;20;8;477933;1726178101503166253
12;2;11;10;10;20;8;443861;1726178101513166296
13;2;11;10;10;20;8;457911;1726178101523140722
14;2;11;10;10;20;8;464225;1726178101533152711
15;2;11;10;10;20;8;430420;1726178101543177771
16;2;11;10;10;20;8;794130;1726178101553173317
17;2;11;10;10;20;8;428661;1726178101563171382
18;2;11;10;10;20;8;435243;1726178101573166908
19;2;11;10;10;20;8;498758;1726178101583151474
20;2;11;10;10;20;8;446637;1726178101593091424
21;2;11;10;10;20;8;453436;1726178101603162160
22;2;11;10;10;20;8;447513;1726178101613162717
23;2;11;10;10;20;8;445370;1726178101623150364
24;2;11;10;10;20;8;447052;1726178101633165392
25;2;11;10;10;20;8;459848;1726178101643166885
26;2;11;10;10;20;8;652761;1726178101653180211
27;2;11;10;10;20;8;430356;1726178101663162644
28;2;11;10;10;20;8;447744;1726178101673148925
29;2;11;10;10;20;8;493066;1726178101683140247
30;2;11;10;10;20;8;475618;1726178101693149229
31;2;11;10;10;20;8;441808;1726178101703187616
32;2;11;10;10;20;8;446400;1726178101713152392
33;2;11;10;10;20;8;455873;1726178101723152763
34;2;11;10;10;20;8;463629;1726178101733154707
35;2;11;10;10;20;8;472897;1726178101743143074
36;2;11;10;10;20;8;574651;1726178101753185336
37;2;11;10;10;20;8;444229;1726178101763174983
38;2;11;10;10;20;8;423433;1726178101773194280
39;2;11;10;10;20;8;491897;1726178101783176591
40;2;11;10;10;20;8;428997;1726178101793203104
41;2;11;10;10;20;8;446898;1726178101803194759
42;2;11;10;10;20;8;453809;1726178101813183230
43;2;11;10;10;20;8;456242;1726178101823194699
44;2;11;10;10;20;8;426268;1726178101833190863
45;2;11;10;10;20;8;443723;1726178101843190310
46;2;11;10;10;20;8;681902;1726178101853166241
47;2;11;10;10;20;8;428166;1726178101863166665
48;2;11;10;10;20;8;463869;1726178101873148318
49;2;11;10;10;20;8;478268;1726178101883155748
50;2;11;10;10;20;8;441573;1726178101893152518
51;2;11;10;10;20;8;455732;1726178101903150999
52;2;11;10;10;20;8;446762;1726178101913150960
53;2;11;10;10;20;8;459152;1726178101923150262
54;2;11;10;10;20;8;460067;1726178101933152379
55;2;11;10;10;20;8;462442;1726178101943154286
56;2;11;10;10;20;8;501319;1726178101953152621
57;2;11;10;10;20;8;458722;1726178101963156861
58;2;11;10;10;20;8;449572;1726178101973166809
59;2;11;10;10;20;8;471027;1726178101983159242
60;2;11;10;10;20;8;455148;1726178101993158340
61;2;11;10;10;20;8;455667;1726178102003170871
62;2;11;10;10;20;8;456358;1726178102013156365
63;2;11;10;10;20;8;309513;1726178102023155230
64;2;11;10;10;20;8;461396;1726178102033167035
65;2;11;10;10;20;8;471398;1726178102043141239
66;2;11;10;10;20;8;557834;1726178102053182287
67;2;11;10;10;20;8;439424;1726178102063176970
68;2;11;10;10;20;8;432861;1726178102073195719
69;2;11;10;10;20;8;468014;1726178102083191764
70;2;11;10;10;20;8;433599;1726178102093175658
71;2;11;10;10;20;8;403076;1726178102103215580
72;2;11;10;10;20;8;434094;1726178102113187101
73;2;11;10;10;20;8;447223;1726178102123186356
74;2;11;10;10;20;8;440755;1726178102133187269
75;2;11;10;10;20;8;450196;1726178102143191570
76;2;11;10;10;20;8;540267;1726178102153215638
77;2;11;10;10;20;8;458554;1726178102163179804
78;2;11;10;10;20;8;457172;1726178102173183215
79;2;11;10;10;20;8;480665;1726178102183185434
80;2;11;10;10;20;8;432382;1726178102193181048
81;2;11;10;10;20;8;452894;1726178102203189561
82;2;11;10;10;20;8;448761;1726178102213185906
83;2;11;10;10;20;8;432372;1726178102223185783
84;2;11;10;10;20;8;455767;1726178102233183768
85;2;11;10;10;20;8;450321;1726178102243187277
86;2;11;10;10;20;8;498387;1726178102253186063
87;2;11;10;10;20;8;435819;1726178102263183940
88;2;11;10;10;20;8;488401;1726178102273183357
89;2;11;10;10;20;8;473361;1726178102283191761
90;2;11;10;10;20;8;433816;1726178102293184614
91;2;11;10;10;20;8;456772;1726178102303185596
92;2;11;10;10;20;8;447899;1726178102313188072
93;2;11;10;10;20;8;441178;1726178102323192258
94;2;11;10;10;20;8;427968;1726178102333188712
95;2;11;10;10;20;8;458701;1726178102343194579
96;2;11;10;10;20;8;529022;1726178102353152715
97;2;11;10;10;20;8;460432;1726178102363143680
98;2;11;10;10;20;8;420683;1726178102373173269
99;2;11;10;10;20;8;655848;1726178102383152599
0;2;12;10;10;20;8;687908;1726178101393345922
1;2;12;10;10;20;8;600472;1726178101403363582
2;2;12;10;10;20;8;714312;1726178101413367811
3;2;12;10;10;20;8;600937;1726178101423215062
4;2;12;10;10;20;8;596954;1726178101433196449
5;2;12;10;10;20;8;608424;1726178101443180365
6;2;12;10;10;20;8;603302;1726178101453095431
7;2;12;10;10;20;8;598875;1726178101463161126
8;2;12;10;10;20;8;625524;1726178101473160913
9;2;12;10;10;20;8;626136;1726178101483164691
10;2;12;10;10;20;8;607629;1726178101493161816
11;2;12;10;10;20;8;651765;1726178101503173459
12;2;12;10;10;20;8;599813;1726178101513171635
13;2;12;10;10;20;8;633812;1726178101523147579
14;2;12;10;10;20;8;617729;1726178101533160765
15;2;12;10;10;20;8;603513;1726178101543181324
16;2;12;10;10;20;8;923054;1726178101553202013
17;2;12;10;10;20;8;616619;1726178101563185169
18;2;12;10;10;20;8;590073;1726178101573170356
19;2;12;10;10;20;8;670335;1726178101583156604
20;2;12;10;10;20;8;607966;1726178101593103867
21;2;12;10;10;20;8;652107;1726178101603168908
22;2;12;10;10;20;8;597494;1726178101613170005
23;2;12;10;10;20;8;615448;1726178101623153736
24;2;12;10;10;20;8;600801;1726178101633170504
25;2;12;10;10;20;8;624409;1726178101643174951
26;2;12;10;10;20;8;806112;1726178101653185566
27;2;12;10;10;20;8;605225;1726178101663168678
28;2;12;10;10;20;8;597439;1726178101673157209
29;2;12;10;10;20;8;636453;1726178101683161615
30;2;12;10;10;20;8;621218;1726178101693159661
31;2;12;10;10;20;8;611119;1726178101703192433
32;2;12;10;10;20;8;596780;1726178101713160860
33;2;12;10;10;20;8;618448;1726178101723163399
34;2;12;10;10;20;8;612417;1726178101733163141
35;2;12;10;10;20;8;636766;1726178101743154633
36;2;12;10;10;20;8;726345;1726178101753191418
37;2;12;10;10;20;8;637685;1726178101763185007
38;2;12;10;10;20;8;575273;1726178101773198032
39;2;12;10;10;20;8;687683;1726178101783180168
40;2;12;10;10;20;8;580019;1726178101793206465
41;2;12;10;10;20;8;599138;1726178101803204605
42;2;12;10;10;20;8;600459;1726178101813190108
43;2;12;10;10;20;8;626621;1726178101823201959
44;2;12;10;10;20;8;577556;1726178101833194102
45;2;12;10;10;20;8;635186;1726178101843196048
46;2;12;10;10;20;8;831249;1726178101853173916
47;2;12;10;10;20;8;648060;1726178101863172627
48;2;12;10;10;20;8;619226;1726178101873151664
49;2;12;10;10;20;8;637443;1726178101883162644
50;2;12;10;10;20;8;595847;1726178101893156590
51;2;12;10;10;20;8;626667;1726178101903154335
52;2;12;10;10;20;8;597589;1726178101913159244
53;2;12;10;10;20;8;630099;1726178101923154217
54;2;12;10;10;20;8;614176;1726178101933156404
55;2;12;10;10;20;8;634169;1726178101943157683
56;2;12;10;10;20;8;655417;1726178101953156368
57;2;12;10;10;20;8;624116;1726178101963166122
58;2;12;10;10;20;8;601002;1726178101973173075
59;2;12;10;10;20;8;638148;1726178101983166383
60;2;12;10;10;20;8;607361;1726178101993162107
61;2;12;10;10;20;8;616159;1726178102003175437
62;2;12;10;10;20;8;606699;1726178102013163426
63;2;12;10;10;20;8;465279;1726178102023158993
64;2;12;10;10;20;8;609321;1726178102033176509
65;2;12;10;10;20;8;632979;1726178102043144529
66;2;12;10;10;20;8;682975;1726178102053215189
67;2;12;10;10;20;8;629301;1726178102063184366
68;2;12;10;10;20;8;581410;1726178102073202112
69;2;12;10;10;20;8;653259;1726178102083196092
70;2;12;10;10;20;8;583753;1726178102093182339
71;2;12;10;10;20;8;599912;1726178102103219469
72;2;12;10;10;20;8;583698;1726178102113191661
73;2;12;10;10;20;8;610743;1726178102123193844
74;2;12;10;10;20;8;591124;1726178102133190502
75;2;12;10;10;20;8;615281;1726178102143197512
76;2;12;10;10;20;8;688149;1726178102153225316
77;2;12;10;10;20;8;650923;1726178102163185932
78;2;12;10;10;20;8;606290;1726178102173189235
79;2;12;10;10;20;8;659655;1726178102183193031
80;2;12;10;10;20;8;582624;1726178102193188640
81;2;12;10;10;20;8;632967;1726178102203199859
82;2;12;10;10;20;8;596776;1726178102213192017
83;2;12;10;10;20;8;594000;1726178102223193604
84;2;12;10;10;20;8;605210;1726178102233187784
85;2;12;10;10;20;8;613801;1726178102243191129
86;2;12;10;10;20;8;653170;1726178102253189819
87;2;12;10;10;20;8;625036;1726178102263190577
88;2;12;10;10;20;8;636040;1726178102273189344
89;2;12;10;10;20;8;644382;1726178102283197450
90;2;12;10;10;20;8;579918;1726178102293194652
91;2;12;10;10;20;8;622701;1726178102303190366
92;2;12;10;10;20;8;596450;1726178102313192621
93;2;12;10;10;20;8;632222;1726178102323198369
94;2;12;10;10;20;8;591105;1726178102333192718
95;2;12;10;10;20;8;652082;1726178102343199205
96;2;12;10;10;20;8;679892;1726178102353160281
97;2;12;10;10;20;8;663748;1726178102363154941
98;2;12;10;10;20;8;574235;1726178102373177584
99;2;12;10;10;20;8;868113;1726178102383161734
0;2;13;10;10;20;8;834575;1726178101393356014
1;2;13;10;10;20;8;749764;1726178101403373613
2;2;13;10;10;20;8;859051;1726178101413380581
3;2;13;10;10;20;8;748638;1726178101423224781
4;2;13;10;10;20;8;748119;1726178101433203197
5;2;13;10;10;20;8;758098;1726178101443188345
6;2;13;10;10;20;8;780897;1726178101453101983
7;2;13;10;10;20;8;755287;1726178101463167385
8;2;13;10;10;20;8;779072;1726178101473168316
9;2;13;10;10;20;8;780096;1726178101483173099
10;2;13;10;10;20;8;762823;1726178101493168165
11;2;13;10;10;20;8;807064;1726178101503180216
12;2;13;10;10;20;8;754366;1726178101513178558
13;2;13;10;10;20;8;790246;1726178101523153995
14;2;13;10;10;20;8;771911;1726178101533167925
15;2;13;10;10;20;8;761660;1726178101543185201
16;2;13;10;10;20;8;1074609;1726178101553209054
17;2;13;10;10;20;8;768566;1726178101563192946
18;2;13;10;10;20;8;743612;1726178101573173788
19;2;13;10;10;20;8;819434;1726178101583163739
20;2;13;10;10;20;8;757354;1726178101593112833
21;2;13;10;10;20;8;801662;1726178101603177836
22;2;13;10;10;20;8;745377;1726178101613179807
23;2;13;10;10;20;8;769736;1726178101623157138
24;2;13;10;10;20;8;751031;1726178101633178696
25;2;13;10;10;20;8;775311;1726178101643181509
26;2;13;10;10;20;8;959322;1726178101653189321
27;2;13;10;10;20;8;758505;1726178101663175423
28;2;13;10;10;20;8;744560;1726178101673166266
29;2;13;10;10;20;8;785431;1726178101683169514
30;2;13;10;10;20;8;769205;1726178101693166778
31;2;13;10;10;20;8;766198;1726178101703196259
32;2;13;10;10;20;8;744923;1726178101713169913
33;2;13;10;10;20;8;765845;1726178101723174128
34;2;13;10;10;20;8;763799;1726178101733169726
35;2;13;10;10;20;8;786440;1726178101743162830
36;2;13;10;10;20;8;853840;1726178101753221793
37;2;13;10;10;20;8;789624;1726178101763188704
38;2;13;10;10;20;8;725887;1726178101773201433
39;2;13;10;10;20;8;836426;1726178101783183976
40;2;13;10;10;20;8;730433;1726178101793209553
41;2;13;10;10;20;8;748783;1726178101803208759
42;2;13;10;10;20;8;747904;1726178101813196327
43;2;13;10;10;20;8;771248;1726178101823208711
44;2;13;10;10;20;8;728317;1726178101833197688
45;2;13;10;10;20;8;778606;1726178101843206616
46;2;13;10;10;20;8;977157;1726178101853185099
47;2;13;10;10;20;8;795256;1726178101863183951
48;2;13;10;10;20;8;764027;1726178101873163581
49;2;13;10;10;20;8;791186;1726178101883166444
50;2;13;10;10;20;8;749648;1726178101893160079
51;2;13;10;10;20;8;773665;1726178101903165906
52;2;13;10;10;20;8;749156;1726178101913166108
53;2;13;10;10;20;8;786133;1726178101923157504
54;2;13;10;10;20;8;767999;1726178101933160221
55;2;13;10;10;20;8;780286;1726178101943171650
56;2;13;10;10;20;8;805864;1726178101953163780
57;2;13;10;10;20;8;778989;1726178101963170142
58;2;13;10;10;20;8;747052;1726178101973184375
59;2;13;10;10;20;8;791234;1726178101983170384
60;2;13;10;10;20;8;762353;1726178101993165403
61;2;13;10;10;20;8;770507;1726178102003179198
62;2;13;10;10;20;8;756503;1726178102013171140
63;2;13;10;10;20;8;635889;1726178102023162210
64;2;13;10;10;20;8;759632;1726178102033183172
65;2;13;10;10;20;8;782819;1726178102043152543
66;2;13;10;10;20;8;831319;1726178102053223660
67;2;13;10;10;20;8;776102;1726178102063191042
68;2;13;10;10;20;8;727893;1726178102073208528
69;2;13;10;10;20;8;800372;1726178102083202550
70;2;13;10;10;20;8;734095;1726178102093188313
71;2;13;10;10;20;8;748910;1726178102103225073
72;2;13;10;10;20;8;730689;1726178102113198179
73;2;13;10;10;20;8;760004;1726178102123198426
74;2;13;10;10;20;8;739991;1726178102133194070
75;2;13;10;10;20;8;762113;1726178102143204020
76;2;13;10;10;20;8;832699;1726178102153237839
77;2;13;10;10;20;8;795760;1726178102163194206
78;2;13;10;10;20;8;753970;1726178102173195853
79;2;13;10;10;20;8;804457;1726178102183200785
80;2;13;10;10;20;8;733821;1726178102193193372
81;2;13;10;10;20;8;782763;1726178102203204115
82;2;13;10;10;20;8;739134;1726178102213203416
83;2;13;10;10;20;8;741248;1726178102223200112
84;2;13;10;10;20;8;751462;1726178102233194523
85;2;13;10;10;20;8;760011;1726178102243197484
86;2;13;10;10;20;8;782541;1726178102253218108
87;2;13;10;10;20;8;771644;1726178102263196721
88;2;13;10;10;20;8;780326;1726178102273197684
89;2;13;10;10;20;8;789982;1726178102283207544
90;2;13;10;10;20;8;729118;1726178102293198844
91;2;13;10;10;20;8;769251;1726178102303196886
92;2;13;10;10;20;8;743547;1726178102313198977
93;2;13;10;10;20;8;779883;1726178102323205284
94;2;13;10;10;20;8;740947;1726178102333196615
95;2;13;10;10;20;8;799987;1726178102343205107
96;2;13;10;10;20;8;799869;1726178102353198018
97;2;13;10;10;20;8;818555;1726178102363159126
98;2;13;10;10;20;8;728288;1726178102373180983
99;2;13;10;10;20;8;1051008;1726178102383175746
0;2;14;10;10;20;8;981856;1726178101393365772
1;2;14;10;10;20;8;896800;1726178101403385381
2;2;14;10;10;20;8;991421;1726178101413406338
3;2;14;10;10;20;8;893914;1726178101423236760
4;2;14;10;10;20;8;892174;1726178101433216511
5;2;14;10;10;20;8;923338;1726178101443194296
6;2;14;10;10;20;8;943426;1726178101453108597
7;2;14;10;10;20;8;911686;1726178101463173463
8;2;14;10;10;20;8;933020;1726178101473174620
9;2;14;10;10;20;8;936584;1726178101483177313
10;2;14;10;10;20;8;912966;1726178101493179709
11;2;14;10;10;20;8;961461;1726178101503187239
12;2;14;10;10;20;8;908996;1726178101513185824
13;2;14;10;10;20;8;940507;1726178101523164728
14;2;14;10;10;20;8;925672;1726178101533174430
15;2;14;10;10;20;8;929287;1726178101543188964
16;2;14;10;10;20;8;1227095;1726178101553213114
17;2;14;10;10;20;8;921889;1726178101563198449
18;2;14;10;10;20;8;898106;1726178101573177356
19;2;14;10;10;20;8;964673;1726178101583174383
20;2;14;10;10;20;8;909364;1726178101593116506
21;2;14;10;10;20;8;952754;1726178101603184550
22;2;14;10;10;20;8;899594;1726178101613183753
23;2;14;10;10;20;8;919049;1726178101623165205
24;2;14;10;10;20;8;901960;1726178101633184729
25;2;14;10;10;20;8;926289;1726178101643187323
26;2;14;10;10;20;8;1113321;1726178101653192684
27;2;14;10;10;20;8;910818;1726178101663180175
28;2;14;10;10;20;8;897655;1726178101673170094
29;2;14;10;10;20;8;935908;1726178101683175950
30;2;14;10;10;20;8;919614;1726178101693171585
31;2;14;10;10;20;8;920611;1726178101703199891
32;2;14;10;10;20;8;894591;1726178101713176728
33;2;14;10;10;20;8;918482;1726178101723178099
34;2;14;10;10;20;8;913954;1726178101733177337
35;2;14;10;10;20;8;950302;1726178101743166770
36;2;14;10;10;20;8;1004762;1726178101753227907
37;2;14;10;10;20;8;938490;1726178101763194529
38;2;14;10;10;20;8;875262;1726178101773204756
39;2;14;10;10;20;8;985931;1726178101783187553
40;2;14;10;10;20;8;879776;1726178101793213204
41;2;14;10;10;20;8;899063;1726178101803212306
42;2;14;10;10;20;8;908404;1726178101813203694
43;2;14;10;10;20;8;918076;1726178101823212603
44;2;14;10;10;20;8;878245;1726178101833201291
45;2;14;10;10;20;8;943550;1726178101843210193
46;2;14;10;10;20;8;1125924;1726178101853192308
47;2;14;10;10;20;8;946347;1726178101863188865
48;2;14;10;10;20;8;913364;1726178101873171114
49;2;14;10;10;20;8;940871;1726178101883173526
50;2;14;10;10;20;8;898234;1726178101893168541
51;2;14;10;10;20;8;920535;1726178101903176548
52;2;14;10;10;20;8;897206;1726178101913176057
53;2;14;10;10;20;8;940310;1726178101923161079
54;2;14;10;10;20;8;916299;1726178101933168628
55;2;14;10;10;20;8;933028;1726178101943176818
56;2;14;10;10;20;8;958663;1726178101953168059
57;2;14;10;10;20;8;932129;1726178101963173652
58;2;14;10;10;20;8;900161;1726178101973188592
59;2;14;10;10;20;8;941843;1726178101983176881
60;2;14;10;10;20;8;916442;1726178101993168947
61;2;14;10;10;20;8;924275;1726178102003182739
62;2;14;10;10;20;8;907710;1726178102013177630
63;2;14;10;10;20;8;789001;1726178102023165825
64;2;14;10;10;20;8;909930;1726178102033189252
65;2;14;10;10;20;8;946259;1726178102043156820
66;2;14;10;10;20;8;981859;1726178102053229451
67;2;14;10;10;20;8;922845;1726178102063197025
68;2;14;10;10;20;8;875093;1726178102073214879
69;2;14;10;10;20;8;942639;1726178102083213696
70;2;14;10;10;20;8;884979;1726178102093194576
71;2;14;10;10;20;8;895209;1726178102103231596
72;2;14;10;10;20;8;878013;1726178102113203978
73;2;14;10;10;20;8;906635;1726178102123204625
74;2;14;10;10;20;8;888931;1726178102133197613
75;2;14;10;10;20;8;908535;1726178102143210201
76;2;14;10;10;20;8;985266;1726178102153242287
77;2;14;10;10;20;8;944628;1726178102163197959
78;2;14;10;10;20;8;902196;1726178102173200548
79;2;14;10;10;20;8;953202;1726178102183204658
80;2;14;10;10;20;8;877331;1726178102193205760
81;2;14;10;10;20;8;932041;1726178102203209666
82;2;14;10;10;20;8;886083;1726178102213209103
83;2;14;10;10;20;8;887270;1726178102223206586
84;2;14;10;10;20;8;899144;1726178102233200868
85;2;14;10;10;20;8;905919;1726178102243205100
86;2;14;10;10;20;8;933256;1726178102253224613
87;2;14;10;10;20;8;919511;1726178102263202429
88;2;14;10;10;20;8;930516;1726178102273201390
89;2;14;10;10;20;8;943022;1726178102283211602
90;2;14;10;10;20;8;875838;1726178102293204979
91;2;14;10;10;20;8;914542;1726178102303204175
92;2;14;10;10;20;8;889720;1726178102313205072
93;2;14;10;10;20;8;928718;1726178102323210867
94;2;14;10;10;20;8;886932;1726178102333202929
95;2;14;10;10;20;8;962328;1726178102343211410
96;2;14;10;10;20;8;952148;1726178102353202226
97;2;14;10;10;20;8;968382;1726178102363166526
98;2;14;10;10;20;8;881046;1726178102373184505
99;2;14;10;10;20;8;1269738;1726178102383180252
0;2;15;10;10;20;8;1128756;1726178101393376077
1;2;15;10;10;20;8;1037775;1726178101403403718
2;2;15;10;10;20;8;1135633;1726178101413420490
3;2;15;10;10;20;8;1041939;1726178101423245261
4;2;15;10;10;20;8;1043929;1726178101433221518
5;2;15;10;10;20;8;1081067;1726178101443197883
6;2;15;10;10;20;8;1098081;1726178101453114996
7;2;15;10;10;20;8;1068533;1726178101463179962
8;2;15;10;10;20;8;1087089;1726178101473182042
9;2;15;10;10;20;8;1093914;1726178101483181931
10;2;15;10;10;20;8;1069876;1726178101493184265
11;2;15;10;10;20;8;1118286;1726178101503192352
12;2;15;10;10;20;8;1060595;1726178101513195264
13;2;15;10;10;20;8;1098220;1726178101523168624
14;2;15;10;10;20;8;1079161;1726178101533180980
15;2;15;10;10;20;8;1081335;1726178101543192913
16;2;15;10;10;20;8;1380194;1726178101553216726
17;2;15;10;10;20;8;1073667;1726178101563204887
18;2;15;10;10;20;8;1052682;1726178101573180717
19;2;15;10;10;20;8;1113520;1726178101583181308
20;2;15;10;10;20;8;1060822;1726178101593120338
21;2;15;10;10;20;8;1102796;1726178101603190824
22;2;15;10;10;20;8;1052710;1726178101613188148
23;2;15;10;10;20;8;1072040;1726178101623169313
24;2;15;10;10;20;8;1049525;1726178101633196201
25;2;15;10;10;20;8;1078069;1726178101643193568
26;2;15;10;10;20;8;1243327;1726178101653220470
27;2;15;10;10;20;8;1060513;1726178101663186785
28;2;15;10;10;20;8;1047720;1726178101673176388
29;2;15;10;10;20;8;1087309;1726178101683181105
30;2;15;10;10;20;8;1067774;1726178101693178236
31;2;15;10;10;20;8;1069653;1726178101703208133
32;2;15;10;10;20;8;1043528;1726178101713183821
33;2;15;10;10;20;8;1068364;1726178101723184097
34;2;15;10;10;20;8;1058737;1726178101733189766
35;2;15;10;10;20;8;1095328;1726178101743173984
36;2;15;10;10;20;8;1155566;1726178101753233496
37;2;15;10;10;20;8;1087460;1726178101763199310
38;2;15;10;10;20;8;1024204;1726178101773208436
39;2;15;10;10;20;8;1134780;1726178101783191543
40;2;15;10;10;20;8;1027431;1726178101793217557
41;2;15;10;10;20;8;1047178;1726178101803218243
42;2;15;10;10;20;8;1068800;1726178101813210108
43;2;15;10;10;20;8;1064336;1726178101823218585
44;2;15;10;10;20;8;1028359;1726178101833204581
45;2;15;10;10;20;8;1095610;1726178101843214141
46;2;15;10;10;20;8;1277139;1726178101853198548
47;2;15;10;10;20;8;1094994;1726178101863197853
48;2;15;10;10;20;8;1061348;1726178101873179888
49;2;15;10;10;20;8;1091369;1726178101883179685
50;2;15;10;10;20;8;1043692;1726178101893180286
51;2;15;10;10;20;8;1073313;1726178101903180478
52;2;15;10;10;20;8;1049947;1726178101913180440
53;2;15;10;10;20;8;1093872;1726178101923164320
54;2;15;10;10;20;8;1067477;1726178101933173056
55;2;15;10;10;20;8;1074706;1726178101943192404
56;2;15;10;10;20;8;1086751;1726178101953197077
57;2;15;10;10;20;8;1083896;1726178101963179571
58;2;15;10;10;20;8;1049404;1726178101973196057
59;2;15;10;10;20;8;1086122;1726178101983188646
60;2;15;10;10;20;8;1070716;1726178101993172387
61;2;15;10;10;20;8;1073918;1726178102003189326
62;2;15;10;10;20;8;1054736;1726178102013187811
63;2;15;10;10;20;8;942555;1726178102023169431
64;2;15;10;10;20;8;1060771;1726178102033195097
65;2;15;10;10;20;8;1090307;1726178102043164633
66;2;15;10;10;20;8;1126897;1726178102053239976
67;2;15;10;10;20;8;1069217;1726178102063202964
68;2;15;10;10;20;8;1024907;1726178102073220748
69;2;15;10;10;20;8;1092146;1726178102083217261
70;2;15;10;10;20;8;1035742;1726178102093200835
71;2;15;10;10;20;8;1040975;1726178102103238920
72;2;15;10;10;20;8;1024983;1726178102113211686
73;2;15;10;10;20;8;1048310;1726178102123214957
74;2;15;10;10;20;8;1038798;1726178102133200873
75;2;15;10;10;20;8;1055778;1726178102143216154
76;2;15;10;10;20;8;1134407;1726178102153251049
77;2;15;10;10;20;8;1094309;1726178102163201388
78;2;15;10;10;20;8;1049430;1726178102173206336
79;2;15;10;10;20;8;1098930;1726178102183210783
80;2;15;10;10;20;8;1018355;1726178102193220992
81;2;15;10;10;20;8;1073915;1726178102203223978
82;2;15;10;10;20;8;1033993;1726178102213215184
83;2;15;10;10;20;8;1029162;1726178102223217620
84;2;15;10;10;20;8;1042975;1726178102233208717
85;2;15;10;10;20;8;1050622;1726178102243213269
86;2;15;10;10;20;8;1081815;1726178102253232119
87;2;15;10;10;20;8;1066341;1726178102263208705
88;2;15;10;10;20;8;1076957;1726178102273207137
89;2;15;10;10;20;8;1096661;1726178102283215686
90;2;15;10;10;20;8;1024485;1726178102293210794
91;2;15;10;10;20;8;1061893;1726178102303208900
92;2;15;10;10;20;8;1034679;1726178102313213201
93;2;15;10;10;20;8;1074469;1726178102323217386
94;2;15;10;10;20;8;1032969;1726178102333210250
95;2;15;10;10;20;8;1113628;1726178102343217945
96;2;15;10;10;20;8;1106783;1726178102353206345
97;2;15;10;10;20;8;1121935;1726178102363170350
98;2;15;10;10;20;8;1035307;1726178102373187853
99;2;15;10;10;20;8;1454204;1726178102383184027
0;2;16;10;10;20;8;1266981;1726178101393395647
1;2;16;10;10;20;8;1173666;1726178101403426806
2;2;16;10;10;20;8;1277799;1726178101413435403
3;2;16;10;10;20;8;1192933;1726178101423251577
4;2;16;10;10;20;8;1194115;1726178101433228626
5;2;16;10;10;20;8;1236341;1726178101443204164
6;2;16;10;10;20;8;1252400;1726178101453121751
7;2;16;10;10;20;8;1220396;1726178101463190319
8;2;16;10;10;20;8;1241874;1726178101473188509
9;2;16;10;10;20;8;1247677;1726178101483188636
10;2;16;10;10;20;8;1224009;1726178101493191863
11;2;16;10;10;20;8;1273736;1726178101503198260
12;2;16;10;10;20;8;1218148;1726178101513199332
13;2;16;10;10;20;8;1253708;1726178101523174815
14;2;16;10;10;20;8;1232843;1726178101533187734
15;2;16;10;10;20;8;1235366;1726178101543196660
16;2;16;10;10;20;8;1513998;1726178101553240070
17;2;16;10;10;20;8;1223455;1726178101563213819
18;2;16;10;10;20;8;1206748;1726178101573184342
19;2;16;10;10;20;8;1264965;1726178101583185801
20;2;16;10;10;20;8;1201858;1726178101593135039
21;2;16;10;10;20;8;1251990;1726178101603197600
22;2;16;10;10;20;8;1204856;1726178101613194154
23;2;16;10;10;20;8;1223735;1726178101623175700
24;2;16;10;10;20;8;1198179;1726178101633203785
25;2;16;10;10;20;8;1226919;1726178101643201934
26;2;16;10;10;20;8;1396482;1726178101653224469
27;2;16;10;10;20;8;1208547;1726178101663195409
28;2;16;10;10;20;8;1194581;1726178101673187529
29;2;16;10;10;20;8;1237393;1726178101683187390
30;2;16;10;10;20;8;1216346;1726178101693185999
31;2;16;10;10;20;8;1216483;1726178101703220080
32;2;16;10;10;20;8;1190315;1726178101713192828
33;2;16;10;10;20;8;1221652;1726178101723187993
34;2;16;10;10;20;8;1212176;1726178101733193697
35;2;16;10;10;20;8;1241045;1726178101743180767
36;2;16;10;10;20;8;1305677;1726178101753239824
37;2;16;10;10;20;8;1236103;1726178101763204741
38;2;16;10;10;20;8;1174459;1726178101773211723
39;2;16;10;10;20;8;1265806;1726178101783214011
40;2;16;10;10;20;8;1175810;1726178101793221459
41;2;16;10;10;20;8;1192749;1726178101803225057
42;2;16;10;10;20;8;1214917;1726178101813216259
43;2;16;10;10;20;8;1211055;1726178101823225265
44;2;16;10;10;20;8;1178212;1726178101833208292
45;2;16;10;10;20;8;1229441;1726178101843235495
46;2;16;10;10;20;8;1424763;1726178101853208005
47;2;16;10;10;20;8;1248590;1726178101863201590
48;2;16;10;10;20;8;1213537;1726178101873184024
49;2;16;10;10;20;8;1240873;1726178101883186422
50;2;16;10;10;20;8;1195377;1726178101893186875
51;2;16;10;10;20;8;1222967;1726178101903187434
52;2;16;10;10;20;8;1197001;1726178101913191090
53;2;16;10;10;20;8;1249117;1726178101923167954
54;2;16;10;10;20;8;1218982;1726178101933179572
55;2;16;10;10;20;8;1228943;1726178101943196770
56;2;16;10;10;20;8;1236413;1726178101953203453
57;2;16;10;10;20;8;1234624;1726178101963186732
58;2;16;10;10;20;8;1201821;1726178101973200943
59;2;16;10;10;20;8;1235589;1726178101983196455
60;2;16;10;10;20;8;1225204;1726178101993175643
61;2;16;10;10;20;8;1223907;1726178102003197080
62;2;16;10;10;20;8;1207905;1726178102013191850
63;2;16;10;10;20;8;1096709;1726178102023172719
64;2;16;10;10;20;8;1211036;1726178102033202135
65;2;16;10;10;20;8;1238407;1726178102043168504
66;2;16;10;10;20;8;1275413;1726178102053248387
67;2;16;10;10;20;8;1213822;1726178102063212474
68;2;16;10;10;20;8;1172717;1726178102073227033
69;2;16;10;10;20;8;1226293;1726178102083236731
70;2;16;10;10;20;8;1187217;1726178102093205960
71;2;16;10;10;20;8;1186057;1726178102103246777
72;2;16;10;10;20;8;1173188;1726178102113217664
73;2;16;10;10;20;8;1194052;1726178102123221262
74;2;16;10;10;20;8;1187312;1726178102133204488
75;2;16;10;10;20;8;1202545;1726178102143222102
76;2;16;10;10;20;8;1286660;1726178102153256370
77;2;16;10;10;20;8;1241073;1726178102163206520
78;2;16;10;10;20;8;1195455;1726178102173213133
79;2;16;10;10;20;8;1242858;1726178102183218347
80;2;16;10;10;20;8;1169690;1726178102193226389
81;2;16;10;10;20;8;1222653;1726178102203228978
82;2;16;10;10;20;8;1177435;1726178102213225753
83;2;16;10;10;20;8;1175332;1726178102223224203
84;2;16;10;10;20;8;1189761;1726178102233214379
85;2;16;10;10;20;8;1199305;1726178102243216836
86;2;16;10;10;20;8;1233880;1726178102253236538
87;2;16;10;10;20;8;1208605;1726178102263218723
88;2;16;10;10;20;8;1212687;1726178102273224247
89;2;16;10;10;20;8;1231811;1726178102283236811
90;2;16;10;10;20;8;1171863;1726178102293217076
91;2;16;10;10;20;8;1208425;1726178102303215102
92;2;16;10;10;20;8;1181502;1726178102313219339
93;2;16;10;10;20;8;1220744;1726178102323223740
94;2;16;10;10;20;8;1182170;1726178102333214960
95;2;16;10;10;20;8;1264963;1726178102343224435
96;2;16;10;10;20;8;1260447;1726178102353210161
97;2;16;10;10;20;8;1273339;1726178102363176520
98;2;16;10;10;20;8;1188307;1726178102373191403
99;2;16;10;10;20;8;1622865;1726178102383187421
0;2;17;10;10;20;8;1414213;1726178101393407596
1;2;17;10;10;20;8;1324912;1726178101403434436
2;2;17;10;10;20;8;1425302;1726178101413446274
3;2;17;10;10;20;8;1342749;1726178101423260388
4;2;17;10;10;20;8;1335082;1726178101433245785
5;2;17;10;10;20;8;1385808;1726178101443215365
6;2;17;10;10;20;8;1408934;1726178101453128010
7;2;17;10;10;20;8;1374365;1726178101463199068
8;2;17;10;10;20;8;1397021;1726178101473194797
9;2;17;10;10;20;8;1397448;1726178101483199512
10;2;17;10;10;20;8;1377476;1726178101493200245
11;2;17;10;10;20;8;1430200;1726178101503203468
12;2;17;10;10;20;8;1371708;1726178101513206487
13;2;17;10;10;20;8;1408819;1726178101523181516
14;2;17;10;10;20;8;1387157;1726178101533194502
15;2;17;10;10;20;8;1388945;1726178101543200280
16;2;17;10;10;20;8;1646794;1726178101553263864
17;2;17;10;10;20;8;1373580;1726178101563222268
18;2;17;10;10;20;8;1362597;1726178101573187678
19;2;17;10;10;20;8;1415269;1726178101583191949
20;2;17;10;10;20;8;1353564;1726178101593139780
21;2;17;10;10;20;8;1400846;1726178101603204046
22;2;17;10;10;20;8;1351936;1726178101613205162
23;2;17;10;10;20;8;1375384;1726178101623182007
24;2;17;10;10;20;8;1348245;1726178101633211645
25;2;17;10;10;20;8;1380038;1726178101643206022
26;2;17;10;10;20;8;1551634;1726178101653228174
27;2;17;10;10;20;8;1360620;1726178101663199506
28;2;17;10;10;20;8;1346244;1726178101673194682
29;2;17;10;10;20;8;1387996;1726178101683193457
30;2;17;10;10;20;8;1370347;1726178101693190007
31;2;17;10;10;20;8;1370645;1726178101703224254
32;2;17;10;10;20;8;1339488;1726178101713200101
33;2;17;10;10;20;8;1372244;1726178101723194771
34;2;17;10;10;20;8;1365405;1726178101733197455
35;2;17;10;10;20;8;1382780;1726178101743192055
36;2;17;10;10;20;8;1457015;1726178101753245776
37;2;17;10;10;20;8;1383206;1726178101763212661
38;2;17;10;10;20;8;1324521;1726178101773215423
39;2;17;10;10;20;8;1397254;1726178101783235959
40;2;17;10;10;20;8;1325786;1726178101793224836
41;2;17;10;10;20;8;1338644;1726178101803231624
42;2;17;10;10;20;8;1362566;1726178101813221068
43;2;17;10;10;20;8;1358625;1726178101823231734
44;2;17;10;10;20;8;1329014;1726178101833211648
45;2;17;10;10;20;8;1380848;1726178101843240036
46;2;17;10;10;20;8;1557336;1726178101853231835
47;2;17;10;10;20;8;1400457;1726178101863207792
48;2;17;10;10;20;8;1362884;1726178101873190043
49;2;17;10;10;20;8;1385616;1726178101883197830
50;2;17;10;10;20;8;1342114;1726178101893198006
51;2;17;10;10;20;8;1373595;1726178101903193739
52;2;17;10;10;20;8;1348736;1726178101913196870
53;2;17;10;10;20;8;1405620;1726178101923171512
54;2;17;10;10;20;8;1368450;1726178101933187017
55;2;17;10;10;20;8;1380287;1726178101943202817
56;2;17;10;10;20;8;1380050;1726178101953217806
57;2;17;10;10;20;8;1388554;1726178101963191512
58;2;17;10;10;20;8;1354365;1726178101973207126
59;2;17;10;10;20;8;1374991;1726178101983215711
60;2;17;10;10;20;8;1379377;1726178101993179232
61;2;17;10;10;20;8;1377630;1726178102003201317
62;2;17;10;10;20;8;1350515;1726178102013206257
63;2;17;10;10;20;8;1250131;1726178102023176357
64;2;17;10;10;20;8;1362409;1726178102033208322
65;2;17;10;10;20;8;1383652;1726178102043175610
66;2;17;10;10;20;8;1425592;1726178102053255897
67;2;17;10;10;20;8;1362570;1726178102063216497
68;2;17;10;10;20;8;1320609;1726178102073233422
69;2;17;10;10;20;8;1374977;1726178102083240673
70;2;17;10;10;20;8;1338491;1726178102093211693
71;2;17;10;10;20;8;1333127;1726178102103254317
72;2;17;10;10;20;8;1320999;1726178102113223608
73;2;17;10;10;20;8;1342732;1726178102123225118
74;2;17;10;10;20;8;1337422;1726178102133207879
75;2;17;10;10;20;8;1347576;1726178102143228568
76;2;17;10;10;20;8;1436289;1726178102153263237
77;2;17;10;10;20;8;1388424;1726178102163212702
78;2;17;10;10;20;8;1344803;1726178102173217162
79;2;17;10;10;20;8;1375745;1726178102183237936
80;2;17;10;10;20;8;1315512;1726178102193236931
81;2;17;10;10;20;8;1371012;1726178102203234546
82;2;17;10;10;20;8;1325390;1726178102213231715
83;2;17;10;10;20;8;1325534;1726178102223228082
84;2;17;10;10;20;8;1336484;1726178102233220680
85;2;17;10;10;20;8;1345453;1726178102243223239
86;2;17;10;10;20;8;1381762;1726178102253246723
87;2;17;10;10;20;8;1354005;1726178102263226204
88;2;17;10;10;20;8;1360432;1726178102273228887
89;2;17;10;10;20;8;1380211;1726178102283244678
90;2;17;10;10;20;8;1319456;1726178102293223398
91;2;17;10;10;20;8;1354331;1726178102303221365
92;2;17;10;10;20;8;1330490;1726178102313223825
93;2;17;10;10;20;8;1368478;1726178102323229904
94;2;17;10;10;20;8;1329725;1726178102333221580
95;2;17;10;10;20;8;1414759;1726178102343231051
96;2;17;10;10;20;8;1406999;1726178102353221924
97;2;17;10;10;20;8;1420792;1726178102363185866
98;2;17;10;10;20;8;1342280;1726178102373194913
99;2;17;10;10;20;8;1810391;1726178102383194206
0;2;18;10;10;20;8;1555047;1726178101393424706
1;2;18;10;10;20;8;1459774;1726178101403458533
2;2;18;10;10;20;8;1567063;1726178101413463861
3;2;18;10;10;20;8;1491670;1726178101423268567
4;2;18;10;10;20;8;1487102;1726178101433251508
5;2;18;10;10;20;8;1538982;1726178101443223235
6;2;18;10;10;20;8;1564265;1726178101453134574
7;2;18;10;10;20;8;1522813;1726178101463213158
8;2;18;10;10;20;8;1547955;1726178101473205267
9;2;18;10;10;20;8;1547604;1726178101483209681
10;2;18;10;10;20;8;1534790;1726178101493204583
11;2;18;10;10;20;8;1584988;1726178101503209596
12;2;18;10;10;20;8;1525811;1726178101513213369
13;2;18;10;10;20;8;1561785;1726178101523188807
14;2;18;10;10;20;8;1543062;1726178101533201018
15;2;18;10;10;20;8;1542035;1726178101543204404
16;2;18;10;10;20;8;1797250;1726178101553270449
17;2;18;10;10;20;8;1524022;1726178101563230087
18;2;18;10;10;20;8;1516854;1726178101573190947
19;2;18;10;10;20;8;1562705;1726178101583201627
20;2;18;10;10;20;8;1505459;1726178101593143695
21;2;18;10;10;20;8;1550690;1726178101603210521
22;2;18;10;10;20;8;1504881;1726178101613209275
23;2;18;10;10;20;8;1518095;1726178101623196983
24;2;18;10;10;20;8;1498489;1726178101633218511
25;2;18;10;10;20;8;1528452;1726178101643214515
26;2;18;10;10;20;8;1692626;1726178101653246041
27;2;18;10;10;20;8;1511269;1726178101663205764
28;2;18;10;10;20;8;1497664;1726178101673200599
29;2;18;10;10;20;8;1541747;1726178101683197221
30;2;18;10;10;20;8;1523893;1726178101693193622
31;2;18;10;10;20;8;1522310;1726178101703230289
32;2;18;10;10;20;8;1488807;1726178101713207455
33;2;18;10;10;20;8;1523248;1726178101723201086
34;2;18;10;10;20;8;1509016;1726178101733210532
35;2;18;10;10;20;8;1531843;1726178101743196045
36;2;18;10;10;20;8;1608009;1726178101753252530
37;2;18;10;10;20;8;1534387;1726178101763216479
38;2;18;10;10;20;8;1474589;1726178101773219322
39;2;18;10;10;20;8;1541993;1726178101783244408
40;2;18;10;10;20;8;1475591;1726178101793228452
41;2;18;10;10;20;8;1480586;1726178101803242136
42;2;18;10;10;20;8;1509209;1726178101813227887
43;2;18;10;10;20;8;1505704;1726178101823238047
44;2;18;10;10;20;8;1478590;1726178101833215455
45;2;18;10;10;20;8;1528890;1726178101843247967
46;2;18;10;10;20;8;1688523;1726178101853257525
47;2;18;10;10;20;8;1552424;1726178101863213678
48;2;18;10;10;20;8;1513750;1726178101873196411
49;2;18;10;10;20;8;1517362;1726178101883222759
50;2;18;10;10;20;8;1496265;1726178101893201982
51;2;18;10;10;20;8;1523919;1726178101903200169
52;2;18;10;10;20;8;1500285;1726178101913203156
53;2;18;10;10;20;8;1559515;1726178101923175232
54;2;18;10;10;20;8;1515512;1726178101933197600
55;2;18;10;10;20;8;1529052;1726178101943211377
56;2;18;10;10;20;8;1532875;1726178101953222748
57;2;18;10;10;20;8;1536417;1726178101963201564
58;2;18;10;10;20;8;1501558;1726178101973218244
59;2;18;10;10;20;8;1526024;1726178101983222086
60;2;18;10;10;20;8;1534205;1726178101993182786
61;2;18;10;10;20;8;1530665;1726178102003205722
62;2;18;10;10;20;8;1503521;1726178102013210893
63;2;18;10;10;20;8;1404596;1726178102023180325
64;2;18;10;10;20;8;1513899;1726178102033215095
65;2;18;10;10;20;8;1529801;1726178102043182114
66;2;18;10;10;20;8;1577485;1726178102053262151
67;2;18;10;10;20;8;1511661;1726178102063220990
68;2;18;10;10;20;8;1468019;1726178102073239618
69;2;18;10;10;20;8;1525532;1726178102083244351
70;2;18;10;10;20;8;1477053;1726178102093230698
71;2;18;10;10;20;8;1476274;1726178102103265966
72;2;18;10;10;20;8;1468765;1726178102113229602
73;2;18;10;10;20;8;1489260;1726178102123231034
74;2;18;10;10;20;8;1486307;1726178102133211608
75;2;18;10;10;20;8;1493980;1726178102143234254
76;2;18;10;10;20;8;1586586;1726178102153270033
77;2;18;10;10;20;8;1535160;1726178102163219577
78;2;18;10;10;20;8;1492032;1726178102173223368
79;2;18;10;10;20;8;1523533;1726178102183241954
80;2;18;10;10;20;8;1465859;1726178102193243859
81;2;18;10;10;20;8;1515581;1726178102203242834
82;2;18;10;10;20;8;1472972;1726178102213237732
83;2;18;10;10;20;8;1472669;1726178102223234436
84;2;18;10;10;20;8;1480121;1726178102233229779
85;2;18;10;10;20;8;1490885;1726178102243230465
86;2;18;10;10;20;8;1532851;1726178102253253456
87;2;18;10;10;20;8;1503634;1726178102263229707
88;2;18;10;10;20;8;1509235;1726178102273232206
89;2;18;10;10;20;8;1530647;1726178102283251298
90;2;18;10;10;20;8;1465035;1726178102293231375
91;2;18;10;10;20;8;1501074;1726178102303227726
92;2;18;10;10;20;8;1477719;1726178102313230050
93;2;18;10;10;20;8;1515657;1726178102323236187
94;2;18;10;10;20;8;1477496;1726178102333228252
95;2;18;10;10;20;8;1565994;1726178102343237542
96;2;18;10;10;20;8;1559526;1726178102353226263
97;2;18;10;10;20;8;1571737;1726178102363191572
98;2;18;10;10;20;8;1495854;1726178102373198163
99;2;18;10;10;20;8;1962820;1726178102383202901
0;2;19;10;10;20;8;1700132;1726178101393438675
1;2;19;10;10;20;8;1608764;1726178101403468922
2;2;19;10;10;20;8;1714612;1726178101413475825
3;2;19;10;10;20;8;1642074;1726178101423276195
4;2;19;10;10;20;8;1635416;1726178101433261854
5;2;19;10;10;20;8;1696698;1726178101443227274
6;2;19;10;10;20;8;1725463;1726178101453140530
7;2;19;10;10;20;8;1676523;1726178101463222199
8;2;19;10;10;20;8;1700864;1726178101473214327
9;2;19;10;10;20;8;1703389;1726178101483215968
10;2;19;10;10;20;8;1692495;1726178101493209076
11;2;19;10;10;20;8;1739704;1726178101503217457
12;2;19;10;10;20;8;1680147;1726178101513221615
13;2;19;10;10;20;8;1717517;1726178101523195071
14;2;19;10;10;20;8;1698634;1726178101533207482
15;2;19;10;10;20;8;1695489;1726178101543208439
16;2;19;10;10;20;8;1948326;1726178101553277057
17;2;19;10;10;20;8;1679279;1726178101563233866
18;2;19;10;10;20;8;1671594;1726178101573194669
19;2;19;10;10;20;8;1697250;1726178101583224795
20;2;19;10;10;20;8;1658148;1726178101593148436
21;2;19;10;10;20;8;1702986;1726178101603217207
22;2;19;10;10;20;8;1659692;1726178101613213197
23;2;19;10;10;20;8;1671527;1726178101623201556
24;2;19;10;10;20;8;1650047;1726178101633224896
25;2;19;10;10;20;8;1681840;1726178101643218911
26;2;19;10;10;20;8;1846021;1726178101653252088
27;2;19;10;10;20;8;1662820;1726178101663212335
28;2;19;10;10;20;8;1649969;1726178101673206912
29;2;19;10;10;20;8;1693735;1726178101683202770
30;2;19;10;10;20;8;1678401;1726178101693197001
31;2;19;10;10;20;8;1673559;1726178101703236723
32;2;19;10;10;20;8;1640394;1726178101713213698
33;2;19;10;10;20;8;1673412;1726178101723207984
34;2;19;10;10;20;8;1661430;1726178101733215453
35;2;19;10;10;20;8;1681043;1726178101743200282
36;2;19;10;10;20;8;1759768;1726178101753258522
37;2;19;10;10;20;8;1685517;1726178101763219761
38;2;19;10;10;20;8;1625329;1726178101773222905
39;2;19;10;10;20;8;1689177;1726178101783251106
40;2;19;10;10;20;8;1625834;1726178101793231789
41;2;19;10;10;20;8;1628409;1726178101803248552
42;2;19;10;10;20;8;1657918;1726178101813234258
43;2;19;10;10;20;8;1653784;1726178101823244093
44;2;19;10;10;20;8;1628001;1726178101833219168
45;2;19;10;10;20;8;1676887;1726178101843256746
46;2;19;10;10;20;8;1839055;1726178101853264925
47;2;19;10;10;20;8;1706000;1726178101863219603
48;2;19;10;10;20;8;1664811;1726178101873203911
49;2;19;10;10;20;8;1667267;1726178101883230222
50;2;19;10;10;20;8;1650978;1726178101893205316
51;2;19;10;10;20;8;1674344;1726178101903207704
52;2;19;10;10;20;8;1650732;1726178101913211368
53;2;19;10;10;20;8;1714550;1726178101923179219
54;2;19;10;10;20;8;1669098;1726178101933203160
55;2;19;10;10;20;8;1682620;1726178101943216444
56;2;19;10;10;20;8;1685935;1726178101953226506
57;2;19;10;10;20;8;1687854;1726178101963208302
58;2;19;10;10;20;8;1650232;1726178101973227675
59;2;19;10;10;20;8;1677290;1726178101983229027
60;2;19;10;10;20;8;1689350;1726178101993186146
61;2;19;10;10;20;8;1682302;1726178102003212112
62;2;19;10;10;20;8;1659491;1726178102013214313
63;2;19;10;10;20;8;1558362;1726178102023184203
64;2;19;10;10;20;8;1664778;1726178102033222179
65;2;19;10;10;20;8;1676004;1726178102043189262
66;2;19;10;10;20;8;1729987;1726178102053268282
67;2;19;10;10;20;8;1659785;1726178102063227149
68;2;19;10;10;20;8;1617322;1726178102073245538
69;2;19;10;10;20;8;1669512;1726178102083254713
70;2;19;10;10;20;8;1626654;1726178102093238673
71;2;19;10;10;20;8;1624424;1726178102103272703
72;2;19;10;10;20;8;1617754;1726178102113235367
73;2;19;10;10;20;8;1636532;1726178102123237463
74;2;19;10;10;20;8;1635798;1726178102133215477
75;2;19;10;10;20;8;1639521;1726178102143243200
76;2;19;10;10;20;8;1725682;1726178102153288032
77;2;19;10;10;20;8;1686957;1726178102163222970
78;2;19;10;10;20;8;1666821;1726178102173230678
79;2;19;10;10;20;8;1654231;1726178102183263910
80;2;19;10;10;20;8;1616271;1726178102193251206
81;2;19;10;10;20;8;1663989;1726178102203250106
82;2;19;10;10;20;8;1623831;1726178102213241937
83;2;19;10;10;20;8;1617233;1726178102223244680
84;2;19;10;10;20;8;1627459;1726178102233237360
85;2;19;10;10;20;8;1635675;1726178102243239734
86;2;19;10;10;20;8;1685070;1726178102253260040
87;2;19;10;10;20;8;1651616;1726178102263235759
88;2;19;10;10;20;8;1659423;1726178102273235313
89;2;19;10;10;20;8;1684094;1726178102283256233
90;2;19;10;10;20;8;1613919;1726178102293237245
91;2;19;10;10;20;8;1649768;1726178102303234111
92;2;19;10;10;20;8;1626970;1726178102313236682
93;2;19;10;10;20;8;1662736;1726178102323242387
94;2;19;10;10;20;8;1641616;1726178102333237793
95;2;19;10;10;20;8;1718179;1726178102343243753
96;2;19;10;10;20;8;1708630;1726178102353234715
97;2;19;10;10;20;8;1724913;1726178102363195955
98;2;19;10;10;20;8;1651218;1726178102373201841
99;2;19;10;10;20;8;2105661;1726178102383221802
0;3;0;10;10;20;8;0;0
1;3;0;10;10;20;8;0;0
2;3;0;10;10;20;8;0;0
3;3;0;10;10;20;8;0;0
4;3;0;10;10;20;8;0;0
5;3;0;10;10;20;8;0;0
6;3;0;10;10;20;8;0;0
7;3;0;10;10;20;8;0;0
8;3;0;10;10;20;8;0;0
9;3;0;10;10;20;8;0;0
10;3;0;10;10;20;8;0;0
11;3;0;10;10;20;8;0;0
12;3;0;10;10;20;8;0;0
13;3;0;10;10;20;8;0;0
14;3;0;10;10;20;8;0;0
15;3;0;10;10;20;8;0;0
16;3;0;10;10;20;8;0;0
17;3;0;10;10;20;8;0;0
18;3;0;10;10;20;8;0;0
19;3;0;10;10;20;8;0;0
20;3;0;10;10;20;8;0;0
21;3;0;10;10;20;8;0;0
22;3;0;10;10;20;8;0;0
23;3;0;10;10;20;8;0;0
24;3;0;10;10;20;8;0;0
25;3;0;10;10;20;8;0;0
26;3;0;10;10;20;8;257068;1726178101653082020
27;3;0;10;10;20;8;0;0
28;3;0;10;10;20;8;0;0
29;3;0;10;10;20;8;0;0
30;3;0;10;10;20;8;0;0
31;3;0;10;10;20;8;0;0
32;3;0;10;10;20;8;0;0
33;3;0;10;10;20;8;0;0
34;3;0;10;10;20;8;0;0
35;3;0;10;10;20;8;0;0
36;3;0;10;10;20;8;0;0
37;3;0;10;10;20;8;0;0
38;3;0;10;10;20;8;0;0
39;3;0;10;10;20;8;0;0
40;3;0;10;10;20;8;0;0
41;3;0;10;10;20;8;0;0
42;3;0;10;10;20;8;0;0
43;3;0;10;10;20;8;0;0
44;3;0;10;10;20;8;0;0
45;3;0;10;10;20;8;0;0
46;3;0;10;10;20;8;218489;1726178101853037116
47;3;0;10;10;20;8;0;0
48;3;0;10;10;20;8;0;0
49;3;0;10;10;20;8;0;0
50;3;0;10;10;20;8;0;0
51;3;0;10;10;20;8;0;0
52;3;0;10;10;20;8;0;0
53;3;0;10;10;20;8;0;0
54;3;0;10;10;20;8;0;0
55;3;0;10;10;20;8;0;0
56;3;0;10;10;20;8;0;0
57;3;0;10;10;20;8;0;0
58;3;0;10;10;20;8;0;0
59;3;0;10;10;20;8;0;0
60;3;0;10;10;20;8;0;0
61;3;0;10;10;20;8;0;0
62;3;0;10;10;20;8;0;0
63;3;0;10;10;20;8;0;0
64;3;0;10;10;20;8;0;0
65;3;0;10;10;20;8;0;0
66;3;0;10;10;20;8;0;0
67;3;0;10;10;20;8;0;0
68;3;0;10;10;20;8;0;0
69;3;0;10;10;20;8;0;0
70;3;0;10;10;20;8;0;0
71;3;0;10;10;20;8;0;0
72;3;0;10;10;20;8;0;0
73;3;0;10;10;20;8;0;0
74;3;0;10;10;20;8;0;0
75;3;0;10;10;20;8;0;0
76;3;0;10;10;20;8;295256;1726178102153088217
77;3;0;10;10;20;8;0;0
78;3;0;10;10;20;8;0;0
79;3;0;10;10;20;8;0;0
80;3;0;10;10;20;8;0;0
81;3;0;10;10;20;8;0;0
82;3;0;10;10;20;8;0;0
83;3;0;10;10;20;8;0;0
84;3;0;10;10;20;8;0;0
85;3;0;10;10;20;8;0;0
86;3;0;10;10;20;8;254896;1726178102253087152
87;3;0;10;10;20;8;0;0
88;3;0;10;10;20;8;0;0
89;3;0;10;10;20;8;0;0
90;3;0;10;10;20;8;0;0
91;3;0;10;10;20;8;0;0
92;3;0;10;10;20;8;0;0
93;3;0;10;10;20;8;0;0
94;3;0;10;10;20;8;0;0
95;3;0;10;10;20;8;0;0
96;3;0;10;10;20;8;0;0
97;3;0;10;10;20;8;0;0
98;3;0;10;10;20;8;0;0
99;3;0;10;10;20;8;0;0
0;3;0;10;10;20;8;0;0
1;3;0;10;10;20;8;0;0
2;3;0;10;10;20;8;0;0
3;3;0;10;10;20;8;0;0
4;3;0;10;10;20;8;0;0
5;3;0;10;10;20;8;0;0
6;3;0;10;10;20;8;0;0
7;3;0;10;10;20;8;0;0
8;3;0;10;10;20;8;0;0
9;3;0;10;10;20;8;0;0
10;3;0;10;10;20;8;0;0
11;3;0;10;10;20;8;0;0
12;3;0;10;10;20;8;0;0
13;3;0;10;10;20;8;0;0
14;3;0;10;10;20;8;0;0
15;3;0;10;10;20;8;0;0
16;3;1;10;10;20;8;339353;1726178101553105145
17;3;0;10;10;20;8;0;0
18;3;0;10;10;20;8;0;0
19;3;0;10;10;20;8;0;0
20;3;0;10;10;20;8;0;0
21;3;0;10;10;20;8;0;0
22;3;0;10;10;20;8;0;0
23;3;0;10;10;20;8;0;0
24;3;0;10;10;20;8;0;0
25;3;0;10;10;20;8;0;0
26;3;0;10;10;20;8;0;0
27;3;0;10;10;20;8;0;0
28;3;0;10;10;20;8;0;0
29;3;0;10;10;20;8;0;0
30;3;0;10;10;20;8;0;0
31;3;0;10;10;20;8;0;0
32;3;0;10;10;20;8;0;0
33;3;0;10;10;20;8;0;0
34;3;0;10;10;20;8;0;0
35;3;0;10;10;20;8;0;0
36;3;1;10;10;20;8;249284;1726178101753121269
37;3;0;10;10;20;8;0;0
38;3;0;10;10;20;8;0;0
39;3;0;10;10;20;8;0;0
40;3;0;10;10;20;8;0;0
41;3;0;10;10;20;8;0;0
42;3;0;10;10;20;8;0;0
43;3;0;10;10;20;8;0;0
44;3;0;10;10;20;8;0;0
45;3;0;10;10;20;8;0;0
46;3;0;10;10;20;8;0;0
47;3;0;10;10;20;8;0;0
48;3;0;10;10;20;8;0;0
49;3;0;10;10;20;8;0;0
50;3;0;10;10;20;8;0;0
51;3;0;10;10;20;8;0;0
52;3;0;10;10;20;8;0;0
53;3;0;10;10;20;8;0;0
54;3;0;10;10;20;8;0;0
55;3;0;10;10;20;8;0;0
56;3;1;10;10;20;8;215243;1726178101953099528
57;3;0;10;10;20;8;0;0
58;3;0;10;10;20;8;0;0
59;3;0;10;10;20;8;0;0
60;3;0;10;10;20;8;0;0
61;3;0;10;10;20;8;0;0
62;3;0;10;10;20;8;0;0
63;3;0;10;10;20;8;0;0
64;3;0;10;10;20;8;0;0
65;3;0;10;10;20;8;0;0
66;3;1;10;10;20;8;246380;1726178102053123451
67;3;0;10;10;20;8;0;0
68;3;0;10;10;20;8;0;0
69;3;0;10;10;20;8;0;0
70;3;0;10;10;20;8;0;0
71;3;0;10;10;20;8;0;0
72;3;0;10;10;20;8;0;0
73;3;0;10;10;20;8;0;0
74;3;0;10;10;20;8;0;0
75;3;0;10;10;20;8;0;0
76;3;0;10;10;20;8;0;0
77;3;0;10;10;20;8;0;0
78;3;0;10;10;20;8;0;0
79;3;0;10;10;20;8;0;0
80;3;0;10;10;20;8;0;0
81;3;0;10;10;20;8;0;0
82;3;0;10;10;20;8;0;0
83;3;0;10;10;20;8;0;0
84;3;0;10;10;20;8;0;0
85;3;0;10;10;20;8;0;0
86;3;0;10;10;20;8;0;0
87;3;0;10;10;20;8;0;0
88;3;0;10;10;20;8;0;0
89;3;0;10;10;20;8;0;0
90;3;0;10;10;20;8;0;0
91;3;0;10;10;20;8;0;0
92;3;0;10;10;20;8;0;0
93;3;0;10;10;20;8;0;0
94;3;0;10;10;20;8;0;0
95;3;0;10;10;20;8;0;0
96;3;1;10;10;20;8;227808;1726178102353100459
97;3;0;10;10;20;8;0;0
98;3;0;10;10;20;8;0;0
99;3;0;10;10;20;8;0;0
0;3;0;10;10;20;8;0;0
1;3;0;10;10;20;8;0;0
2;3;0;10;10;20;8;0;0
3;3;0;10;10;20;8;0;0
4;3;0;10;10;20;8;0;0
5;3;0;10;10;20;8;0;0
6;3;0;10;10;20;8;0;0
7;3;0;10;10;20;8;0;0
8;3;0;10;10;20;8;0;0
9;3;0;10;10;20;8;0;0
10;3;0;10;10;20;8;0;0
11;3;0;10;10;20;8;0;0
12;3;0;10;10;20;8;0;0
13;3;0;10;10;20;8;0;0
14;3;0;10;10;20;8;0;0
15;3;0;10;10;20;8;0;0
16;3;0;10;10;20;8;0;0
17;3;0;10;10;20;8;0;0
18;3;0;10;10;20;8;0;0
19;3;0;10;10;20;8;0;0
20;3;0;10;10;20;8;0;0
21;3;0;10;10;20;8;0;0
22;3;0;10;10;20;8;0;0
23;3;0;10;10;20;8;0;0
24;3;0;10;10;20;8;0;0
25;3;0;10;10;20;8;0;0
26;3;0;10;10;20;8;0;0
27;3;0;10;10;20;8;0;0
28;3;0;10;10;20;8;0;0
29;3;0;10;10;20;8;0;0
30;3;0;10;10;20;8;0;0
31;3;0;10;10;20;8;0;0
32;3;0;10;10;20;8;0;0
33;3;0;10;10;20;8;0;0
34;3;0;10;10;20;8;0;0
35;3;0;10;10;20;8;0;0
36;3;0;10;10;20;8;0;0
37;3;0;10;10;20;8;0;0
38;3;0;10;10;20;8;0;0
39;3;0;10;10;20;8;0;0
40;3;0;10;10;20;8;0;0
41;3;0;10;10;20;8;0;0
42;3;0;10;10;20;8;0;0
43;3;0;10;10;20;8;0;0
44;3;0;10;10;20;8;0;0
45;3;0;10;10;20;8;0;0
46;3;0;10;10;20;8;0;0
47;3;0;10;10;20;8;0;0
48;3;0;10;10;20;8;0;0
49;3;0;10;10;20;8;0;0
50;3;0;10;10;20;8;0;0
51;3;0;10;10;20;8;0;0
52;3;0;10;10;20;8;0;0
53;3;0;10;10;20;8;0;0
54;3;0;10;10;20;8;0;0
55;3;0;10;10;20;8;0;0
56;3;0;10;10;20;8;0;0
57;3;0;10;10;20;8;0;0
58;3;0;10;10;20;8;0;0
59;3;0;10;10;20;8;0;0
60;3;0;10;10;20;8;0;0
61;3;0;10;10;20;8;0;0
62;3;0;10;10;20;8;0;0
63;3;0;10;10;20;8;0;0
64;3;0;10;10;20;8;0;0
65;3;0;10;10;20;8;0;0
66;3;0;10;10;20;8;0;0
67;3;0;10;10;20;8;0;0
68;3;0;10;10;20;8;0;0
69;3;0;10;10;20;8;0;0
70;3;0;10;10;20;8;0;0
71;3;0;10;10;20;8;0;0
72;3;0;10;10;20;8;0;0
73;3;0;10;10;20;8;0;0
74;3;0;10;10;20;8;0;0
75;3;0;10;10;20;8;0;0
76;3;0;10;10;20;8;0;0
77;3;0;10;10;20;8;0;0
78;3;0;10;10;20;8;0;0
79;3;0;10;10;20;8;0;0
80;3;0;10;10;20;8;0;0
81;3;0;10;10;20;8;0;0
82;3;0;10;10;20;8;0;0
83;3;0;10;10;20;8;0;0
84;3;0;10;10;20;8;0;0
85;3;0;10;10;20;8;0;0
86;3;0;10;10;20;8;0;0
87;3;0;10;10;20;8;0;0
88;3;0;10;10;20;8;0;0
89;3;0;10;10;20;8;0;0
90;3;0;10;10;20;8;0;0
91;3;0;10;10;20;8;0;0
92;3;0;10;10;20;8;0;0
93;3;0;10;10;20;8;0;0
94;3;0;10;10;20;8;0;0
95;3;0;10;10;20;8;0;0
96;3;0;10;10;20;8;0;0
97;3;0;10;10;20;8;0;0
98;3;0;10;10;20;8;0;0
99;3;0;10;10;20;8;0;0
0;3;0;10;10;20;8;0;0
1;3;0;10;10;20;8;0;0
2;3;0;10;10;20;8;0;0
3;3;0;10;10;20;8;0;0
4;3;0;10;10;20;8;0;0
5;3;0;10;10;20;8;0;0
6;3;0;10;10;20;8;0;0
7;3;0;10;10;20;8;0;0
8;3;0;10;10;20;8;0;0
9;3;0;10;10;20;8;0;0
10;3;0;10;10;20;8;0;0
11;3;0;10;10;20;8;0;0
12;3;0;10;10;20;8;0;0
13;3;0;10;10;20;8;0;0
14;3;0;10;10;20;8;0;0
15;3;0;10;10;20;8;0;0
16;3;0;10;10;20;8;0;0
17;3;0;10;10;20;8;0;0
18;3;0;10;10;20;8;0;0
19;3;0;10;10;20;8;0;0
20;3;0;10;10;20;8;0;0
21;3;0;10;10;20;8;0;0
22;3;0;10;10;20;8;0;0
23;3;0;10;10;20;8;0;0
24;3;0;10;10;20;8;0;0
25;3;0;10;10;20;8;0;0
26;3;0;10;10;20;8;0;0
27;3;0;10;10;20;8;0;0
28;3;0;10;10;20;8;0;0
29;3;0;10;10;20;8;0;0
30;3;0;10;10;20;8;0;0
31;3;0;10;10;20;8;0;0
32;3;0;10;10;20;8;0;0
33;3;0;10;10;20;8;0;0
34;3;0;10;10;20;8;0;0
35;3;0;10;10;20;8;0;0
36;3;0;10;10;20;8;0;0
37;3;0;10;10;20;8;0;0
38;3;0;10;10;20;8;0;0
39;3;0;10;10;20;8;0;0
40;3;0;10;10;20;8;0;0
41;3;0;10;10;20;8;0;0
42;3;0;10;10;20;8;0;0
43;3;0;10;10;20;8;0;0
44;3;0;10;10;20;8;0;0
45;3;0;10;10;20;8;0;0
46;3;0;10;10;20;8;0;0
47;3;0;10;10;20;8;0;0
48;3;0;10;10;20;8;0;0
49;3;0;10;10;20;8;0;0
50;3;0;10;10;20;8;0;0
51;3;0;10;10;20;8;0;0
52;3;0;10;10;20;8;0;0
53;3;0;10;10;20;8;0;0
54;3;0;10;10;20;8;0;0
55;3;0;10;10;20;8;0;0
56;3;0;10;10;20;8;0;0
57;3;0;10;10;20;8;0;0
58;3;0;10;10;20;8;0;0
59;3;0;10;10;20;8;0;0
60;3;0;10;10;20;8;0;0
61;3;0;10;10;20;8;0;0
62;3;0;10;10;20;8;0;0
63;3;0;10;10;20;8;0;0
64;3;0;10;10;20;8;0;0
65;3;0;10;10;20;8;0;0
66;3;0;10;10;20;8;0;0
67;3;0;10;10;20;8;0;0
68;3;0;10;10;20;8;0;0
69;3;0;10;10;20;8;0;0
70;3;0;10;10;20;8;0;0
71;3;0;10;10;20;8;0;0
72;3;0;10;10;20;8;0;0
73;3;0;10;10;20;8;0;0
74;3;0;10;10;20;8;0;0
75;3;0;10;10;20;8;0;0
76;3;0;10;10;20;8;0;0
77;3;0;10;10;20;8;0;0
78;3;0;10;10;20;8;0;0
79;3;0;10;10;20;8;0;0
80;3;0;10;10;20;8;0;0
81;3;0;10;10;20;8;0;0
82;3;0;10;10;20;8;0;0
83;3;0;10;10;20;8;0;0
84;3;0;10;10;20;8;0;0
85;3;0;10;10;20;8;0;0
86;3;0;10;10;20;8;0;0
87;3;0;10;10;20;8;0;0
88;3;0;10;10;20;8;0;0
89;3;0;10;10;20;8;0;0
90;3;0;10;10;20;8;0;0
91;3;0;10;10;20;8;0;0
92;3;0;10;10;20;8;0;0
93;3;0;10;10;20;8;0;0
94;3;0;10;10;20;8;0;0
95;3;0;10;10;20;8;0;0
96;3;0;10;10;20;8;0;0
97;3;0;10;10;20;8;0;0
98;3;0;10;10;20;8;0;0
99;3;0;10;10;20;8;0;0
0;3;0;10;10;20;8;0;0
1;3;0;10;10;20;8;0;0
2;3;0;10;10;20;8;0;0
3;3;4;10;10;20;8;172971;1726178101423128627
4;3;0;10;10;20;8;0;0
5;3;0;10;10;20;8;0;0
6;3;0;10;10;20;8;0;0
7;3;0;10;10;20;8;0;0
8;3;0;10;10;20;8;0;0
9;3;0;10;10;20;8;0;0
10;3;0;10;10;20;8;0;0
11;3;0;10;10;20;8;0;0
12;3;0;10;10;20;8;0;0
13;3;0;10;10;20;8;0;0
14;3;0;10;10;20;8;0;0
15;3;0;10;10;20;8;0;0
16;3;0;10;10;20;8;0;0
17;3;0;10;10;20;8;0;0
18;3;0;10;10;20;8;0;0
19;3;0;10;10;20;8;0;0
20;3;0;10;10;20;8;0;0
21;3;0;10;10;20;8;0;0
22;3;0;10;10;20;8;0;0
23;3;0;10;10;20;8;0;0
24;3;0;10;10;20;8;0;0
25;3;0;10;10;20;8;0;0
26;3;0;10;10;20;8;0;0
27;3;0;10;10;20;8;0;0
28;3;0;10;10;20;8;0;0
29;3;0;10;10;20;8;0;0
30;3;0;10;10;20;8;0;0
31;3;0;10;10;20;8;0;0
32;3;0;10;10;20;8;0;0
33;3;0;10;10;20;8;0;0
34;3;0;10;10;20;8;0;0
35;3;0;10;10;20;8;0;0
36;3;0;10;10;20;8;0;0
37;3;0;10;10;20;8;0;0
38;3;0;10;10;20;8;0;0
39;3;0;10;10;20;8;0;0
40;3;0;10;10;20;8;0;0
41;3;0;10;10;20;8;0;0
42;3;0;10;10;20;8;0;0
43;3;0;10;10;20;8;0;0
44;3;0;10;10;20;8;0;0
45;3;0;10;10;20;8;0;0
46;3;0;10;10;20;8;0;0
47;3;0;10;10;20;8;0;0
48;3;0;10;10;20;8;0;0
49;3;0;10;10;20;8;0;0
50;3;0;10;10;20;8;0;0
51;3;0;10;10;20;8;0;0
52;3;0;10;10;20;8;0;0
53;3;0;10;10;20;8;0;0
54;3;0;10;10;20;8;0;0
55;3;0;10;10;20;8;0;0
56;3;0;10;10;20;8;0;0
57;3;0;10;10;20;8;0;0
58;3;0;10;10;20;8;0;0
59;3;0;10;10;20;8;0;0
60;3;0;10;10;20;8;0;0
61;3;0;10;10;20;8;0;0
62;3;0;10;10;20;8;0;0
63;3;0;10;10;20;8;0;0
64;3;0;10;10;20;8;0;0
65;3;0;10;10;20;8;0;0
66;3;0;10;10;20;8;0;0
67;3;0;10;10;20;8;0;0
68;3;0;10;10;20;8;0;0
69;3;0;10;10;20;8;0;0
70;3;0;10;10;20;8;0;0
71;3;0;10;10;20;8;0;0
72;3;0;10;10;20;8;0;0
73;3;0;10;10;20;8;0;0
74;3;0;10;10;20;8;0;0
75;3;0;10;10;20;8;0;0
76;3;0;10;10;20;8;0;0
77;3;0;10;10;20;8;0;0
78;3;0;10;10;20;8;0;0
79;3;0;10;10;20;8;0;0
80;3;0;10;10;20;8;0;0
81;3;0;10;10;20;8;0;0
82;3;0;10;10;20;8;0;0
83;3;0;10;10;20;8;0;0
84;3;0;10;10;20;8;0;0
85;3;0;10;10;20;8;0;0
86;3;0;10;10;20;8;0;0
87;3;0;10;10;20;8;0;0
88;3;0;10;10;20;8;0;0
89;3;0;10;10;20;8;0;0
90;3;0;10;10;20;8;0;0
91;3;0;10;10;20;8;0;0
92;3;0;10;10;20;8;0;0
93;3;0;10;10;20;8;0;0
94;3;0;10;10;20;8;0;0
95;3;0;10;10;20;8;0;0
96;3;0;10;10;20;8;0;0
97;3;0;10;10;20;8;0;0
98;3;0;10;10;20;8;0;0
99;3;0;10;10;20;8;0;0
0;3;0;10;10;20;8;0;0
1;3;0;10;10;20;8;0;0
2;3;0;10;10;20;8;0;0
3;3;0;10;10;20;8;0;0
4;3;5;10;10;20;8;183428;1726178101433129049
5;3;0;10;10;20;8;0;0
6;3;0;10;10;20;8;0;0
7;3;0;10;10;20;8;0;0
8;3;0;10;10;20;8;0;0
9;3;0;10;10;20;8;0;0
10;3;0;10;10;20;8;0;0
11;3;0;10;10;20;8;0;0
12;3;0;10;10;20;8;0;0
13;3;0;10;10;20;8;0;0
14;3;0;10;10;20;8;0;0
15;3;0;10;10;20;8;0;0
16;3;0;10;10;20;8;0;0
17;3;0;10;10;20;8;0;0
18;3;0;10;10;20;8;0;0
19;3;0;10;10;20;8;0;0
20;3;0;10;10;20;8;0;0
21;3;0;10;10;20;8;0;0
22;3;0;10;10;20;8;0;0
23;3;0;10;10;20;8;0;0
24;3;0;10;10;20;8;0;0
25;3;0;10;10;20;8;0;0
26;3;0;10;10;20;8;0;0
27;3;0;10;10;20;8;0;0
28;3;0;10;10;20;8;0;0
29;3;0;10;10;20;8;0;0
30;3;0;10;10;20;8;0;0
31;3;0;10;10;20;8;0;0
32;3;0;10;10;20;8;0;0
33;3;0;10;10;20;8;0;0
34;3;0;10;10;20;8;0;0
35;3;0;10;10;20;8;0;0
36;3;0;10;10;20;8;0;0
37;3;0;10;10;20;8;0;0
38;3;0;10;10;20;8;0;0
39;3;0;10;10;20;8;0;0
40;3;0;10;10;20;8;0;0
41;3;0;10;10;20;8;0;0
42;3;0;10;10;20;8;0;0
43;3;0;10;10;20;8;0;0
44;3;0;10;10;20;8;0;0
45;3;0;10;10;20;8;0;0
46;3;0;10;10;20;8;0;0
47;3;0;10;10;20;8;0;0
48;3;0;10;10;20;8;0;0
49;3;0;10;10;20;8;0;0
50;3;0;10;10;20;8;0;0
51;3;0;10;10;20;8;0;0
52;3;0;10;10;20;8;0;0
53;3;0;10;10;20;8;0;0
54;3;0;10;10;20;8;0;0
55;3;0;10;10;20;8;0;0
56;3;0;10;10;20;8;0;0
57;3;0;10;10;20;8;0;0
58;3;0;10;10;20;8;0;0
59;3;0;10;10;20;8;0;0
60;3;0;10;10;20;8;0;0
61;3;0;10;10;20;8;0;0
62;3;0;10;10;20;8;0;0
63;3;0;10;10;20;8;0;0
64;3;0;10;10;20;8;0;0
65;3;0;10;10;20;8;0;0
66;3;0;10;10;20;8;0;0
67;3;0;10;10;20;8;0;0
68;3;0;10;10;20;8;0;0
69;3;0;10;10;20;8;0;0
70;3;0;10;10;20;8;0;0
71;3;0;10;10;20;8;0;0
72;3;0;10;10;20;8;0;0
73;3;0;10;10;20;8;0;0
74;3;0;10;10;20;8;0;0
75;3;0;10;10;20;8;0;0
76;3;0;10;10;20;8;0;0
77;3;0;10;10;20;8;0;0
78;3;0;10;10;20;8;0;0
79;3;0;10;10;20;8;0;0
80;3;0;10;10;20;8;0;0
81;3;0;10;10;20;8;0;0
82;3;0;10;10;20;8;0;0
83;3;0;10;10;20;8;0;0
84;3;0;10;10;20;8;0;0
85;3;0;10;10;20;8;0;0
86;3;0;10;10;20;8;0;0
87;3;0;10;10;20;8;0;0
88;3;0;10;10;20;8;0;0
89;3;0;10;10;20;8;0;0
90;3;0;10;10;20;8;0;0
91;3;0;10;10;20;8;0;0
92;3;0;10;10;20;8;0;0
93;3;0;10;10;20;8;0;0
94;3;0;10;10;20;8;0;0
95;3;0;10;10;20;8;0;0
96;3;0;10;10;20;8;0;0
97;3;0;10;10;20;8;0;0
98;3;0;10;10;20;8;0;0
99;3;0;10;10;20;8;0;0
0;3;6;10;10;20;8;263315;1726178101393258832
1;3;0;10;10;20;8;0;0
2;3;6;10;10;20;8;281545;1726178101413283781
3;3;0;10;10;20;8;0;0
4;3;0;10;10;20;8;0;0
5;3;0;10;10;20;8;0;0
6;3;0;10;10;20;8;0;0
7;3;0;10;10;20;8;0;0
8;3;0;10;10;20;8;0;0
9;3;0;10;10;20;8;0;0
10;3;0;10;10;20;8;0;0
11;3;0;10;10;20;8;0;0
12;3;0;10;10;20;8;0;0
13;3;0;10;10;20;8;0;0
14;3;0;10;10;20;8;0;0
15;3;0;10;10;20;8;0;0
16;3;0;10;10;20;8;0;0
17;3;0;10;10;20;8;0;0
18;3;0;10;10;20;8;0;0
19;3;0;10;10;20;8;0;0
20;3;0;10;10;20;8;0;0
21;3;0;10;10;20;8;0;0
22;3;0;10;10;20;8;0;0
23;3;0;10;10;20;8;0;0
24;3;0;10;10;20;8;0;0
25;3;0;10;10;20;8;0;0
26;3;0;10;10;20;8;0;0
27;3;0;10;10;20;8;0;0
28;3;0;10;10;20;8;0;0
29;3;0;10;10;20;8;0;0
30;3;0;10;10;20;8;0;0
31;3;6;10;10;20;8;184401;1726178101703126235
32;3;0;10;10;20;8;0;0
33;3;0;10;10;20;8;0;0
34;3;0;10;10;20;8;0;0
35;3;0;10;10;20;8;0;0
36;3;0;10;10;20;8;0;0
37;3;0;10;10;20;8;0;0
38;3;0;10;10;20;8;0;0
39;3;0;10;10;20;8;0;0
40;3;0;10;10;20;8;0;0
41;3;0;10;10;20;8;0;0
42;3;0;10;10;20;8;0;0
43;3;0;10;10;20;8;0;0
44;3;0;10;10;20;8;0;0
45;3;0;10;10;20;8;0;0
46;3;0;10;10;20;8;0;0
47;3;0;10;10;20;8;0;0
48;3;0;10;10;20;8;0;0
49;3;0;10;10;20;8;0;0
50;3;0;10;10;20;8;0;0
51;3;0;10;10;20;8;0;0
52;3;0;10;10;20;8;0;0
53;3;0;10;10;20;8;0;0
54;3;0;10;10;20;8;0;0
55;3;0;10;10;20;8;0;0
56;3;0;10;10;20;8;0;0
57;3;0;10;10;20;8;0;0
58;3;0;10;10;20;8;0;0
59;3;0;10;10;20;8;0;0
60;3;0;10;10;20;8;0;0
61;3;0;10;10;20;8;0;0
62;3;6;10;10;20;8;174244;1726178102013119539
63;3;0;10;10;20;8;0;0
64;3;0;10;10;20;8;0;0
65;3;0;10;10;20;8;0;0
66;3;0;10;10;20;8;0;0
67;3;0;10;10;20;8;0;0
68;3;0;10;10;20;8;0;0
69;3;0;10;10;20;8;0;0
70;3;0;10;10;20;8;0;0
71;3;0;10;10;20;8;0;0
72;3;0;10;10;20;8;0;0
73;3;0;10;10;20;8;0;0
74;3;0;10;10;20;8;0;0
75;3;0;10;10;20;8;0;0
76;3;0;10;10;20;8;0;0
77;3;0;10;10;20;8;0;0
78;3;0;10;10;20;8;0;0
79;3;0;10;10;20;8;0;0
80;3;0;10;10;20;8;0;0
81;3;0;10;10;20;8;0;0
82;3;0;10;10;20;8;0;0
83;3;0;10;10;20;8;0;0
84;3;0;10;10;20;8;0;0
85;3;0;10;10;20;8;0;0
86;3;0;10;10;20;8;0;0
87;3;0;10;10;20;8;0;0
88;3;0;10;10;20;8;0;0
89;3;0;10;10;20;8;0;0
90;3;0;10;10;20;8;0;0
91;3;0;10;10;20;8;0;0
92;3;0;10;10;20;8;0;0
93;3;0;10;10;20;8;0;0
94;3;0;10;10;20;8;0;0
95;3;0;10;10;20;8;0;0
96;3;0;10;10;20;8;0;0
97;3;0;10;10;20;8;0;0
98;3;0;10;10;20;8;0;0
99;3;0;10;10;20;8;0;0
0;3;0;10;10;20;8;0;0
1;3;0;10;10;20;8;0;0
2;3;0;10;10;20;8;0;0
3;3;0;10;10;20;8;0;0
4;3;0;10;10;20;8;0;0
5;3;0;10;10;20;8;0;0
6;3;7;10;10;20;8;151086;1726178101453057979
7;3;0;10;10;20;8;0;0
8;3;0;10;10;20;8;0;0
9;3;0;10;10;20;8;0;0
10;3;0;10;10;20;8;0;0
11;3;0;10;10;20;8;0;0
12;3;7;10;10;20;8;166023;1726178101513122676
13;3;0;10;10;20;8;0;0
14;3;0;10;10;20;8;0;0
15;3;0;10;10;20;8;0;0
16;3;0;10;10;20;8;0;0
17;3;0;10;10;20;8;0;0
18;3;0;10;10;20;8;0;0
19;3;0;10;10;20;8;0;0
20;3;7;10;10;20;8;167581;1726178101593056782
21;3;0;10;10;20;8;0;0
22;3;0;10;10;20;8;0;0
23;3;0;10;10;20;8;0;0
24;3;0;10;10;20;8;0;0
25;3;0;10;10;20;8;0;0
26;3;0;10;10;20;8;0;0
27;3;0;10;10;20;8;0;0
28;3;0;10;10;20;8;0;0
29;3;0;10;10;20;8;0;0
30;3;0;10;10;20;8;0;0
31;3;0;10;10;20;8;0;0
32;3;0;10;10;20;8;0;0
33;3;0;10;10;20;8;0;0
34;3;7;10;10;20;8;179937;1726178101733125233
35;3;0;10;10;20;8;0;0
36;3;0;10;10;20;8;0;0
37;3;0;10;10;20;8;0;0
38;3;0;10;10;20;8;0;0
39;3;0;10;10;20;8;0;0
40;3;7;10;10;20;8;145774;1726178101793164604
41;3;0;10;10;20;8;0;0
42;3;0;10;10;20;8;0;0
43;3;0;10;10;20;8;0;0
44;3;0;10;10;20;8;0;0
45;3;7;10;10;20;8;152700;1726178101843161074
46;3;7;10;10;20;8;421094;1726178101853115709
47;3;0;10;10;20;8;0;0
48;3;7;10;10;20;8;179845;1726178101873120030
49;3;0;10;10;20;8;0;0
50;3;0;10;10;20;8;0;0
51;3;0;10;10;20;8;0;0
52;3;0;10;10;20;8;0;0
53;3;0;10;10;20;8;0;0
54;3;7;10;10;20;8;178411;1726178101933118792
55;3;0;10;10;20;8;0;0
56;3;0;10;10;20;8;0;0
57;3;0;10;10;20;8;0;0
58;3;0;10;10;20;8;0;0
59;3;0;10;10;20;8;0;0
60;3;7;10;10;20;8;178286;1726178101993120843
61;3;0;10;10;20;8;0;0
62;3;0;10;10;20;8;0;0
63;3;0;10;10;20;8;0;0
64;3;0;10;10;20;8;0;0
65;3;7;10;10;20;8;176519;1726178102043122258
66;3;0;10;10;20;8;0;0
67;3;0;10;10;20;8;0;0
68;3;0;10;10;20;8;0;0
69;3;7;10;10;20;8;172345;1726178102083165311
70;3;0;10;10;20;8;0;0
71;3;0;10;10;20;8;0;0
72;3;0;10;10;20;8;0;0
73;3;0;10;10;20;8;0;0
74;3;0;10;10;20;8;0;0
75;3;0;10;10;20;8;0;0
76;3;0;10;10;20;8;0;0
77;3;7;10;10;20;8;158393;1726178102163158184
78;3;0;10;10;20;8;0;0
79;3;0;10;10;20;8;0;0
80;3;0;10;10;20;8;0;0
81;3;0;10;10;20;8;0;0
82;3;0;10;10;20;8;0;0
83;3;0;10;10;20;8;0;0
84;3;0;10;10;20;8;0;0
85;3;0;10;10;20;8;0;0
86;3;0;10;10;20;8;0;0
87;3;0;10;10;20;8;0;0
88;3;0;10;10;20;8;0;0
89;3;0;10;10;20;8;0;0
90;3;0;10;10;20;8;0;0
91;3;0;10;10;20;8;0;0
92;3;7;10;10;20;8;157764;1726178102313161090
93;3;0;10;10;20;8;0;0
94;3;0;10;10;20;8;0;0
95;3;0;10;10;20;8;0;0
96;3;0;10;10;20;8;0;0
97;3;0;10;10;20;8;0;0
98;3;0;10;10;20;8;0;0
99;3;0;10;10;20;8;0;0
0;3;0;10;10;20;8;0;0
1;3;0;10;10;20;8;0;0
2;3;0;10;10;20;8;0;0
3;3;0;10;10;20;8;0;0
4;3;0;10;10;20;8;0;0
5;3;8;10;10;20;8;147946;1726178101443149508
6;3;0;10;10;20;8;0;0
7;3;0;10;10;20;8;0;0
8;3;0;10;10;20;8;0;0
9;3;8;10;10;20;8;146305;1726178101483138043
10;3;8;10;10;20;8;142756;1726178101493134794
11;3;8;10;10;20;8;167506;1726178101503141198
12;3;0;10;10;20;8;0;0
13;3;0;10;10;20;8;0;0
14;3;0;10;10;20;8;0;0
15;3;0;10;10;20;8;0;0
16;3;0;10;10;20;8;0;0
17;3;0;10;10;20;8;0;0
18;3;8;10;10;20;8;150065;1726178101573137829
19;3;8;10;10;20;8;198385;1726178101583133231
20;3;0;10;10;20;8;0;0
21;3;0;10;10;20;8;0;0
22;3;8;10;10;20;8;159739;1726178101613136650
23;3;0;10;10;20;8;0;0
24;3;8;10;10;20;8;156876;1726178101633141394
25;3;8;10;10;20;8;158652;1726178101643143297
26;3;0;10;10;20;8;0;0
27;3;0;10;10;20;8;0;0
28;3;0;10;10;20;8;0;0
29;3;0;10;10;20;8;0;0
30;3;8;10;10;20;8;176223;1726178101693124947
31;3;0;10;10;20;8;0;0
32;3;0;10;10;20;8;0;0
33;3;8;10;10;20;8;167123;1726178101723126087
34;3;0;10;10;20;8;0;0
35;3;8;10;10;20;8;171409;1726178101743128757
36;3;0;10;10;20;8;0;0
37;3;0;10;10;20;8;0;0
38;3;0;10;10;20;8;0;0
39;3;8;10;10;20;8;181812;1726178101783166370
40;3;0;10;10;20;8;0;0
41;3;8;10;10;20;8;148769;1726178101803170192
42;3;8;10;10;20;8;152195;1726178101813165489
43;3;0;10;10;20;8;0;0
44;3;0;10;10;20;8;0;0
45;3;0;10;10;20;8;0;0
46;3;0;10;10;20;8;0;0
47;3;0;10;10;20;8;0;0
48;3;0;10;10;20;8;0;0
49;3;8;10;10;20;8;186841;1726178101883128123
50;3;0;10;10;20;8;0;0
51;3;8;10;10;20;8;152314;1726178101903139699
52;3;0;10;10;20;8;0;0
53;3;0;10;10;20;8;0;0
54;3;0;10;10;20;8;0;0
55;3;0;10;10;20;8;0;0
56;3;0;10;10;20;8;0;0
57;3;8;10;10;20;8;161659;1726178101963134885
58;3;8;10;10;20;8;159413;1726178101973144955
59;3;8;10;10;20;8;178213;1726178101983131562
60;3;0;10;10;20;8;0;0
61;3;0;10;10;20;8;0;0
62;3;0;10;10;20;8;0;0
63;3;0;10;10;20;8;0;0
64;3;0;10;10;20;8;0;0
65;3;0;10;10;20;8;0;0
66;3;0;10;10;20;8;0;0
67;3;0;10;10;20;8;0;0
68;3;8;10;10;20;8;129399;1726178102073176476
69;3;0;10;10;20;8;0;0
70;3;0;10;10;20;8;0;0
71;3;0;10;10;20;8;0;0
72;3;0;10;10;20;8;0;0
73;3;8;10;10;20;8;145485;1726178102123166557
74;3;0;10;10;20;8;0;0
75;3;8;10;10;20;8;149180;1726178102143168245
76;3;0;10;10;20;8;0;0
77;3;0;10;10;20;8;0;0
78;3;8;10;10;20;8;148835;1726178102173166315
79;3;8;10;10;20;8;189916;1726178102183164768
80;3;0;10;10;20;8;0;0
81;3;0;10;10;20;8;0;0
82;3;0;10;10;20;8;0;0
83;3;0;10;10;20;8;0;0
84;3;8;10;10;20;8;155124;1726178102233166613
85;3;8;10;10;20;8;152029;1726178102243164721
86;3;0;10;10;20;8;0;0
87;3;0;10;10;20;8;0;0
88;3;0;10;10;20;8;0;0
89;3;8;10;10;20;8;172276;1726178102283177353
90;3;0;10;10;20;8;0;0
91;3;0;10;10;20;8;0;0
92;3;0;10;10;20;8;0;0
93;3;0;10;10;20;8;0;0
94;3;0;10;10;20;8;0;0
95;3;0;10;10;20;8;0;0
96;3;0;10;10;20;8;0;0
97;3;8;10;10;20;8;160845;1726178102363128053
98;3;0;10;10;20;8;0;0
99;3;0;10;10;20;8;0;0
0;3;0;10;10;20;8;0;0
1;3;0;10;10;20;8;0;0
2;3;0;10;10;20;8;0;0
3;3;0;10;10;20;8;0;0
4;3;0;10;10;20;8;0;0
5;3;0;10;10;20;8;0;0
6;3;0;10;10;20;8;0;0
7;3;9;10;10;20;8;132944;1726178101463138438
8;3;9;10;10;20;8;176504;1726178101473127870
9;3;0;10;10;20;8;0;0
10;3;0;10;10;20;8;0;0
11;3;0;10;10;20;8;0;0
12;3;0;10;10;20;8;0;0
13;3;0;10;10;20;8;0;0
14;3;9;10;10;20;8;155426;1726178101533139029
15;3;9;10;10;20;8;134143;1726178101543154604
16;3;0;10;10;20;8;0;0
17;3;9;10;10;20;8;131694;1726178101563155817
18;3;0;10;10;20;8;0;0
19;3;0;10;10;20;8;0;0
20;3;0;10;10;20;8;0;0
21;3;9;10;10;20;8;154512;1726178101603146631
22;3;0;10;10;20;8;0;0
23;3;9;10;10;20;8;139941;1726178101623143486
24;3;0;10;10;20;8;0;0
25;3;0;10;10;20;8;0;0
26;3;9;10;10;20;8;373483;1726178101653147043
27;3;9;10;10;20;8;126651;1726178101663154516
28;3;9;10;10;20;8;145726;1726178101673138144
29;3;9;10;10;20;8;190537;1726178101683132114
30;3;0;10;10;20;8;0;0
31;3;0;10;10;20;8;0;0
32;3;9;10;10;20;8;145299;1726178101713141535
33;3;0;10;10;20;8;0;0
34;3;0;10;10;20;8;0;0
35;3;0;10;10;20;8;0;0
36;3;0;10;10;20;8;0;0
37;3;9;10;10;20;8;135379;1726178101763165758
38;3;9;10;10;20;8;113926;1726178101773184817
39;3;0;10;10;20;8;0;0
40;3;0;10;10;20;8;0;0
41;3;0;10;10;20;8;0;0
42;3;0;10;10;20;8;0;0
43;3;9;10;10;20;8;145943;1726178101823181195
44;3;9;10;10;20;8;116149;1726178101833184250
45;3;0;10;10;20;8;0;0
46;3;0;10;10;20;8;0;0
47;3;9;10;10;20;8;132230;1726178101863149948
48;3;0;10;10;20;8;0;0
49;3;0;10;10;20;8;0;0
50;3;9;10;10;20;8;137926;1726178101893144746
51;3;0;10;10;20;8;0;0
52;3;9;10;10;20;8;146282;1726178101913136365
53;3;0;10;10;20;8;0;0
54;3;0;10;10;20;8;0;0
55;3;9;10;10;20;8;153799;1726178101943147366
56;3;0;10;10;20;8;0;0
57;3;0;10;10;20;8;0;0
58;3;0;10;10;20;8;0;0
59;3;0;10;10;20;8;0;0
60;3;0;10;10;20;8;0;0
61;3;9;10;10;20;8;164239;1726178102003147333
62;3;0;10;10;20;8;0;0
63;3;0;10;10;20;8;0;0
64;3;9;10;10;20;8;164323;1726178102033151630
65;3;0;10;10;20;8;0;0
66;3;0;10;10;20;8;0;0
67;3;9;10;10;20;8;133289;1726178102063166293
68;3;0;10;10;20;8;0;0
69;3;0;10;10;20;8;0;0
70;3;9;10;10;20;8;132945;1726178102093164609
71;3;9;10;10;20;8;96029;1726178102103201769
72;3;9;10;10;20;8;129591;1726178102113169927
73;3;0;10;10;20;8;0;0
74;3;9;10;10;20;8;131943;1726178102133180343
75;3;0;10;10;20;8;0;0
76;3;0;10;10;20;8;0;0
77;3;0;10;10;20;8;0;0
78;3;0;10;10;20;8;0;0
79;3;0;10;10;20;8;0;0
80;3;9;10;10;20;8;131248;1726178102193168850
81;3;9;10;10;20;8;138980;1726178102203178873
82;3;9;10;10;20;8;136201;1726178102213174815
83;3;9;10;10;20;8;121676;1726178102223177361
84;3;0;10;10;20;8;0;0
85;3;0;10;10;20;8;0;0
86;3;0;10;10;20;8;0;0
87;3;9;10;10;20;8;128531;1726178102263171873
88;3;9;10;10;20;8;183743;1726178102273170242
89;3;0;10;10;20;8;0;0
90;3;9;10;10;20;8;124589;1726178102293174026
91;3;9;10;10;20;8;146483;1726178102303175545
92;3;0;10;10;20;8;0;0
93;3;9;10;10;20;8;130336;1726178102323180273
94;3;9;10;10;20;8;132077;1726178102333172012
95;3;9;10;10;20;8;150948;1726178102343180423
96;3;0;10;10;20;8;0;0
97;3;0;10;10;20;8;0;0
98;3;9;10;10;20;8;128854;1726178102373151788
99;3;0;10;10;20;8;0;0
0;3;10;10;10;20;8;407948;1726178101393323332
1;3;10;10;10;20;8;263276;1726178101403338379
2;3;10;10;10;20;8;434150;1726178101413342275
3;3;10;10;10;20;8;296217;1726178101423197303
4;3;10;10;10;20;8;305841;1726178101433182595
5;3;10;10;10;20;8;298895;1726178101443169908
6;3;10;10;10;20;8;300358;1726178101453084326
7;3;10;10;10;20;8;297608;1726178101463143460
8;3;10;10;10;20;8;330745;1726178101473144057
9;3;10;10;10;20;8;310167;1726178101483153260
10;3;10;10;10;20;8;308782;1726178101493148363
11;3;10;10;10;20;8;334295;1726178101503159692
12;3;10;10;10;20;8;301699;1726178101513158328
13;3;10;10;10;20;8;144806;1726178101523134006
14;3;10;10;10;20;8;321585;1726178101533144548
15;3;10;10;10;20;8;285739;1726178101543172922
16;3;10;10;10;20;8;506220;1726178101553155327
17;3;10;10;10;20;8;290067;1726178101563163703
18;3;10;10;10;20;8;293348;1726178101573162484
19;3;10;10;10;20;8;356916;1726178101583147111
20;3;10;10;10;20;8;307567;1726178101593083895
21;3;10;10;10;20;8;313209;1726178101603155050
22;3;10;10;10;20;8;308500;1726178101613155814
23;3;10;10;10;20;8;302991;1726178101623147069
24;3;10;10;10;20;8;309961;1726178101633155962
25;3;10;10;10;20;8;327374;1726178101643153677
26;3;10;10;10;20;8;532226;1726178101653155813
27;3;10;10;10;20;8;288426;1726178101663159130
28;3;10;10;10;20;8;307158;1726178101673143085
29;3;10;10;10;20;8;351182;1726178101683136709
30;3;10;10;10;20;8;335017;1726178101693145102
31;3;10;10;10;20;8;308024;1726178101703175061
32;3;10;10;10;20;8;307190;1726178101713145858
33;3;10;10;10;20;8;316977;1726178101723144966
34;3;10;10;10;20;8;322860;1726178101733149963
35;3;10;10;10;20;8;330303;1726178101743139541
36;3;10;10;10;20;8;434244;1726178101753179002
37;3;10;10;10;20;8;305483;1726178101763171091
38;3;10;10;10;20;8;284558;1726178101773189544
39;3;10;10;10;20;8;352385;1726178101783173382
40;3;10;10;10;20;8;290509;1726178101793198501
41;3;10;10;10;20;8;315480;1726178101803183498
42;3;10;10;10;20;8;317571;1726178101813176980
43;3;10;10;10;20;8;317239;1726178101823190462
44;3;10;10;10;20;8;287268;1726178101833187376
45;3;10;10;10;20;8;305635;1726178101843185754
46;3;10;10;10;20;8;545643;1726178101853157348
47;3;10;10;10;20;8;288369;1726178101863160165
48;3;10;10;10;20;8;321722;1726178101873144915
49;3;10;10;10;20;8;342238;1726178101883145985
50;3;10;10;10;20;8;300211;1726178101893148149
51;3;10;10;10;20;8;312886;1726178101903147615
52;3;10;10;10;20;8;302498;1726178101913147165
53;3;10;10;10;20;8;149592;1726178101923147141
54;3;10;10;10;20;8;316846;1726178101933149037
55;3;10;10;10;20;8;318548;1726178101943150870
56;3;10;10;10;20;8;362937;1726178101953143241
57;3;10;10;10;20;8;319038;1726178101963149816
58;3;10;10;10;20;8;310654;1726178101973159692
59;3;10;10;10;20;8;329737;1726178101983154243
60;3;10;10;10;20;8;312486;1726178101993155034
61;3;10;10;10;20;8;325673;1726178102003154560
62;3;10;10;10;20;8;318409;1726178102013148018
63;3;10;10;10;20;8;160581;1726178102023152069
64;3;10;10;10;20;8;325908;1726178102033157056
65;3;10;10;10;20;8;328271;1726178102043137771
66;3;10;10;10;20;8;416179;1726178102053175842
67;3;10;10;10;20;8;301645;1726178102063172964
68;3;10;10;10;20;8;295777;1726178102073189528
69;3;10;10;10;20;8;329205;1726178102083187694
70;3;10;10;10;20;8;293898;1726178102093169142
71;3;10;10;10;20;8;263782;1726178102103211332
72;3;10;10;10;20;8;300931;1726178102113176743
73;3;10;10;10;20;8;310022;1726178102123180224
74;3;10;10;10;20;8;302710;1726178102133183764
75;3;10;10;10;20;8;318950;1726178102143180914
76;3;10;10;10;20;8;420469;1726178102153187384
77;3;10;10;10;20;8;319052;1726178102163176200
78;3;10;10;10;20;8;320542;1726178102173177170
79;3;10;10;10;20;8;345918;1726178102183174923
80;3;10;10;10;20;8;290027;1726178102193176823
81;3;10;10;10;20;8;314848;1726178102203183462
82;3;10;10;10;20;8;311110;1726178102213181014
83;3;10;10;10;20;8;294314;1726178102223181298
84;3;10;10;10;20;8;317447;1726178102233179617
85;3;10;10;10;20;8;315495;1726178102243179762
86;3;10;10;10;20;8;354322;1726178102253181576
87;3;10;10;10;20;8;300476;1726178102263178061
88;3;10;10;10;20;8;352543;1726178102273176744
89;3;10;10;10;20;8;331648;1726178102283187913
90;3;10;10;10;20;8;296708;1726178102293178498
91;3;10;10;10;20;8;320198;1726178102303179633
92;3;10;10;10;20;8;314003;1726178102313180383
93;3;10;10;10;20;8;302486;1726178102323187530
94;3;10;10;10;20;8;290786;1726178102333178615
95;3;10;10;10;20;8;321656;1726178102343187588
96;3;10;10;10;20;8;388490;1726178102353145630
97;3;10;10;10;20;8;317549;1726178102363140483
98;3;10;10;10;20;8;288999;1726178102373158562
99;3;10;10;10;20;8;211689;1726178102383144510
0;3;11;10;10;20;8;557511;1726178101393332010
1;3;11;10;10;20;8;463409;1726178101403352636
2;3;11;10;10;20;8;582092;1726178101413354727
3;3;11;10;10;20;8;446227;1726178101423206659
4;3;11;10;10;20;8;456374;1726178101433192032
5;3;11;10;10;20;8;451425;1726178101443176692
6;3;11;10;10;20;8;457370;1726178101453091595
7;3;11;10;10;20;8;453016;1726178101463150813
8;3;11;10;10;20;8;480862;1726178101473157072
9;3;11;10;10;20;8;468114;1726178101483158272
10;3;11;10;10;20;8;466856;1726178101493153863
11;3;11;10;10;20;8;490976;1726178101503166253
12;3;11;10;10;20;8;456792;1726178101513166296
13;3;11;10;10;20;8;308994;1726178101523140722
14;3;11;10;10;20;8;477344;1726178101533152711
15;3;11;10;10;20;8;443409;1726178101543177771
16;3;11;10;10;20;8;649267;1726178101553173317
17;3;11;10;10;20;8;441632;1726178101563171382
18;3;11;10;10;20;8;448088;1726178101573166908
19;3;11;10;10;20;8;511409;1726178101583151474
20;3;11;10;10;20;8;459252;1726178101593091424
21;3;11;10;10;20;8;466104;1726178101603162160
22;3;11;10;10;20;8;460136;1726178101613162717
23;3;11;10;10;20;8;458146;1726178101623150364
24;3;11;10;10;20;8;460003;1726178101633165392
25;3;11;10;10;20;8;472398;1726178101643166885
26;3;11;10;10;20;8;665584;1726178101653180211
27;3;11;10;10;20;8;442764;1726178101663162644
28;3;11;10;10;20;8;460644;1726178101673148925
29;3;11;10;10;20;8;505862;1726178101683140247
30;3;11;10;10;20;8;488265;1726178101693149229
31;3;11;10;10;20;8;454387;1726178101703187616
32;3;11;10;10;20;8;459322;1726178101713152392
33;3;11;10;10;20;8;468532;1726178101723152763
34;3;11;10;10;20;8;476204;1726178101733154707
35;3;11;10;10;20;8;485437;1726178101743143074
36;3;11;10;10;20;8;587528;1726178101753185336
37;3;11;10;10;20;8;456527;1726178101763174983
38;3;11;10;10;20;8;436283;1726178101773194280
39;3;11;10;10;20;8;504267;1726178101783176591
40;3;11;10;10;20;8;441454;1726178101793203104
41;3;11;10;10;20;8;459291;1726178101803194759
42;3;11;10;10;20;8;466346;1726178101813183230
43;3;11;10;10;20;8;468631;1726178101823194699
44;3;11;10;10;20;8;438808;1726178101833190863
45;3;11;10;10;20;8;456269;1726178101843190310
46;3;11;10;10;20;8;694523;1726178101853166241
47;3;11;10;10;20;8;440941;1726178101863166665
48;3;11;10;10;20;8;476665;1726178101873148318
49;3;11;10;10;20;8;490855;1726178101883155748
50;3;11;10;10;20;8;454332;1726178101893152518
51;3;11;10;10;20;8;468566;1726178101903150999
52;3;11;10;10;20;8;459831;1726178101913150960
53;3;11;10;10;20;8;311820;1726178101923150262
54;3;11;10;10;20;8;472819;1726178101933152379
55;3;11;10;10;20;8;475443;1726178101943154286
56;3;11;10;10;20;8;513810;1726178101953152621
57;3;11;10;10;20;8;471472;1726178101963156861
58;3;11;10;10;20;8;462332;1726178101973166809
59;3;11;10;10;20;8;483664;1726178101983159242
60;3;11;10;10;20;8;467946;1726178101993158340
61;3;11;10;10;20;8;468463;1726178102003170871
62;3;11;10;10;20;8;468929;1726178102013156365
63;3;11;10;10;20;8;322497;1726178102023155230
64;3;11;10;10;20;8;474091;1726178102033167035
65;3;11;10;10;20;8;484262;1726178102043141239
66;3;11;10;10;20;8;570711;1726178102053182287
67;3;11;10;10;20;8;451770;1726178102063176970
68;3;11;10;10;20;8;445357;1726178102073195719
69;3;11;10;10;20;8;480383;1726178102083191764
70;3;11;10;10;20;8;446378;1726178102093175658
71;3;11;10;10;20;8;415458;1726178102103215580
72;3;11;10;10;20;8;446794;1726178102113187101
73;3;11;10;10;20;8;459751;1726178102123186356
74;3;11;10;10;20;8;453036;1726178102133187269
75;3;11;10;10;20;8;462446;1726178102143191570
76;3;11;10;10;20;8;553105;1726178102153215638
77;3;11;10;10;20;8;471107;1726178102163179804
78;3;11;10;10;20;8;469549;1726178102173183215
79;3;11;10;10;20;8;493390;1726178102183185434
80;3;11;10;10;20;8;445018;1726178102193181048
81;3;11;10;10;20;8;465233;1726178102203189561
82;3;11;10;10;20;8;461103;1726178102213185906
83;3;11;10;10;20;8;444665;1726178102223185783
84;3;11;10;10;20;8;467832;1726178102233183768
85;3;11;10;10;20;8;462671;1726178102243187277
86;3;11;10;10;20;8;511146;1726178102253186063
87;3;11;10;10;20;8;447871;1726178102263183940
88;3;11;10;10;20;8;500716;1726178102273183357
89;3;11;10;10;20;8;486166;1726178102283191761
90;3;11;10;10;20;8;446465;1726178102293184614
91;3;11;10;10;20;8;469169;1726178102303185596
92;3;11;10;10;20;8;460280;1726178102313188072
93;3;11;10;10;20;8;453817;1726178102323192258
94;3;11;10;10;20;8;440725;1726178102333188712
95;3;11;10;10;20;8;471204;1726178102343194579
96;3;11;10;10;20;8;541913;1726178102353152715
97;3;11;10;10;20;8;473225;1726178102363143680
98;3;11;10;10;20;8;433596;1726178102373173269
99;3;11;10;10;20;8;439427;1726178102383152599
0;3;12;10;10;20;8;700401;1726178101393345922
1;3;12;10;10;20;8;613467;1726178101403363582
2;3;12;10;10;20;8;726746;1726178101413367811
3;3;12;10;10;20;8;613733;1726178101423215062
4;3;12;10;10;20;8;609599;1726178101433196449
5;3;12;10;10;20;8;620875;1726178101443180365
6;3;12;10;10;20;8;616282;1726178101453095431
7;3;12;10;10;20;8;612047;1726178101463161126
8;3;12;10;10;20;8;638472;1726178101473160913
9;3;12;10;10;20;8;639143;1726178101483164691
10;3;12;10;10;20;8;620500;1726178101493161816
11;3;12;10;10;20;8;664931;1726178101503173459
12;3;12;10;10;20;8;612699;1726178101513171635
13;3;12;10;10;20;8;464400;1726178101523147579
14;3;12;10;10;20;8;630850;1726178101533160765
15;3;12;10;10;20;8;616584;1726178101543181324
16;3;12;10;10;20;8;778247;1726178101553202013
17;3;12;10;10;20;8;629545;1726178101563185169
18;3;12;10;10;20;8;602745;1726178101573170356
19;3;12;10;10;20;8;682983;1726178101583156604
20;3;12;10;10;20;8;621020;1726178101593103867
21;3;12;10;10;20;8;664833;1726178101603168908
22;3;12;10;10;20;8;610060;1726178101613170005
23;3;12;10;10;20;8;628221;1726178101623153736
24;3;12;10;10;20;8;613732;1726178101633170504
25;3;12;10;10;20;8;637024;1726178101643174951
26;3;12;10;10;20;8;818875;1726178101653185566
27;3;12;10;10;20;8;618353;1726178101663168678
28;3;12;10;10;20;8;610077;1726178101673157209
29;3;12;10;10;20;8;649116;1726178101683161615
30;3;12;10;10;20;8;633593;1726178101693159661
31;3;12;10;10;20;8;624097;1726178101703192433
32;3;12;10;10;20;8;609386;1726178101713160860
33;3;12;10;10;20;8;631096;1726178101723163399
34;3;12;10;10;20;8;625266;1726178101733163141
35;3;12;10;10;20;8;649612;1726178101743154633
36;3;12;10;10;20;8;739016;1726178101753191418
37;3;12;10;10;20;8;650300;1726178101763185007
38;3;12;10;10;20;8;587944;1726178101773198032
39;3;12;10;10;20;8;699949;1726178101783180168
40;3;12;10;10;20;8;592289;1726178101793206465
41;3;12;10;10;20;8;611552;1726178101803204605
42;3;12;10;10;20;8;612800;1726178101813190108
43;3;12;10;10;20;8;638780;1726178101823201959
44;3;12;10;10;20;8;590089;1726178101833194102
45;3;12;10;10;20;8;647525;1726178101843196048
46;3;12;10;10;20;8;843966;1726178101853173916
47;3;12;10;10;20;8;660909;1726178101863172627
48;3;12;10;10;20;8;631763;1726178101873151664
49;3;12;10;10;20;8;650166;1726178101883162644
50;3;12;10;10;20;8;608595;1726178101893156590
51;3;12;10;10;20;8;639357;1726178101903154335
52;3;12;10;10;20;8;610370;1726178101913159244
53;3;12;10;10;20;8;468158;1726178101923154217
54;3;12;10;10;20;8;627120;1726178101933156404
55;3;12;10;10;20;8;647196;1726178101943157683
56;3;12;10;10;20;8;668153;1726178101953156368
57;3;12;10;10;20;8;636791;1726178101963166122
58;3;12;10;10;20;8;613569;1726178101973173075
59;3;12;10;10;20;8;650658;1726178101983166383
60;3;12;10;10;20;8;620170;1726178101993162107
61;3;12;10;10;20;8;629032;1726178102003175437
62;3;12;10;10;20;8;619270;1726178102013163426
63;3;12;10;10;20;8;478137;1726178102023158993
64;3;12;10;10;20;8;622147;1726178102033176509
65;3;12;10;10;20;8;645873;1726178102043144529
66;3;12;10;10;20;8;695758;1726178102053215189
67;3;12;10;10;20;8;641479;1726178102063184366
68;3;12;10;10;20;8;593906;1726178102073202112
69;3;12;10;10;20;8;665682;1726178102083196092
70;3;12;10;10;20;8;596354;1726178102093182339
71;3;12;10;10;20;8;612498;1726178102103219469
72;3;12;10;10;20;8;595975;1726178102113191661
73;3;12;10;10;20;8;623190;1726178102123193844
74;3;12;10;10;20;8;603412;1726178102133190502
75;3;12;10;10;20;8;627608;1726178102143197512
76;3;12;10;10;20;8;700807;1726178102153225316
77;3;12;10;10;20;8;663238;1726178102163185932
78;3;12;10;10;20;8;618802;1726178102173189235
79;3;12;10;10;20;8;671886;1726178102183193031
80;3;12;10;10;20;8;595370;1726178102193188640
81;3;12;10;10;20;8;645342;1726178102203199859
82;3;12;10;10;20;8;609157;1726178102213192017
83;3;12;10;10;20;8;606440;1726178102223193604
84;3;12;10;10;20;8;617516;1726178102233187784
85;3;12;10;10;20;8;626374;1726178102243191129
86;3;12;10;10;20;8;666010;1726178102253189819
87;3;12;10;10;20;8;637050;1726178102263190577
88;3;12;10;10;20;8;648395;1726178102273189344
89;3;12;10;10;20;8;656782;1726178102283197450
90;3;12;10;10;20;8;592500;1726178102293194652
91;3;12;10;10;20;8;635060;1726178102303190366
92;3;12;10;10;20;8;608852;1726178102313192621
93;3;12;10;10;20;8;644500;1726178102323198369
94;3;12;10;10;20;8;603689;1726178102333192718
95;3;12;10;10;20;8;664476;1726178102343199205
96;3;12;10;10;20;8;692688;1726178102353160281
97;3;12;10;10;20;8;676428;1726178102363154941
98;3;12;10;10;20;8;587052;1726178102373177584
99;3;12;10;10;20;8;659254;1726178102383161734
0;3;13;10;10;20;8;847317;1726178101393356014
1;3;13;10;10;20;8;762456;1726178101403373613
2;3;13;10;10;20;8;871577;1726178101413380581
3;3;13;10;10;20;8;761408;1726178101423224781
4;3;13;10;10;20;8;760985;1726178101433203197
5;3;13;10;10;20;8;770587;1726178101443188345
6;3;13;10;10;20;8;794107;1726178101453101983
7;3;13;10;10;20;8;768322;1726178101463167385
8;3;13;10;10;20;8;792092;1726178101473168316
9;3;13;10;10;20;8;793138;1726178101483173099
10;3;13;10;10;20;8;775799;1726178101493168165
11;3;13;10;10;20;8;820150;1726178101503180216
12;3;13;10;10;20;8;767287;1726178101513178558
13;3;13;10;10;20;8;640630;1726178101523153995
14;3;13;10;10;20;8;784782;1726178101533167925
15;3;13;10;10;20;8;774651;1726178101543185201
16;3;13;10;10;20;8;929002;1726178101553209054
17;3;13;10;10;20;8;781557;1726178101563192946
18;3;13;10;10;20;8;756237;1726178101573173788
19;3;13;10;10;20;8;832110;1726178101583163739
20;3;13;10;10;20;8;769913;1726178101593112833
21;3;13;10;10;20;8;814466;1726178101603177836
22;3;13;10;10;20;8;758137;1726178101613179807
23;3;13;10;10;20;8;782548;1726178101623157138
24;3;13;10;10;20;8;763790;1726178101633178696
25;3;13;10;10;20;8;788022;1726178101643181509
26;3;13;10;10;20;8;972095;1726178101653189321
27;3;13;10;10;20;8;771264;1726178101663175423
28;3;13;10;10;20;8;757152;1726178101673166266
29;3;13;10;10;20;8;798301;1726178101683169514
30;3;13;10;10;20;8;781809;1726178101693166778
31;3;13;10;10;20;8;779213;1726178101703196259
32;3;13;10;10;20;8;757583;1726178101713169913
33;3;13;10;10;20;8;778501;1726178101723174128
34;3;13;10;10;20;8;776374;1726178101733169726
35;3;13;10;10;20;8;799197;1726178101743162830
36;3;13;10;10;20;8;866793;1726178101753221793
37;3;13;10;10;20;8;802122;1726178101763188704
38;3;13;10;10;20;8;738107;1726178101773201433
39;3;13;10;10;20;8;849095;1726178101783183976
40;3;13;10;10;20;8;742987;1726178101793209553
41;3;13;10;10;20;8;761273;1726178101803208759
42;3;13;10;10;20;8;760270;1726178101813196327
43;3;13;10;10;20;8;783475;1726178101823208711
44;3;13;10;10;20;8;740556;1726178101833197688
45;3;13;10;10;20;8;791156;1726178101843206616
46;3;13;10;10;20;8;989694;1726178101853185099
47;3;13;10;10;20;8;807875;1726178101863183951
48;3;13;10;10;20;8;776835;1726178101873163581
49;3;13;10;10;20;8;803992;1726178101883166444
50;3;13;10;10;20;8;762280;1726178101893160079
51;3;13;10;10;20;8;786358;1726178101903165906
52;3;13;10;10;20;8;761889;1726178101913166108
53;3;13;10;10;20;8;639598;1726178101923157504
54;3;13;10;10;20;8;780479;1726178101933160221
55;3;13;10;10;20;8;793171;1726178101943171650
56;3;13;10;10;20;8;818571;1726178101953163780
57;3;13;10;10;20;8;791868;1726178101963170142
58;3;13;10;10;20;8;759807;1726178101973184375
59;3;13;10;10;20;8;803836;1726178101983170384
60;3;13;10;10;20;8;775118;1726178101993165403
61;3;13;10;10;20;8;783194;1726178102003179198
62;3;13;10;10;20;8;769184;1726178102013171140
63;3;13;10;10;20;8;648729;1726178102023162210
64;3;13;10;10;20;8;772497;1726178102033183172
65;3;13;10;10;20;8;795501;1726178102043152543
66;3;13;10;10;20;8;844148;1726178102053223660
67;3;13;10;10;20;8;788437;1726178102063191042
68;3;13;10;10;20;8;740239;1726178102073208528
69;3;13;10;10;20;8;812512;1726178102083202550
70;3;13;10;10;20;8;746891;1726178102093188313
71;3;13;10;10;20;8;761395;1726178102103225073
72;3;13;10;10;20;8;743050;1726178102113198179
73;3;13;10;10;20;8;772551;1726178102123198426
74;3;13;10;10;20;8;752100;1726178102133194070
75;3;13;10;10;20;8;774426;1726178102143204020
76;3;13;10;10;20;8;845471;1726178102153237839
77;3;13;10;10;20;8;807891;1726178102163194206
78;3;13;10;10;20;8;766160;1726178102173195853
79;3;13;10;10;20;8;816845;1726178102183200785
80;3;13;10;10;20;8;746461;1726178102193193372
81;3;13;10;10;20;8;795276;1726178102203204115
82;3;13;10;10;20;8;751459;1726178102213203416
83;3;13;10;10;20;8;753607;1726178102223200112
84;3;13;10;10;20;8;763797;1726178102233194523
85;3;13;10;10;20;8;772388;1726178102243197484
86;3;13;10;10;20;8;795312;1726178102253218108
87;3;13;10;10;20;8;784161;1726178102263196721
88;3;13;10;10;20;8;792844;1726178102273197684
89;3;13;10;10;20;8;802524;1726178102283207544
90;3;13;10;10;20;8;741478;1726178102293198844
91;3;13;10;10;20;8;781788;1726178102303196886
92;3;13;10;10;20;8;755887;1726178102313198977
93;3;13;10;10;20;8;792572;1726178102323205284
94;3;13;10;10;20;8;753565;1726178102333196615
95;3;13;10;10;20;8;812472;1726178102343205107
96;3;13;10;10;20;8;812593;1726178102353198018
97;3;13;10;10;20;8;831473;1726178102363159126
98;3;13;10;10;20;8;741052;1726178102373180983
99;3;13;10;10;20;8;866909;1726178102383175746
0;3;14;10;10;20;8;994397;1726178101393365772
1;3;14;10;10;20;8;909778;1726178101403385381
2;3;14;10;10;20;8;1003932;1726178101413406338
3;3;14;10;10;20;8;906448;1726178101423236760
4;3;14;10;10;20;8;904649;1726178101433216511
5;3;14;10;10;20;8;936136;1726178101443194296
6;3;14;10;10;20;8;956336;1726178101453108597
7;3;14;10;10;20;8;925183;1726178101463173463
8;3;14;10;10;20;8;946067;1726178101473174620
9;3;14;10;10;20;8;949744;1726178101483177313
10;3;14;10;10;20;8;926111;1726178101493179709
11;3;14;10;10;20;8;974743;1726178101503187239
12;3;14;10;10;20;8;922131;1726178101513185824
13;3;14;10;10;20;8;792704;1726178101523164728
14;3;14;10;10;20;8;938747;1726178101533174430
15;3;14;10;10;20;8;941820;1726178101543188964
16;3;14;10;10;20;8;1083072;1726178101553213114
17;3;14;10;10;20;8;934752;1726178101563198449
18;3;14;10;10;20;8;911010;1726178101573177356
19;3;14;10;10;20;8;977045;1726178101583174383
20;3;14;10;10;20;8;921845;1726178101593116506
21;3;14;10;10;20;8;965392;1726178101603184550
22;3;14;10;10;20;8;912291;1726178101613183753
23;3;14;10;10;20;8;931903;1726178101623165205
24;3;14;10;10;20;8;914860;1726178101633184729
25;3;14;10;10;20;8;939258;1726178101643187323
26;3;14;10;10;20;8;1126133;1726178101653192684
27;3;14;10;10;20;8;923471;1726178101663180175
28;3;14;10;10;20;8;910425;1726178101673170094
29;3;14;10;10;20;8;948515;1726178101683175950
30;3;14;10;10;20;8;932068;1726178101693171585
31;3;14;10;10;20;8;933208;1726178101703199891
32;3;14;10;10;20;8;907307;1726178101713176728
33;3;14;10;10;20;8;931031;1726178101723178099
34;3;14;10;10;20;8;926665;1726178101733177337
35;3;14;10;10;20;8;962556;1726178101743166770
36;3;14;10;10;20;8;1017464;1726178101753227907
37;3;14;10;10;20;8;950941;1726178101763194529
38;3;14;10;10;20;8;887619;1726178101773204756
39;3;14;10;10;20;8;998527;1726178101783187553
40;3;14;10;10;20;8;891776;1726178101793213204
41;3;14;10;10;20;8;911744;1726178101803212306
42;3;14;10;10;20;8;921173;1726178101813203694
43;3;14;10;10;20;8;930456;1726178101823212603
44;3;14;10;10;20;8;890569;1726178101833201291
45;3;14;10;10;20;8;956181;1726178101843210193
46;3;14;10;10;20;8;1138599;1726178101853192308
47;3;14;10;10;20;8;959336;1726178101863188865
48;3;14;10;10;20;8;925989;1726178101873171114
49;3;14;10;10;20;8;953774;1726178101883173526
50;3;14;10;10;20;8;910977;1726178101893168541
51;3;14;10;10;20;8;933290;1726178101903176548
52;3;14;10;10;20;8;910007;1726178101913176057
53;3;14;10;10;20;8;795319;1726178101923161079
54;3;14;10;10;20;8;928831;1726178101933168628
55;3;14;10;10;20;8;945904;1726178101943176818
56;3;14;10;10;20;8;971238;1726178101953168059
57;3;14;10;10;20;8;944672;1726178101963173652
58;3;14;10;10;20;8;912851;1726178101973188592
59;3;14;10;10;20;8;954626;1726178101983176881
60;3;14;10;10;20;8;929113;1726178101993168947
61;3;14;10;10;20;8;936851;1726178102003182739
62;3;14;10;10;20;8;920474;1726178102013177630
63;3;14;10;10;20;8;801561;1726178102023165825
64;3;14;10;10;20;8;922539;1726178102033189252
65;3;14;10;10;20;8;958405;1726178102043156820
66;3;14;10;10;20;8;994316;1726178102053229451
67;3;14;10;10;20;8;935188;1726178102063197025
68;3;14;10;10;20;8;887737;1726178102073214879
69;3;14;10;10;20;8;954933;1726178102083213696
70;3;14;10;10;20;8;897492;1726178102093194576
71;3;14;10;10;20;8;907809;1726178102103231596
72;3;14;10;10;20;8;890657;1726178102113203978
73;3;14;10;10;20;8;918926;1726178102123204625
74;3;14;10;10;20;8;901189;1726178102133197613
75;3;14;10;10;20;8;920960;1726178102143210201
76;3;14;10;10;20;8;998187;1726178102153242287
77;3;14;10;10;20;8;957141;1726178102163197959
78;3;14;10;10;20;8;914564;1726178102173200548
79;3;14;10;10;20;8;965346;1726178102183204658
80;3;14;10;10;20;8;889836;1726178102193205760
81;3;14;10;10;20;8;944950;1726178102203209666
82;3;14;10;10;20;8;898407;1726178102213209103
83;3;14;10;10;20;8;899423;1726178102223206586
84;3;14;10;10;20;8;911365;1726178102233200868
85;3;14;10;10;20;8;918283;1726178102243205100
86;3;14;10;10;20;8;945590;1726178102253224613
87;3;14;10;10;20;8;932087;1726178102263202429
88;3;14;10;10;20;8;942862;1726178102273201390
89;3;14;10;10;20;8;955763;1726178102283211602
90;3;14;10;10;20;8;888275;1726178102293204979
91;3;14;10;10;20;8;926814;1726178102303204175
92;3;14;10;10;20;8;902089;1726178102313205072
93;3;14;10;10;20;8;940869;1726178102323210867
94;3;14;10;10;20;8;899319;1726178102333202929
95;3;14;10;10;20;8;975122;1726178102343211410
96;3;14;10;10;20;8;965039;1726178102353202226
97;3;14;10;10;20;8;980957;1726178102363166526
98;3;14;10;10;20;8;893837;1726178102373184505
99;3;14;10;10;20;8;1059629;1726178102383180252
0;3;15;10;10;20;8;1141525;1726178101393376077
1;3;15;10;10;20;8;1050618;1726178101403403718
2;3;15;10;10;20;8;1148037;1726178101413420490
3;3;15;10;10;20;8;1054354;1726178101423245261
4;3;15;10;10;20;8;1056732;1726178101433221518
5;3;15;10;10;20;8;1094109;1726178101443197883
6;3;15;10;10;20;8;1111084;1726178101453114996
7;3;15;10;10;20;8;1081964;1726178101463179962
8;3;15;10;10;20;8;1100016;1726178101473182042
9;3;15;10;10;20;8;1106753;1726178101483181931
10;3;15;10;10;20;8;1083170;1726178101493184265
11;3;15;10;10;20;8;1131503;1726178101503192352
12;3;15;10;10;20;8;1073645;1726178101513195264
13;3;15;10;10;20;8;949630;1726178101523168624
14;3;15;10;10;20;8;1092256;1726178101533180980
15;3;15;10;10;20;8;1094120;1726178101543192913
16;3;15;10;10;20;8;1236134;1726178101553216726
17;3;15;10;10;20;8;1086478;1726178101563204887
18;3;15;10;10;20;8;1065312;1726178101573180717
19;3;15;10;10;20;8;1126057;1726178101583181308
20;3;15;10;10;20;8;1073361;1726178101593120338
21;3;15;10;10;20;8;1115410;1726178101603190824
22;3;15;10;10;20;8;1065419;1726178101613188148
23;3;15;10;10;20;8;1084818;1726178101623169313
24;3;15;10;10;20;8;1062026;1726178101633196201
25;3;15;10;10;20;8;1090783;1726178101643193568
26;3;15;10;10;20;8;1256178;1726178101653220470
27;3;15;10;10;20;8;1073022;1726178101663186785
28;3;15;10;10;20;8;1060547;1726178101673176388
29;3;15;10;10;20;8;1099923;1726178101683181105
30;3;15;10;10;20;8;1080440;1726178101693178236
31;3;15;10;10;20;8;1082446;1726178101703208133
32;3;15;10;10;20;8;1055905;1726178101713183821
33;3;15;10;10;20;8;1080962;1726178101723184097
34;3;15;10;10;20;8;1071400;1726178101733189766
35;3;15;10;10;20;8;1107511;1726178101743173984
36;3;15;10;10;20;8;1168316;1726178101753233496
37;3;15;10;10;20;8;1099934;1726178101763199310
38;3;15;10;10;20;8;1036792;1726178101773208436
39;3;15;10;10;20;8;1147292;1726178101783191543
40;3;15;10;10;20;8;1039602;1726178101793217557
41;3;15;10;10;20;8;1059532;1726178101803218243
42;3;15;10;10;20;8;1081024;1726178101813210108
43;3;15;10;10;20;8;1076747;1726178101823218585
44;3;15;10;10;20;8;1040801;1726178101833204581
45;3;15;10;10;20;8;1108020;1726178101843214141
46;3;15;10;10;20;8;1289782;1726178101853198548
47;3;15;10;10;20;8;1107652;1726178101863197853
48;3;15;10;10;20;8;1073983;1726178101873179888
49;3;15;10;10;20;8;1103929;1726178101883179685
50;3;15;10;10;20;8;1056568;1726178101893180286
51;3;15;10;10;20;8;1085943;1726178101903180478
52;3;15;10;10;20;8;1062581;1726178101913180440
53;3;15;10;10;20;8;949583;1726178101923164320
54;3;15;10;10;20;8;1080061;1726178101933173056
55;3;15;10;10;20;8;1087626;1726178101943192404
56;3;15;10;10;20;8;1099319;1726178101953197077
57;3;15;10;10;20;8;1096530;1726178101963179571
58;3;15;10;10;20;8;1061994;1726178101973196057
59;3;15;10;10;20;8;1098732;1726178101983188646
60;3;15;10;10;20;8;1083390;1726178101993172387
61;3;15;10;10;20;8;1086605;1726178102003189326
62;3;15;10;10;20;8;1067402;1726178102013187811
63;3;15;10;10;20;8;955440;1726178102023169431
64;3;15;10;10;20;8;1073688;1726178102033195097
65;3;15;10;10;20;8;1102432;1726178102043164633
66;3;15;10;10;20;8;1139579;1726178102053239976
67;3;15;10;10;20;8;1081959;1726178102063202964
68;3;15;10;10;20;8;1037568;1726178102073220748
69;3;15;10;10;20;8;1104464;1726178102083217261
70;3;15;10;10;20;8;1048304;1726178102093200835
71;3;15;10;10;20;8;1053330;1726178102103238920
72;3;15;10;10;20;8;1037597;1726178102113211686
73;3;15;10;10;20;8;1060597;1726178102123214957
74;3;15;10;10;20;8;1050975;1726178102133200873
75;3;15;10;10;20;8;1068112;1726178102143216154
76;3;15;10;10;20;8;1147356;1726178102153251049
77;3;15;10;10;20;8;1106382;1726178102163201388
78;3;15;10;10;20;8;1061638;1726178102173206336
79;3;15;10;10;20;8;1111173;1726178102183210783
80;3;15;10;10;20;8;1031106;1726178102193220992
81;3;15;10;10;20;8;1086298;1726178102203223978
82;3;15;10;10;20;8;1046486;1726178102213215184
83;3;15;10;10;20;8;1041452;1726178102223217620
84;3;15;10;10;20;8;1054981;1726178102233208717
85;3;15;10;10;20;8;1062936;1726178102243213269
86;3;15;10;10;20;8;1094360;1726178102253232119
87;3;15;10;10;20;8;1078661;1726178102263208705
88;3;15;10;10;20;8;1089223;1726178102273207137
89;3;15;10;10;20;8;1109235;1726178102283215686
90;3;15;10;10;20;8;1036817;1726178102293210794
91;3;15;10;10;20;8;1074174;1726178102303208900
92;3;15;10;10;20;8;1047001;1726178102313213201
93;3;15;10;10;20;8;1086787;1726178102323217386
94;3;15;10;10;20;8;1045388;1726178102333210250
95;3;15;10;10;20;8;1126304;1726178102343217945
96;3;15;10;10;20;8;1119451;1726178102353206345
97;3;15;10;10;20;8;1134716;1726178102363170350
98;3;15;10;10;20;8;1047839;1726178102373187853
99;3;15;10;10;20;8;1291432;1726178102383184027
0;3;16;10;10;20;8;1279555;1726178101393395647
1;3;16;10;10;20;8;1186255;1726178101403426806
2;3;16;10;10;20;8;1290692;1726178101413435403
3;3;16;10;10;20;8;1205897;1726178101423251577
4;3;16;10;10;20;8;1206821;1726178101433228626
5;3;16;10;10;20;8;1249273;1726178101443204164
6;3;16;10;10;20;8;1265406;1726178101453121751
7;3;16;10;10;20;8;1233606;1726178101463190319
8;3;16;10;10;20;8;1255012;1726178101473188509
9;3;16;10;10;20;8;1260600;1726178101483188636
10;3;16;10;10;20;8;1237057;1726178101493191863
11;3;16;10;10;20;8;1286862;1726178101503198260
12;3;16;10;10;20;8;1230962;1726178101513199332
13;3;16;10;10;20;8;1105198;1726178101523174815
14;3;16;10;10;20;8;1245749;1726178101533187734
15;3;16;10;10;20;8;1248206;1726178101543196660
16;3;16;10;10;20;8;1369639;1726178101553240070
17;3;16;10;10;20;8;1236301;1726178101563213819
18;3;16;10;10;20;8;1219714;1726178101573184342
19;3;16;10;10;20;8;1277362;1726178101583185801
20;3;16;10;10;20;8;1214350;1726178101593135039
21;3;16;10;10;20;8;1264549;1726178101603197600
22;3;16;10;10;20;8;1217442;1726178101613194154
23;3;16;10;10;20;8;1236722;1726178101623175700
24;3;16;10;10;20;8;1210952;1726178101633203785
25;3;16;10;10;20;8;1239641;1726178101643201934
26;3;16;10;10;20;8;1409329;1726178101653224469
27;3;16;10;10;20;8;1221271;1726178101663195409
28;3;16;10;10;20;8;1207509;1726178101673187529
29;3;16;10;10;20;8;1250047;1726178101683187390
30;3;16;10;10;20;8;1229014;1726178101693185999
31;3;16;10;10;20;8;1229075;1726178101703220080
32;3;16;10;10;20;8;1203119;1726178101713192828
33;3;16;10;10;20;8;1234502;1726178101723187993
34;3;16;10;10;20;8;1224754;1726178101733193697
35;3;16;10;10;20;8;1253657;1726178101743180767
36;3;16;10;10;20;8;1318276;1726178101753239824
37;3;16;10;10;20;8;1248780;1726178101763204741
38;3;16;10;10;20;8;1186914;1726178101773211723
39;3;16;10;10;20;8;1278392;1726178101783214011
40;3;16;10;10;20;8;1188044;1726178101793221459
41;3;16;10;10;20;8;1204854;1726178101803225057
42;3;16;10;10;20;8;1227015;1726178101813216259
43;3;16;10;10;20;8;1223635;1726178101823225265
44;3;16;10;10;20;8;1190768;1726178101833208292
45;3;16;10;10;20;8;1241839;1726178101843235495
46;3;16;10;10;20;8;1437573;1726178101853208005
47;3;16;10;10;20;8;1261357;1726178101863201590
48;3;16;10;10;20;8;1225816;1726178101873184024
49;3;16;10;10;20;8;1253372;1726178101883186422
50;3;16;10;10;20;8;1208138;1726178101893186875
51;3;16;10;10;20;8;1235684;1726178101903187434
52;3;16;10;10;20;8;1209756;1726178101913191090
53;3;16;10;10;20;8;1103248;1726178101923167954
54;3;16;10;10;20;8;1231597;1726178101933179572
55;3;16;10;10;20;8;1241629;1726178101943196770
56;3;16;10;10;20;8;1249174;1726178101953203453
57;3;16;10;10;20;8;1247494;1726178101963186732
58;3;16;10;10;20;8;1214774;1726178101973200943
59;3;16;10;10;20;8;1248483;1726178101983196455
60;3;16;10;10;20;8;1237811;1726178101993175643
61;3;16;10;10;20;8;1236577;1726178102003197080
62;3;16;10;10;20;8;1220498;1726178102013191850
63;3;16;10;10;20;8;1109403;1726178102023172719
64;3;16;10;10;20;8;1223594;1726178102033202135
65;3;16;10;10;20;8;1250648;1726178102043168504
66;3;16;10;10;20;8;1288255;1726178102053248387
67;3;16;10;10;20;8;1226315;1726178102063212474
68;3;16;10;10;20;8;1185107;1726178102073227033
69;3;16;10;10;20;8;1238544;1726178102083236731
70;3;16;10;10;20;8;1200064;1726178102093205960
71;3;16;10;10;20;8;1198521;1726178102103246777
72;3;16;10;10;20;8;1185590;1726178102113217664
73;3;16;10;10;20;8;1206347;1726178102123221262
74;3;16;10;10;20;8;1199776;1726178102133204488
75;3;16;10;10;20;8;1214473;1726178102143222102
76;3;16;10;10;20;8;1299555;1726178102153256370
77;3;16;10;10;20;8;1253283;1726178102163206520
78;3;16;10;10;20;8;1207862;1726178102173213133
79;3;16;10;10;20;8;1254943;1726178102183218347
80;3;16;10;10;20;8;1182281;1726178102193226389
81;3;16;10;10;20;8;1235202;1726178102203228978
82;3;16;10;10;20;8;1189851;1726178102213225753
83;3;16;10;10;20;8;1187636;1726178102223224203
84;3;16;10;10;20;8;1201913;1726178102233214379
85;3;16;10;10;20;8;1211384;1726178102243216836
86;3;16;10;10;20;8;1246718;1726178102253236538
87;3;16;10;10;20;8;1220890;1726178102263218723
88;3;16;10;10;20;8;1224684;1726178102273224247
89;3;16;10;10;20;8;1244427;1726178102283236811
90;3;16;10;10;20;8;1184083;1726178102293217076
91;3;16;10;10;20;8;1220608;1726178102303215102
92;3;16;10;10;20;8;1193849;1726178102313219339
93;3;16;10;10;20;8;1232960;1726178102323223740
94;3;16;10;10;20;8;1194512;1726178102333214960
95;3;16;10;10;20;8;1277516;1726178102343224435
96;3;16;10;10;20;8;1273326;1726178102353210161
97;3;16;10;10;20;8;1285978;1726178102363176520
98;3;16;10;10;20;8;1200960;1726178102373191403
99;3;16;10;10;20;8;1463842;1726178102383187421
0;3;17;10;10;20;8;1426695;1726178101393407596
1;3;17;10;10;20;8;1337742;1726178101403434436
2;3;17;10;10;20;8;1438097;1726178101413446274
3;3;17;10;10;20;8;1355621;1726178101423260388
4;3;17;10;10;20;8;1347902;1726178101433245785
5;3;17;10;10;20;8;1398723;1726178101443215365
6;3;17;10;10;20;8;1421997;1726178101453128010
7;3;17;10;10;20;8;1387663;1726178101463199068
8;3;17;10;10;20;8;1409959;1726178101473194797
9;3;17;10;10;20;8;1410417;1726178101483199512
10;3;17;10;10;20;8;1390440;1726178101493200245
11;3;17;10;10;20;8;1443239;1726178101503203468
12;3;17;10;10;20;8;1384696;1726178101513206487
13;3;17;10;10;20;8;1260160;1726178101523181516
14;3;17;10;10;20;8;1400259;1726178101533194502
15;3;17;10;10;20;8;1401617;1726178101543200280
16;3;17;10;10;20;8;1502918;1726178101553263864
17;3;17;10;10;20;8;1386420;1726178101563222268
18;3;17;10;10;20;8;1375378;1726178101573187678
19;3;17;10;10;20;8;1427765;1726178101583191949
20;3;17;10;10;20;8;1366148;1726178101593139780
21;3;17;10;10;20;8;1413479;1726178101603204046
22;3;17;10;10;20;8;1364367;1726178101613205162
23;3;17;10;10;20;8;1388001;1726178101623182007
24;3;17;10;10;20;8;1360928;1726178101633211645
25;3;17;10;10;20;8;1392597;1726178101643206022
26;3;17;10;10;20;8;1564550;1726178101653228174
27;3;17;10;10;20;8;1373370;1726178101663199506
28;3;17;10;10;20;8;1359163;1726178101673194682
29;3;17;10;10;20;8;1400908;1726178101683193457
30;3;17;10;10;20;8;1383188;1726178101693190007
31;3;17;10;10;20;8;1383448;1726178101703224254
32;3;17;10;10;20;8;1352244;1726178101713200101
33;3;17;10;10;20;8;1385069;1726178101723194771
34;3;17;10;10;20;8;1377977;1726178101733197455
35;3;17;10;10;20;8;1395100;1726178101743192055
36;3;17;10;10;20;8;1469632;1726178101753245776
37;3;17;10;10;20;8;1395978;1726178101763212661
38;3;17;10;10;20;8;1337088;1726178101773215423
39;3;17;10;10;20;8;1409685;1726178101783235959
40;3;17;10;10;20;8;1337999;1726178101793224836
41;3;17;10;10;20;8;1350848;1726178101803231624
42;3;17;10;10;20;8;1375083;1726178101813221068
43;3;17;10;10;20;8;1371066;1726178101823231734
44;3;17;10;10;20;8;1341402;1726178101833211648
45;3;17;10;10;20;8;1393504;1726178101843240036
46;3;17;10;10;20;8;1569783;1726178101853231835
47;3;17;10;10;20;8;1413520;1726178101863207792
48;3;17;10;10;20;8;1375468;1726178101873190043
49;3;17;10;10;20;8;1398137;1726178101883197830
50;3;17;10;10;20;8;1354866;1726178101893198006
51;3;17;10;10;20;8;1386237;1726178101903193739
52;3;17;10;10;20;8;1361342;1726178101913196870
53;3;17;10;10;20;8;1258679;1726178101923171512
54;3;17;10;10;20;8;1381088;1726178101933187017
55;3;17;10;10;20;8;1393077;1726178101943202817
56;3;17;10;10;20;8;1392783;1726178101953217806
57;3;17;10;10;20;8;1401196;1726178101963191512
58;3;17;10;10;20;8;1367155;1726178101973207126
59;3;17;10;10;20;8;1388042;1726178101983215711
60;3;17;10;10;20;8;1392193;1726178101993179232
61;3;17;10;10;20;8;1390329;1726178102003201317
62;3;17;10;10;20;8;1363267;1726178102013206257
63;3;17;10;10;20;8;1262989;1726178102023176357
64;3;17;10;10;20;8;1375380;1726178102033208322
65;3;17;10;10;20;8;1396022;1726178102043175610
66;3;17;10;10;20;8;1438534;1726178102053255897
67;3;17;10;10;20;8;1375200;1726178102063216497
68;3;17;10;10;20;8;1333187;1726178102073233422
69;3;17;10;10;20;8;1387306;1726178102083240673
70;3;17;10;10;20;8;1351222;1726178102093211693
71;3;17;10;10;20;8;1345562;1726178102103254317
72;3;17;10;10;20;8;1333582;1726178102113223608
73;3;17;10;10;20;8;1354901;1726178102123225118
74;3;17;10;10;20;8;1349699;1726178102133207879
75;3;17;10;10;20;8;1359592;1726178102143228568
76;3;17;10;10;20;8;1448944;1726178102153263237
77;3;17;10;10;20;8;1400771;1726178102163212702
78;3;17;10;10;20;8;1357273;1726178102173217162
79;3;17;10;10;20;8;1388270;1726178102183237936
80;3;17;10;10;20;8;1328196;1726178102193236931
81;3;17;10;10;20;8;1383219;1726178102203234546
82;3;17;10;10;20;8;1337798;1726178102213231715
83;3;17;10;10;20;8;1337940;1726178102223228082
84;3;17;10;10;20;8;1348851;1726178102233220680
85;3;17;10;10;20;8;1357843;1726178102243223239
86;3;17;10;10;20;8;1394333;1726178102253246723
87;3;17;10;10;20;8;1366470;1726178102263226204
88;3;17;10;10;20;8;1372834;1726178102273228887
89;3;17;10;10;20;8;1392867;1726178102283244678
90;3;17;10;10;20;8;1331941;1726178102293223398
91;3;17;10;10;20;8;1366741;1726178102303221365
92;3;17;10;10;20;8;1342880;1726178102313223825
93;3;17;10;10;20;8;1380761;1726178102323229904
94;3;17;10;10;20;8;1342043;1726178102333221580
95;3;17;10;10;20;8;1427435;1726178102343231051
96;3;17;10;10;20;8;1419604;1726178102353221924
97;3;17;10;10;20;8;1433594;1726178102363185866
98;3;17;10;10;20;8;1354959;1726178102373194913
99;3;17;10;10;20;8;1630935;1726178102383194206
0;3;18;10;10;20;8;1567715;1726178101393424706
1;3;18;10;10;20;8;1472460;1726178101403458533
2;3;18;10;10;20;8;1579678;1726178101413463861
3;3;18;10;10;20;8;1504166;1726178101423268567
4;3;18;10;10;20;8;1499913;1726178101433251508
5;3;18;10;10;20;8;1551929;1726178101443223235
6;3;18;10;10;20;8;1577241;1726178101453134574
7;3;18;10;10;20;8;1535854;1726178101463213158
8;3;18;10;10;20;8;1560807;1726178101473205267
9;3;18;10;10;20;8;1560653;1726178101483209681
10;3;18;10;10;20;8;1547919;1726178101493204583
11;3;18;10;10;20;8;1598024;1726178101503209596
12;3;18;10;10;20;8;1538942;1726178101513213369
13;3;18;10;10;20;8;1414495;1726178101523188807
14;3;18;10;10;20;8;1556048;1726178101533201018
15;3;18;10;10;20;8;1554655;1726178101543204404
16;3;18;10;10;20;8;1652909;1726178101553270449
17;3;18;10;10;20;8;1536780;1726178101563230087
18;3;18;10;10;20;8;1529696;1726178101573190947
19;3;18;10;10;20;8;1575303;1726178101583201627
20;3;18;10;10;20;8;1517867;1726178101593143695
21;3;18;10;10;20;8;1563515;1726178101603210521
22;3;18;10;10;20;8;1517611;1726178101613209275
23;3;18;10;10;20;8;1530860;1726178101623196983
24;3;18;10;10;20;8;1511084;1726178101633218511
25;3;18;10;10;20;8;1541206;1726178101643214515
26;3;18;10;10;20;8;1705627;1726178101653246041
27;3;18;10;10;20;8;1523765;1726178101663205764
28;3;18;10;10;20;8;1510514;1726178101673200599
29;3;18;10;10;20;8;1554509;1726178101683197221
30;3;18;10;10;20;8;1536499;1726178101693193622
31;3;18;10;10;20;8;1534846;1726178101703230289
32;3;18;10;10;20;8;1501384;1726178101713207455
33;3;18;10;10;20;8;1535816;1726178101723201086
34;3;18;10;10;20;8;1521600;1726178101733210532
35;3;18;10;10;20;8;1544290;1726178101743196045
36;3;18;10;10;20;8;1620545;1726178101753252530
37;3;18;10;10;20;8;1546860;1726178101763216479
38;3;18;10;10;20;8;1487082;1726178101773219322
39;3;18;10;10;20;8;1554491;1726178101783244408
40;3;18;10;10;20;8;1487852;1726178101793228452
41;3;18;10;10;20;8;1493065;1726178101803242136
42;3;18;10;10;20;8;1521598;1726178101813227887
43;3;18;10;10;20;8;1518096;1726178101823238047
44;3;18;10;10;20;8;1490727;1726178101833215455
45;3;18;10;10;20;8;1541143;1726178101843247967
46;3;18;10;10;20;8;1701164;1726178101853257525
47;3;18;10;10;20;8;1565164;1726178101863213678
48;3;18;10;10;20;8;1526430;1726178101873196411
49;3;18;10;10;20;8;1530108;1726178101883222759
50;3;18;10;10;20;8;1508967;1726178101893201982
51;3;18;10;10;20;8;1536485;1726178101903200169
52;3;18;10;10;20;8;1513047;1726178101913203156
53;3;18;10;10;20;8;1414754;1726178101923175232
54;3;18;10;10;20;8;1528399;1726178101933197600
55;3;18;10;10;20;8;1541782;1726178101943211377
56;3;18;10;10;20;8;1545457;1726178101953222748
57;3;18;10;10;20;8;1549383;1726178101963201564
58;3;18;10;10;20;8;1514425;1726178101973218244
59;3;18;10;10;20;8;1538699;1726178101983222086
60;3;18;10;10;20;8;1546857;1726178101993182786
61;3;18;10;10;20;8;1543375;1726178102003205722
62;3;18;10;10;20;8;1516251;1726178102013210893
63;3;18;10;10;20;8;1417203;1726178102023180325
64;3;18;10;10;20;8;1526724;1726178102033215095
65;3;18;10;10;20;8;1542126;1726178102043182114
66;3;18;10;10;20;8;1590329;1726178102053262151
67;3;18;10;10;20;8;1524098;1726178102063220990
68;3;18;10;10;20;8;1480359;1726178102073239618
69;3;18;10;10;20;8;1537822;1726178102083244351
70;3;18;10;10;20;8;1489617;1726178102093230698
71;3;18;10;10;20;8;1488968;1726178102103265966
72;3;18;10;10;20;8;1481161;1726178102113229602
73;3;18;10;10;20;8;1501657;1726178102123231034
74;3;18;10;10;20;8;1498523;1726178102133211608
75;3;18;10;10;20;8;1506248;1726178102143234254
76;3;18;10;10;20;8;1599185;1726178102153270033
77;3;18;10;10;20;8;1547385;1726178102163219577
78;3;18;10;10;20;8;1504189;1726178102173223368
79;3;18;10;10;20;8;1535591;1726178102183241954
80;3;18;10;10;20;8;1478496;1726178102193243859
81;3;18;10;10;20;8;1528119;1726178102203242834
82;3;18;10;10;20;8;1485396;1726178102213237732
83;3;18;10;10;20;8;1484885;1726178102223234436
84;3;18;10;10;20;8;1492454;1726178102233229779
85;3;18;10;10;20;8;1503069;1726178102243230465
86;3;18;10;10;20;8;1545423;1726178102253253456
87;3;18;10;10;20;8;1516032;1726178102263229707
88;3;18;10;10;20;8;1521455;1726178102273232206
89;3;18;10;10;20;8;1543409;1726178102283251298
90;3;18;10;10;20;8;1477379;1726178102293231375
91;3;18;10;10;20;8;1513518;1726178102303227726
92;3;18;10;10;20;8;1490332;1726178102313230050
93;3;18;10;10;20;8;1527940;1726178102323236187
94;3;18;10;10;20;8;1490068;1726178102333228252
95;3;18;10;10;20;8;1578738;1726178102343237542
96;3;18;10;10;20;8;1572246;1726178102353226263
97;3;18;10;10;20;8;1584426;1726178102363191572
98;3;18;10;10;20;8;1508740;1726178102373198163
99;3;18;10;10;20;8;1814627;1726178102383202901
0;3;19;10;10;20;8;1713075;1726178101393438675
1;3;19;10;10;20;8;1622032;1726178101403468922
2;3;19;10;10;20;8;1727590;1726178101413475825
3;3;19;10;10;20;8;1654841;1726178101423276195
4;3;19;10;10;20;8;1648528;1726178101433261854
5;3;19;10;10;20;8;1709714;1726178101443227274
6;3;19;10;10;20;8;1738420;1726178101453140530
7;3;19;10;10;20;8;1688926;1726178101463222199
8;3;19;10;10;20;8;1713783;1726178101473214327
9;3;19;10;10;20;8;1716509;1726178101483215968
10;3;19;10;10;20;8;1705423;1726178101493209076
11;3;19;10;10;20;8;1752202;1726178101503217457
12;3;19;10;10;20;8;1693412;1726178101513221615
13;3;19;10;10;20;8;1568753;1726178101523195071
14;3;19;10;10;20;8;1711339;1726178101533207482
15;3;19;10;10;20;8;1707826;1726178101543208439
16;3;19;10;10;20;8;1803647;1726178101553277057
17;3;19;10;10;20;8;1691889;1726178101563233866
18;3;19;10;10;20;8;1683858;1726178101573194669
19;3;19;10;10;20;8;1709972;1726178101583224795
20;3;19;10;10;20;8;1671169;1726178101593148436
21;3;19;10;10;20;8;1715255;1726178101603217207
22;3;19;10;10;20;8;1672567;1726178101613213197
23;3;19;10;10;20;8;1683876;1726178101623201556
24;3;19;10;10;20;8;1662490;1726178101633224896
25;3;19;10;10;20;8;1693941;1726178101643218911
26;3;19;10;10;20;8;1858398;1726178101653252088
27;3;19;10;10;20;8;1675135;1726178101663212335
28;3;19;10;10;20;8;1662124;1726178101673206912
29;3;19;10;10;20;8;1705819;1726178101683202770
30;3;19;10;10;20;8;1690709;1726178101693197001
31;3;19;10;10;20;8;1686238;1726178101703236723
32;3;19;10;10;20;8;1652537;1726178101713213698
33;3;19;10;10;20;8;1685456;1726178101723207984
34;3;19;10;10;20;8;1673911;1726178101733215453
35;3;19;10;10;20;8;1693117;1726178101743200282
36;3;19;10;10;20;8;1772818;1726178101753258522
37;3;19;10;10;20;8;1697274;1726178101763219761
38;3;19;10;10;20;8;1637476;1726178101773222905
39;3;19;10;10;20;8;1701206;1726178101783251106
40;3;19;10;10;20;8;1638550;1726178101793231789
41;3;19;10;10;20;8;1640337;1726178101803248552
42;3;19;10;10;20;8;1669879;1726178101813234258
43;3;19;10;10;20;8;1665548;1726178101823244093
44;3;19;10;10;20;8;1639966;1726178101833219168
45;3;19;10;10;20;8;1689519;1726178101843256746
46;3;19;10;10;20;8;1852286;1726178101853264925
47;3;19;10;10;20;8;1718610;1726178101863219603
48;3;19;10;10;20;8;1677562;1726178101873203911
49;3;19;10;10;20;8;1679891;1726178101883230222
50;3;19;10;10;20;8;1663036;1726178101893205316
51;3;19;10;10;20;8;1686889;1726178101903207704
52;3;19;10;10;20;8;1662926;1726178101913211368
53;3;19;10;10;20;8;1568538;1726178101923179219
54;3;19;10;10;20;8;1681900;1726178101933203160
55;3;19;10;10;20;8;1695015;1726178101943216444
56;3;19;10;10;20;8;1698925;1726178101953226506
57;3;19;10;10;20;8;1700840;1726178101963208302
58;3;19;10;10;20;8;1662475;1726178101973227675
59;3;19;10;10;20;8;1690140;1726178101983229027
60;3;19;10;10;20;8;1702051;1726178101993186146
61;3;19;10;10;20;8;1694356;1726178102003212112
62;3;19;10;10;20;8;1672370;1726178102013214313
63;3;19;10;10;20;8;1571289;1726178102023184203
64;3;19;10;10;20;8;1676871;1726178102033222179
65;3;19;10;10;20;8;1688446;1726178102043189262
66;3;19;10;10;20;8;1743107;1726178102053268282
67;3;19;10;10;20;8;1672057;1726178102063227149
68;3;19;10;10;20;8;1629329;1726178102073245538
69;3;19;10;10;20;8;1681929;1726178102083254713
70;3;19;10;10;20;8;1638925;1726178102093238673
71;3;19;10;10;20;8;1636393;1726178102103272703
72;3;19;10;10;20;8;1629550;1726178102113235367
73;3;19;10;10;20;8;1648389;1726178102123237463
74;3;19;10;10;20;8;1647628;1726178102133215477
75;3;19;10;10;20;8;1652359;1726178102143243200
76;3;19;10;10;20;8;1738671;1726178102153288032
77;3;19;10;10;20;8;1699786;1726178102163222970
78;3;19;10;10;20;8;1679207;1726178102173230678
79;3;19;10;10;20;8;1666139;1726178102183263910
80;3;19;10;10;20;8;1628495;1726178102193251206
81;3;19;10;10;20;8;1676090;1726178102203250106
82;3;19;10;10;20;8;1635810;1726178102213241937
83;3;19;10;10;20;8;1629259;1726178102223244680
84;3;19;10;10;20;8;1639895;1726178102233237360
85;3;19;10;10;20;8;1647457;1726178102243239734
86;3;19;10;10;20;8;1698120;1726178102253260040
87;3;19;10;10;20;8;1663698;1726178102263235759
88;3;19;10;10;20;8;1671397;1726178102273235313
89;3;19;10;10;20;8;1696356;1726178102283256233
90;3;19;10;10;20;8;1625741;1726178102293237245
91;3;19;10;10;20;8;1661627;1726178102303234111
92;3;19;10;10;20;8;1639482;1726178102313236682
93;3;19;10;10;20;8;1674602;1726178102323242387
94;3;19;10;10;20;8;1654180;1726178102333237793
95;3;19;10;10;20;8;1730356;1726178102343243753
96;3;19;10;10;20;8;1721578;1726178102353234715
97;3;19;10;10;20;8;1736983;1726178102363195955
98;3;19;10;10;20;8;1663685;1726178102373201841
99;3;19;10;10;20;8;1957109;1726178102383221802
0;4;0;10;10;20;8;0;0
1;4;0;10;10;20;8;0;0
2;4;0;10;10;20;8;0;0
3;4;0;10;10;20;8;0;0
4;4;0;10;10;20;8;0;0
5;4;0;10;10;20;8;0;0
6;4;0;10;10;20;8;0;0
7;4;0;10;10;20;8;0;0
8;4;0;10;10;20;8;0;0
9;4;0;10;10;20;8;0;0
10;4;0;10;10;20;8;0;0
11;4;0;10;10;20;8;0;0
12;4;0;10;10;20;8;0;0
13;4;0;10;10;20;8;0;0
14;4;0;10;10;20;8;0;0
15;4;0;10;10;20;8;0;0
16;4;0;10;10;20;8;0;0
17;4;0;10;10;20;8;0;0
18;4;0;10;10;20;8;0;0
19;4;0;10;10;20;8;0;0
20;4;0;10;10;20;8;0;0
21;4;0;10;10;20;8;0;0
22;4;0;10;10;20;8;0;0
23;4;0;10;10;20;8;0;0
24;4;0;10;10;20;8;0;0
25;4;0;10;10;20;8;0;0
26;4;0;10;10;20;8;271810;1726178101653082020
27;4;0;10;10;20;8;0;0
28;4;0;10;10;20;8;0;0
29;4;0;10;10;20;8;0;0
30;4;0;10;10;20;8;0;0
31;4;0;10;10;20;8;0;0
32;4;0;10;10;20;8;0;0
33;4;0;10;10;20;8;0;0
34;4;0;10;10;20;8;0;0
35;4;0;10;10;20;8;0;0
36;4;0;10;10;20;8;0;0
37;4;0;10;10;20;8;0;0
38;4;0;10;10;20;8;0;0
39;4;0;10;10;20;8;0;0
40;4;0;10;10;20;8;0;0
41;4;0;10;10;20;8;0;0
42;4;0;10;10;20;8;0;0
43;4;0;10;10;20;8;0;0
44;4;0;10;10;20;8;0;0
45;4;0;10;10;20;8;0;0
46;4;0;10;10;20;8;237404;1726178101853037116
47;4;0;10;10;20;8;0;0
48;4;0;10;10;20;8;0;0
49;4;0;10;10;20;8;0;0
50;4;0;10;10;20;8;0;0
51;4;0;10;10;20;8;0;0
52;4;0;10;10;20;8;0;0
53;4;0;10;10;20;8;0;0
54;4;0;10;10;20;8;0;0
55;4;0;10;10;20;8;0;0
56;4;0;10;10;20;8;0;0
57;4;0;10;10;20;8;0;0
58;4;0;10;10;20;8;0;0
59;4;0;10;10;20;8;0;0
60;4;0;10;10;20;8;0;0
61;4;0;10;10;20;8;0;0
62;4;0;10;10;20;8;0;0
63;4;0;10;10;20;8;0;0
64;4;0;10;10;20;8;0;0
65;4;0;10;10;20;8;0;0
66;4;0;10;10;20;8;0;0
67;4;0;10;10;20;8;0;0
68;4;0;10;10;20;8;0;0
69;4;0;10;10;20;8;0;0
70;4;0;10;10;20;8;0;0
71;4;0;10;10;20;8;0;0
72;4;0;10;10;20;8;0;0
73;4;0;10;10;20;8;0;0
74;4;0;10;10;20;8;0;0
75;4;0;10;10;20;8;0;0
76;4;0;10;10;20;8;0;0
77;4;0;10;10;20;8;0;0
78;4;0;10;10;20;8;0;0
79;4;0;10;10;20;8;0;0
80;4;0;10;10;20;8;0;0
81;4;0;10;10;20;8;0;0
82;4;0;10;10;20;8;0;0
83;4;0;10;10;20;8;0;0
84;4;0;10;10;20;8;0;0
85;4;0;10;10;20;8;0;0
86;4;0;10;10;20;8;0;0
87;4;0;10;10;20;8;0;0
88;4;0;10;10;20;8;0;0
89;4;0;10;10;20;8;0;0
90;4;0;10;10;20;8;0;0
91;4;0;10;10;20;8;0;0
92;4;0;10;10;20;8;0;0
93;4;0;10;10;20;8;0;0
94;4;0;10;10;20;8;0;0
95;4;0;10;10;20;8;0;0
96;4;0;10;10;20;8;0;0
97;4;0;10;10;20;8;0;0
98;4;0;10;10;20;8;0;0
99;4;0;10;10;20;8;0;0
0;4;0;10;10;20;8;0;0
1;4;0;10;10;20;8;0;0
2;4;0;10;10;20;8;0;0
3;4;0;10;10;20;8;0;0
4;4;0;10;10;20;8;0;0
5;4;0;10;10;20;8;0;0
6;4;0;10;10;20;8;0;0
7;4;0;10;10;20;8;0;0
8;4;0;10;10;20;8;0;0
9;4;0;10;10;20;8;0;0
10;4;0;10;10;20;8;0;0
11;4;0;10;10;20;8;0;0
12;4;0;10;10;20;8;0;0
13;4;0;10;10;20;8;0;0
14;4;0;10;10;20;8;0;0
15;4;0;10;10;20;8;0;0
16;4;0;10;10;20;8;0;0
17;4;0;10;10;20;8;0;0
18;4;0;10;10;20;8;0;0
19;4;0;10;10;20;8;0;0
20;4;0;10;10;20;8;0;0
21;4;0;10;10;20;8;0;0
22;4;0;10;10;20;8;0;0
23;4;0;10;10;20;8;0;0
24;4;0;10;10;20;8;0;0
25;4;0;10;10;20;8;0;0
26;4;0;10;10;20;8;0;0
27;4;0;10;10;20;8;0;0
28;4;0;10;10;20;8;0;0
29;4;0;10;10;20;8;0;0
30;4;0;10;10;20;8;0;0
31;4;0;10;10;20;8;0;0
32;4;0;10;10;20;8;0;0
33;4;0;10;10;20;8;0;0
34;4;0;10;10;20;8;0;0
35;4;0;10;10;20;8;0;0
36;4;0;10;10;20;8;0;0
37;4;0;10;10;20;8;0;0
38;4;0;10;10;20;8;0;0
39;4;0;10;10;20;8;0;0
40;4;0;10;10;20;8;0;0
41;4;0;10;10;20;8;0;0
42;4;0;10;10;20;8;0;0
43;4;0;10;10;20;8;0;0
44;4;0;10;10;20;8;0;0
45;4;0;10;10;20;8;0;0
46;4;0;10;10;20;8;0;0
47;4;0;10;10;20;8;0;0
48;4;0;10;10;20;8;0;0
49;4;0;10;10;20;8;0;0
50;4;0;10;10;20;8;0;0
51;4;0;10;10;20;8;0;0
52;4;0;10;10;20;8;0;0
53;4;0;10;10;20;8;0;0
54;4;0;10;10;20;8;0;0
55;4;0;10;10;20;8;0;0
56;4;0;10;10;20;8;0;0
57;4;0;10;10;20;8;0;0
58;4;0;10;10;20;8;0;0
59;4;0;10;10;20;8;0;0
60;4;0;10;10;20;8;0;0
61;4;0;10;10;20;8;0;0
62;4;0;10;10;20;8;0;0
63;4;0;10;10;20;8;0;0
64;4;0;10;10;20;8;0;0
65;4;0;10;10;20;8;0;0
66;4;0;10;10;20;8;0;0
67;4;0;10;10;20;8;0;0
68;4;0;10;10;20;8;0;0
69;4;0;10;10;20;8;0;0
70;4;0;10;10;20;8;0;0
71;4;0;10;10;20;8;0;0
72;4;0;10;10;20;8;0;0
73;4;0;10;10;20;8;0;0
74;4;0;10;10;20;8;0;0
75;4;0;10;10;20;8;0;0
76;4;1;10;10;20;8;271696;1726178102153125314
77;4;0;10;10;20;8;0;0
78;4;0;10;10;20;8;0;0
79;4;0;10;10;20;8;0;0
80;4;0;10;10;20;8;0;0
81;4;0;10;10;20;8;0;0
82;4;0;10;10;20;8;0;0
83;4;0;10;10;20;8;0;0
84;4;0;10;10;20;8;0;0
85;4;0;10;10;20;8;0;0
86;4;1;10;10;20;8;233864;1726178102253124269
87;4;0;10;10;20;8;0;0
88;4;0;10;10;20;8;0;0
89;4;0;10;10;20;8;0;0
90;4;0;10;10;20;8;0;0
91;4;0;10;10;20;8;0;0
92;4;0;10;10;20;8;0;0
93;4;0;10;10;20;8;0;0
94;4;0;10;10;20;8;0;0
95;4;0;10;10;20;8;0;0
96;4;0;10;10;20;8;0;0
97;4;0;10;10;20;8;0;0
98;4;0;10;10;20;8;0;0
99;4;0;10;10;20;8;0;0
0;4;0;10;10;20;8;0;0
1;4;0;10;10;20;8;0;0
2;4;0;10;10;20;8;0;0
3;4;0;10;10;20;8;0;0
4;4;0;10;10;20;8;0;0
5;4;0;10;10;20;8;0;0
6;4;0;10;10;20;8;0;0
7;4;0;10;10;20;8;0;0
8;4;0;10;10;20;8;0;0
9;4;0;10;10;20;8;0;0
10;4;0;10;10;20;8;0;0
11;4;0;10;10;20;8;0;0
12;4;0;10;10;20;8;0;0
13;4;0;10;10;20;8;0;0
14;4;0;10;10;20;8;0;0
15;4;0;10;10;20;8;0;0
16;4;2;10;10;20;8;361426;1726178101553110568
17;4;0;10;10;20;8;0;0
18;4;0;10;10;20;8;0;0
19;4;0;10;10;20;8;0;0
20;4;0;10;10;20;8;0;0
21;4;0;10;10;20;8;0;0
22;4;0;10;10;20;8;0;0
23;4;0;10;10;20;8;0;0
24;4;0;10;10;20;8;0;0
25;4;0;10;10;20;8;0;0
26;4;0;10;10;20;8;0;0
27;4;0;10;10;20;8;0;0
28;4;0;10;10;20;8;0;0
29;4;0;10;10;20;8;0;0
30;4;0;10;10;20;8;0;0
31;4;0;10;10;20;8;0;0
32;4;0;10;10;20;8;0;0
33;4;0;10;10;20;8;0;0
34;4;0;10;10;20;8;0;0
35;4;0;10;10;20;8;0;0
36;4;2;10;10;20;8;257732;1726178101753126425
37;4;0;10;10;20;8;0;0
38;4;0;10;10;20;8;0;0
39;4;0;10;10;20;8;0;0
40;4;0;10;10;20;8;0;0
41;4;0;10;10;20;8;0;0
42;4;0;10;10;20;8;0;0
43;4;0;10;10;20;8;0;0
44;4;0;10;10;20;8;0;0
45;4;0;10;10;20;8;0;0
46;4;0;10;10;20;8;0;0
47;4;0;10;10;20;8;0;0
48;4;0;10;10;20;8;0;0
49;4;0;10;10;20;8;0;0
50;4;0;10;10;20;8;0;0
51;4;0;10;10;20;8;0;0
52;4;0;10;10;20;8;0;0
53;4;0;10;10;20;8;0;0
54;4;0;10;10;20;8;0;0
55;4;0;10;10;20;8;0;0
56;4;2;10;10;20;8;223361;1726178101953104399
57;4;0;10;10;20;8;0;0
58;4;0;10;10;20;8;0;0
59;4;0;10;10;20;8;0;0
60;4;0;10;10;20;8;0;0
61;4;0;10;10;20;8;0;0
62;4;0;10;10;20;8;0;0
63;4;0;10;10;20;8;0;0
64;4;0;10;10;20;8;0;0
65;4;0;10;10;20;8;0;0
66;4;2;10;10;20;8;272069;1726178102053128459
67;4;0;10;10;20;8;0;0
68;4;0;10;10;20;8;0;0
69;4;0;10;10;20;8;0;0
70;4;0;10;10;20;8;0;0
71;4;0;10;10;20;8;0;0
72;4;0;10;10;20;8;0;0
73;4;0;10;10;20;8;0;0
74;4;0;10;10;20;8;0;0
75;4;0;10;10;20;8;0;0
76;4;0;10;10;20;8;0;0
77;4;0;10;10;20;8;0;0
78;4;0;10;10;20;8;0;0
79;4;0;10;10;20;8;0;0
80;4;0;10;10;20;8;0;0
81;4;0;10;10;20;8;0;0
82;4;0;10;10;20;8;0;0
83;4;0;10;10;20;8;0;0
84;4;0;10;10;20;8;0;0
85;4;0;10;10;20;8;0;0
86;4;0;10;10;20;8;0;0
87;4;0;10;10;20;8;0;0
88;4;0;10;10;20;8;0;0
89;4;0;10;10;20;8;0;0
90;4;0;10;10;20;8;0;0
91;4;0;10;10;20;8;0;0
92;4;0;10;10;20;8;0;0
93;4;0;10;10;20;8;0;0
94;4;0;10;10;20;8;0;0
95;4;0;10;10;20;8;0;0
96;4;0;10;10;20;8;0;0
97;4;0;10;10;20;8;0;0
98;4;0;10;10;20;8;0;0
99;4;0;10;10;20;8;0;0
0;4;0;10;10;20;8;0;0
1;4;0;10;10;20;8;0;0
2;4;0;10;10;20;8;0;0
3;4;0;10;10;20;8;0;0
4;4;0;10;10;20;8;0;0
5;4;0;10;10;20;8;0;0
6;4;0;10;10;20;8;0;0
7;4;0;10;10;20;8;0;0
8;4;0;10;10;20;8;0;0
9;4;0;10;10;20;8;0;0
10;4;0;10;10;20;8;0;0
11;4;0;10;10;20;8;0;0
12;4;0;10;10;20;8;0;0
13;4;0;10;10;20;8;0;0
14;4;0;10;10;20;8;0;0
15;4;0;10;10;20;8;0;0
16;4;0;10;10;20;8;0;0
17;4;0;10;10;20;8;0;0
18;4;0;10;10;20;8;0;0
19;4;0;10;10;20;8;0;0
20;4;0;10;10;20;8;0;0
21;4;0;10;10;20;8;0;0
22;4;0;10;10;20;8;0;0
23;4;0;10;10;20;8;0;0
24;4;0;10;10;20;8;0;0
25;4;0;10;10;20;8;0;0
26;4;0;10;10;20;8;0;0
27;4;0;10;10;20;8;0;0
28;4;0;10;10;20;8;0;0
29;4;0;10;10;20;8;0;0
30;4;0;10;10;20;8;0;0
31;4;0;10;10;20;8;0;0
32;4;0;10;10;20;8;0;0
33;4;0;10;10;20;8;0;0
34;4;0;10;10;20;8;0;0
35;4;0;10;10;20;8;0;0
36;4;0;10;10;20;8;0;0
37;4;0;10;10;20;8;0;0
38;4;0;10;10;20;8;0;0
39;4;0;10;10;20;8;0;0
40;4;0;10;10;20;8;0;0
41;4;0;10;10;20;8;0;0
42;4;0;10;10;20;8;0;0
43;4;0;10;10;20;8;0;0
44;4;0;10;10;20;8;0;0
45;4;0;10;10;20;8;0;0
46;4;0;10;10;20;8;0;0
47;4;0;10;10;20;8;0;0
48;4;0;10;10;20;8;0;0
49;4;0;10;10;20;8;0;0
50;4;0;10;10;20;8;0;0
51;4;0;10;10;20;8;0;0
52;4;0;10;10;20;8;0;0
53;4;0;10;10;20;8;0;0
54;4;0;10;10;20;8;0;0
55;4;0;10;10;20;8;0;0
56;4;0;10;10;20;8;0;0
57;4;0;10;10;20;8;0;0
58;4;0;10;10;20;8;0;0
59;4;0;10;10;20;8;0;0
60;4;0;10;10;20;8;0;0
61;4;0;10;10;20;8;0;0
62;4;0;10;10;20;8;0;0
63;4;0;10;10;20;8;0;0
64;4;0;10;10;20;8;0;0
65;4;0;10;10;20;8;0;0
66;4;0;10;10;20;8;0;0
67;4;0;10;10;20;8;0;0
68;4;0;10;10;20;8;0;0
69;4;0;10;10;20;8;0;0
70;4;0;10;10;20;8;0;0
71;4;0;10;10;20;8;0;0
72;4;0;10;10;20;8;0;0
73;4;0;10;10;20;8;0;0
74;4;0;10;10;20;8;0;0
75;4;0;10;10;20;8;0;0
76;4;0;10;10;20;8;0;0
77;4;0;10;10;20;8;0;0
78;4;0;10;10;20;8;0;0
79;4;0;10;10;20;8;0;0
80;4;0;10;10;20;8;0;0
81;4;0;10;10;20;8;0;0
82;4;0;10;10;20;8;0;0
83;4;0;10;10;20;8;0;0
84;4;0;10;10;20;8;0;0
85;4;0;10;10;20;8;0;0
86;4;0;10;10;20;8;0;0
87;4;0;10;10;20;8;0;0
88;4;0;10;10;20;8;0;0
89;4;0;10;10;20;8;0;0
90;4;0;10;10;20;8;0;0
91;4;0;10;10;20;8;0;0
92;4;0;10;10;20;8;0;0
93;4;0;10;10;20;8;0;0
94;4;0;10;10;20;8;0;0
95;4;0;10;10;20;8;0;0
96;4;3;10;10;20;8;233218;1726178102353108877
97;4;0;10;10;20;8;0;0
98;4;0;10;10;20;8;0;0
99;4;0;10;10;20;8;0;0
0;4;0;10;10;20;8;0;0
1;4;0;10;10;20;8;0;0
2;4;0;10;10;20;8;0;0
3;4;0;10;10;20;8;0;0
4;4;0;10;10;20;8;0;0
5;4;0;10;10;20;8;0;0
6;4;0;10;10;20;8;0;0
7;4;0;10;10;20;8;0;0
8;4;0;10;10;20;8;0;0
9;4;0;10;10;20;8;0;0
10;4;0;10;10;20;8;0;0
11;4;0;10;10;20;8;0;0
12;4;0;10;10;20;8;0;0
13;4;0;10;10;20;8;0;0
14;4;0;10;10;20;8;0;0
15;4;0;10;10;20;8;0;0
16;4;0;10;10;20;8;0;0
17;4;0;10;10;20;8;0;0
18;4;0;10;10;20;8;0;0
19;4;0;10;10;20;8;0;0
20;4;0;10;10;20;8;0;0
21;4;0;10;10;20;8;0;0
22;4;0;10;10;20;8;0;0
23;4;0;10;10;20;8;0;0
24;4;0;10;10;20;8;0;0
25;4;0;10;10;20;8;0;0
26;4;0;10;10;20;8;0;0
27;4;0;10;10;20;8;0;0
28;4;0;10;10;20;8;0;0
29;4;0;10;10;20;8;0;0
30;4;0;10;10;20;8;0;0
31;4;0;10;10;20;8;0;0
32;4;0;10;10;20;8;0;0
33;4;0;10;10;20;8;0;0
34;4;0;10;10;20;8;0;0
35;4;0;10;10;20;8;0;0
36;4;0;10;10;20;8;0;0
37;4;0;10;10;20;8;0;0
38;4;0;10;10;20;8;0;0
39;4;0;10;10;20;8;0;0
40;4;0;10;10;20;8;0;0
41;4;0;10;10;20;8;0;0
42;4;0;10;10;20;8;0;0
43;4;0;10;10;20;8;0;0
44;4;0;10;10;20;8;0;0
45;4;0;10;10;20;8;0;0
46;4;0;10;10;20;8;0;0
47;4;0;10;10;20;8;0;0
48;4;0;10;10;20;8;0;0
49;4;0;10;10;20;8;0;0
50;4;0;10;10;20;8;0;0
51;4;0;10;10;20;8;0;0
52;4;0;10;10;20;8;0;0
53;4;0;10;10;20;8;0;0
54;4;0;10;10;20;8;0;0
55;4;0;10;10;20;8;0;0
56;4;0;10;10;20;8;0;0
57;4;0;10;10;20;8;0;0
58;4;0;10;10;20;8;0;0
59;4;0;10;10;20;8;0;0
60;4;0;10;10;20;8;0;0
61;4;0;10;10;20;8;0;0
62;4;0;10;10;20;8;0;0
63;4;0;10;10;20;8;0;0
64;4;0;10;10;20;8;0;0
65;4;0;10;10;20;8;0;0
66;4;0;10;10;20;8;0;0
67;4;0;10;10;20;8;0;0
68;4;0;10;10;20;8;0;0
69;4;0;10;10;20;8;0;0
70;4;0;10;10;20;8;0;0
71;4;0;10;10;20;8;0;0
72;4;0;10;10;20;8;0;0
73;4;0;10;10;20;8;0;0
74;4;0;10;10;20;8;0;0
75;4;0;10;10;20;8;0;0
76;4;0;10;10;20;8;0;0
77;4;0;10;10;20;8;0;0
78;4;0;10;10;20;8;0;0
79;4;0;10;10;20;8;0;0
80;4;0;10;10;20;8;0;0
81;4;0;10;10;20;8;0;0
82;4;0;10;10;20;8;0;0
83;4;0;10;10;20;8;0;0
84;4;0;10;10;20;8;0;0
85;4;0;10;10;20;8;0;0
86;4;0;10;10;20;8;0;0
87;4;0;10;10;20;8;0;0
88;4;0;10;10;20;8;0;0
89;4;0;10;10;20;8;0;0
90;4;0;10;10;20;8;0;0
91;4;0;10;10;20;8;0;0
92;4;0;10;10;20;8;0;0
93;4;0;10;10;20;8;0;0
94;4;0;10;10;20;8;0;0
95;4;0;10;10;20;8;0;0
96;4;0;10;10;20;8;0;0
97;4;0;10;10;20;8;0;0
98;4;0;10;10;20;8;0;0
99;4;0;10;10;20;8;0;0
0;4;0;10;10;20;8;0;0
1;4;0;10;10;20;8;0;0
2;4;0;10;10;20;8;0;0
3;4;5;10;10;20;8;181673;1726178101423134901
4;4;0;10;10;20;8;0;0
5;4;0;10;10;20;8;0;0
6;4;0;10;10;20;8;0;0
7;4;0;10;10;20;8;0;0
8;4;0;10;10;20;8;0;0
9;4;0;10;10;20;8;0;0
10;4;0;10;10;20;8;0;0
11;4;0;10;10;20;8;0;0
12;4;0;10;10;20;8;0;0
13;4;0;10;10;20;8;0;0
14;4;0;10;10;20;8;0;0
15;4;0;10;10;20;8;0;0
16;4;0;10;10;20;8;0;0
17;4;0;10;10;20;8;0;0
18;4;0;10;10;20;8;0;0
19;4;0;10;10;20;8;0;0
20;4;0;10;10;20;8;0;0
21;4;0;10;10;20;8;0;0
22;4;0;10;10;20;8;0;0
23;4;0;10;10;20;8;0;0
24;4;0;10;10;20;8;0;0
25;4;0;10;10;20;8;0;0
26;4;0;10;10;20;8;0;0
27;4;0;10;10;20;8;0;0
28;4;0;10;10;20;8;0;0
29;4;0;10;10;20;8;0;0
30;4;0;10;10;20;8;0;0
31;4;0;10;10;20;8;0;0
32;4;0;10;10;20;8;0;0
33;4;0;10;10;20;8;0;0
34;4;0;10;10;20;8;0;0
35;4;0;10;10;20;8;0;0
36;4;0;10;10;20;8;0;0
37;4;0;10;10;20;8;0;0
38;4;0;10;10;20;8;0;0
39;4;0;10;10;20;8;0;0
40;4;0;10;10;20;8;0;0
41;4;0;10;10;20;8;0;0
42;4;0;10;10;20;8;0;0
43;4;0;10;10;20;8;0;0
44;4;0;10;10;20;8;0;0
45;4;0;10;10;20;8;0;0
46;4;0;10;10;20;8;0;0
47;4;0;10;10;20;8;0;0
48;4;0;10;10;20;8;0;0
49;4;0;10;10;20;8;0;0
50;4;0;10;10;20;8;0;0
51;4;0;10;10;20;8;0;0
52;4;0;10;10;20;8;0;0
53;4;0;10;10;20;8;0;0
54;4;0;10;10;20;8;0;0
55;4;0;10;10;20;8;0;0
56;4;0;10;10;20;8;0;0
57;4;0;10;10;20;8;0;0
58;4;0;10;10;20;8;0;0
59;4;0;10;10;20;8;0;0
60;4;0;10;10;20;8;0;0
61;4;0;10;10;20;8;0;0
62;4;0;10;10;20;8;0;0
63;4;0;10;10;20;8;0;0
64;4;0;10;10;20;8;0;0
65;4;0;10;10;20;8;0;0
66;4;0;10;10;20;8;0;0
67;4;0;10;10;20;8;0;0
68;4;0;10;10;20;8;0;0
69;4;0;10;10;20;8;0;0
70;4;0;10;10;20;8;0;0
71;4;0;10;10;20;8;0;0
72;4;0;10;10;20;8;0;0
73;4;0;10;10;20;8;0;0
74;4;0;10;10;20;8;0;0
75;4;0;10;10;20;8;0;0
76;4;0;10;10;20;8;0;0
77;4;0;10;10;20;8;0;0
78;4;0;10;10;20;8;0;0
79;4;0;10;10;20;8;0;0
80;4;0;10;10;20;8;0;0
81;4;0;10;10;20;8;0;0
82;4;0;10;10;20;8;0;0
83;4;0;10;10;20;8;0;0
84;4;0;10;10;20;8;0;0
85;4;0;10;10;20;8;0;0
86;4;0;10;10;20;8;0;0
87;4;0;10;10;20;8;0;0
88;4;0;10;10;20;8;0;0
89;4;0;10;10;20;8;0;0
90;4;0;10;10;20;8;0;0
91;4;0;10;10;20;8;0;0
92;4;0;10;10;20;8;0;0
93;4;0;10;10;20;8;0;0
94;4;0;10;10;20;8;0;0
95;4;0;10;10;20;8;0;0
96;4;0;10;10;20;8;0;0
97;4;0;10;10;20;8;0;0
98;4;0;10;10;20;8;0;0
99;4;0;10;10;20;8;0;0
0;4;0;10;10;20;8;0;0
1;4;0;10;10;20;8;0;0
2;4;0;10;10;20;8;0;0
3;4;0;10;10;20;8;0;0
4;4;6;10;10;20;8;195683;1726178101433132601
5;4;0;10;10;20;8;0;0
6;4;0;10;10;20;8;0;0
7;4;0;10;10;20;8;0;0
8;4;0;10;10;20;8;0;0
9;4;0;10;10;20;8;0;0
10;4;0;10;10;20;8;0;0
11;4;0;10;10;20;8;0;0
12;4;0;10;10;20;8;0;0
13;4;0;10;10;20;8;0;0
14;4;0;10;10;20;8;0;0
15;4;0;10;10;20;8;0;0
16;4;0;10;10;20;8;0;0
17;4;0;10;10;20;8;0;0
18;4;0;10;10;20;8;0;0
19;4;0;10;10;20;8;0;0
20;4;0;10;10;20;8;0;0
21;4;0;10;10;20;8;0;0
22;4;0;10;10;20;8;0;0
23;4;0;10;10;20;8;0;0
24;4;0;10;10;20;8;0;0
25;4;0;10;10;20;8;0;0
26;4;0;10;10;20;8;0;0
27;4;0;10;10;20;8;0;0
28;4;0;10;10;20;8;0;0
29;4;0;10;10;20;8;0;0
30;4;0;10;10;20;8;0;0
31;4;0;10;10;20;8;0;0
32;4;0;10;10;20;8;0;0
33;4;0;10;10;20;8;0;0
34;4;0;10;10;20;8;0;0
35;4;0;10;10;20;8;0;0
36;4;0;10;10;20;8;0;0
37;4;0;10;10;20;8;0;0
38;4;0;10;10;20;8;0;0
39;4;0;10;10;20;8;0;0
40;4;0;10;10;20;8;0;0
41;4;0;10;10;20;8;0;0
42;4;0;10;10;20;8;0;0
43;4;0;10;10;20;8;0;0
44;4;0;10;10;20;8;0;0
45;4;0;10;10;20;8;0;0
46;4;0;10;10;20;8;0;0
47;4;0;10;10;20;8;0;0
48;4;0;10;10;20;8;0;0
49;4;0;10;10;20;8;0;0
50;4;0;10;10;20;8;0;0
51;4;0;10;10;20;8;0;0
52;4;0;10;10;20;8;0;0
53;4;0;10;10;20;8;0;0
54;4;0;10;10;20;8;0;0
55;4;0;10;10;20;8;0;0
56;4;0;10;10;20;8;0;0
57;4;0;10;10;20;8;0;0
58;4;0;10;10;20;8;0;0
59;4;0;10;10;20;8;0;0
60;4;0;10;10;20;8;0;0
61;4;0;10;10;20;8;0;0
62;4;0;10;10;20;8;0;0
63;4;0;10;10;20;8;0;0
64;4;0;10;10;20;8;0;0
65;4;0;10;10;20;8;0;0
66;4;0;10;10;20;8;0;0
67;4;0;10;10;20;8;0;0
68;4;0;10;10;20;8;0;0
69;4;0;10;10;20;8;0;0
70;4;0;10;10;20;8;0;0
71;4;0;10;10;20;8;0;0
72;4;0;10;10;20;8;0;0
73;4;0;10;10;20;8;0;0
74;4;0;10;10;20;8;0;0
75;4;0;10;10;20;8;0;0
76;4;0;10;10;20;8;0;0
77;4;0;10;10;20;8;0;0
78;4;0;10;10;20;8;0;0
79;4;0;10;10;20;8;0;0
80;4;0;10;10;20;8;0;0
81;4;0;10;10;20;8;0;0
82;4;0;10;10;20;8;0;0
83;4;0;10;10;20;8;0;0
84;4;0;10;10;20;8;0;0
85;4;0;10;10;20;8;0;0
86;4;0;10;10;20;8;0;0
87;4;0;10;10;20;8;0;0
88;4;0;10;10;20;8;0;0
89;4;0;10;10;20;8;0;0
90;4;0;10;10;20;8;0;0
91;4;0;10;10;20;8;0;0
92;4;0;10;10;20;8;0;0
93;4;0;10;10;20;8;0;0
94;4;0;10;10;20;8;0;0
95;4;0;10;10;20;8;0;0
96;4;0;10;10;20;8;0;0
97;4;0;10;10;20;8;0;0
98;4;0;10;10;20;8;0;0
99;4;0;10;10;20;8;0;0
0;4;7;10;10;20;8;274991;1726178101393268288
1;4;0;10;10;20;8;0;0
2;4;7;10;10;20;8;273852;1726178101413310511
3;4;0;10;10;20;8;0;0
4;4;0;10;10;20;8;0;0
5;4;0;10;10;20;8;0;0
6;4;0;10;10;20;8;0;0
7;4;0;10;10;20;8;0;0
8;4;0;10;10;20;8;0;0
9;4;0;10;10;20;8;0;0
10;4;0;10;10;20;8;0;0
11;4;0;10;10;20;8;0;0
12;4;0;10;10;20;8;0;0
13;4;0;10;10;20;8;0;0
14;4;0;10;10;20;8;0;0
15;4;0;10;10;20;8;0;0
16;4;0;10;10;20;8;0;0
17;4;0;10;10;20;8;0;0
18;4;0;10;10;20;8;0;0
19;4;0;10;10;20;8;0;0
20;4;0;10;10;20;8;0;0
21;4;0;10;10;20;8;0;0
22;4;0;10;10;20;8;0;0
23;4;0;10;10;20;8;0;0
24;4;0;10;10;20;8;0;0
25;4;0;10;10;20;8;0;0
26;4;0;10;10;20;8;0;0
27;4;0;10;10;20;8;0;0
28;4;0;10;10;20;8;0;0
29;4;0;10;10;20;8;0;0
30;4;0;10;10;20;8;0;0
31;4;0;10;10;20;8;0;0
32;4;0;10;10;20;8;0;0
33;4;0;10;10;20;8;0;0
34;4;0;10;10;20;8;0;0
35;4;0;10;10;20;8;0;0
36;4;0;10;10;20;8;0;0
37;4;0;10;10;20;8;0;0
38;4;0;10;10;20;8;0;0
39;4;0;10;10;20;8;0;0
40;4;0;10;10;20;8;0;0
41;4;0;10;10;20;8;0;0
42;4;0;10;10;20;8;0;0
43;4;0;10;10;20;8;0;0
44;4;0;10;10;20;8;0;0
45;4;0;10;10;20;8;0;0
46;4;7;10;10;20;8;436720;1726178101853115709
47;4;0;10;10;20;8;0;0
48;4;0;10;10;20;8;0;0
49;4;0;10;10;20;8;0;0
50;4;0;10;10;20;8;0;0
51;4;0;10;10;20;8;0;0
52;4;0;10;10;20;8;0;0
53;4;0;10;10;20;8;0;0
54;4;0;10;10;20;8;0;0
55;4;0;10;10;20;8;0;0
56;4;0;10;10;20;8;0;0
57;4;0;10;10;20;8;0;0
58;4;0;10;10;20;8;0;0
59;4;0;10;10;20;8;0;0
60;4;0;10;10;20;8;0;0
61;4;0;10;10;20;8;0;0
62;4;0;10;10;20;8;0;0
63;4;0;10;10;20;8;0;0
64;4;0;10;10;20;8;0;0
65;4;0;10;10;20;8;0;0
66;4;0;10;10;20;8;0;0
67;4;0;10;10;20;8;0;0
68;4;0;10;10;20;8;0;0
69;4;0;10;10;20;8;0;0
70;4;0;10;10;20;8;0;0
71;4;0;10;10;20;8;0;0
72;4;0;10;10;20;8;0;0
73;4;0;10;10;20;8;0;0
74;4;0;10;10;20;8;0;0
75;4;0;10;10;20;8;0;0
76;4;0;10;10;20;8;0;0
77;4;0;10;10;20;8;0;0
78;4;0;10;10;20;8;0;0
79;4;0;10;10;20;8;0;0
80;4;0;10;10;20;8;0;0
81;4;0;10;10;20;8;0;0
82;4;0;10;10;20;8;0;0
83;4;0;10;10;20;8;0;0
84;4;0;10;10;20;8;0;0
85;4;0;10;10;20;8;0;0
86;4;0;10;10;20;8;0;0
87;4;0;10;10;20;8;0;0
88;4;0;10;10;20;8;0;0
89;4;0;10;10;20;8;0;0
90;4;0;10;10;20;8;0;0
91;4;0;10;10;20;8;0;0
92;4;0;10;10;20;8;0;0
93;4;0;10;10;20;8;0;0
94;4;0;10;10;20;8;0;0
95;4;0;10;10;20;8;0;0
96;4;0;10;10;20;8;0;0
97;4;0;10;10;20;8;0;0
98;4;0;10;10;20;8;0;0
99;4;0;10;10;20;8;0;0
0;4;0;10;10;20;8;0;0
1;4;0;10;10;20;8;0;0
2;4;0;10;10;20;8;0;0
3;4;0;10;10;20;8;0;0
4;4;0;10;10;20;8;0;0
5;4;0;10;10;20;8;0;0
6;4;8;10;10;20;8;155060;1726178101453070414
7;4;0;10;10;20;8;0;0
8;4;0;10;10;20;8;0;0
9;4;0;10;10;20;8;0;0
10;4;0;10;10;20;8;0;0
11;4;0;10;10;20;8;0;0
12;4;0;10;10;20;8;0;0
13;4;0;10;10;20;8;0;0
14;4;0;10;10;20;8;0;0
15;4;0;10;10;20;8;0;0
16;4;0;10;10;20;8;0;0
17;4;0;10;10;20;8;0;0
18;4;0;10;10;20;8;0;0
19;4;0;10;10;20;8;0;0
20;4;0;10;10;20;8;0;0
21;4;0;10;10;20;8;0;0
22;4;0;10;10;20;8;0;0
23;4;0;10;10;20;8;0;0
24;4;0;10;10;20;8;0;0
25;4;0;10;10;20;8;0;0
26;4;0;10;10;20;8;0;0
27;4;0;10;10;20;8;0;0
28;4;0;10;10;20;8;0;0
29;4;0;10;10;20;8;0;0
30;4;0;10;10;20;8;0;0
31;4;8;10;10;20;8;173395;1726178101703155059
32;4;0;10;10;20;8;0;0
33;4;0;10;10;20;8;0;0
34;4;0;10;10;20;8;0;0
35;4;0;10;10;20;8;0;0
36;4;0;10;10;20;8;0;0
37;4;0;10;10;20;8;0;0
38;4;0;10;10;20;8;0;0
39;4;0;10;10;20;8;0;0
40;4;0;10;10;20;8;0;0
41;4;0;10;10;20;8;0;0
42;4;0;10;10;20;8;0;0
43;4;0;10;10;20;8;0;0
44;4;0;10;10;20;8;0;0
45;4;0;10;10;20;8;0;0
46;4;0;10;10;20;8;0;0
47;4;0;10;10;20;8;0;0
48;4;0;10;10;20;8;0;0
49;4;0;10;10;20;8;0;0
50;4;0;10;10;20;8;0;0
51;4;0;10;10;20;8;0;0
52;4;0;10;10;20;8;0;0
53;4;0;10;10;20;8;0;0
54;4;0;10;10;20;8;0;0
55;4;0;10;10;20;8;0;0
56;4;0;10;10;20;8;0;0
57;4;0;10;10;20;8;0;0
58;4;0;10;10;20;8;0;0
59;4;0;10;10;20;8;0;0
60;4;0;10;10;20;8;0;0
61;4;0;10;10;20;8;0;0
62;4;8;10;10;20;8;180872;1726178102013127593
63;4;0;10;10;20;8;0;0
64;4;0;10;10;20;8;0;0
65;4;0;10;10;20;8;0;0
66;4;0;10;10;20;8;0;0
67;4;0;10;10;20;8;0;0
68;4;0;10;10;20;8;0;0
69;4;0;10;10;20;8;0;0
70;4;0;10;10;20;8;0;0
71;4;0;10;10;20;8;0;0
72;4;0;10;10;20;8;0;0
73;4;0;10;10;20;8;0;0
74;4;0;10;10;20;8;0;0
75;4;0;10;10;20;8;0;0
76;4;0;10;10;20;8;0;0
77;4;0;10;10;20;8;0;0
78;4;0;10;10;20;8;0;0
79;4;0;10;10;20;8;0;0
80;4;0;10;10;20;8;0;0
81;4;0;10;10;20;8;0;0
82;4;0;10;10;20;8;0;0
83;4;0;10;10;20;8;0;0
84;4;0;10;10;20;8;0;0
85;4;0;10;10;20;8;0;0
86;4;0;10;10;20;8;0;0
87;4;0;10;10;20;8;0;0
88;4;0;10;10;20;8;0;0
89;4;0;10;10;20;8;0;0
90;4;0;10;10;20;8;0;0
91;4;0;10;10;20;8;0;0
92;4;0;10;10;20;8;0;0
93;4;0;10;10;20;8;0;0
94;4;0;10;10;20;8;0;0
95;4;0;10;10;20;8;0;0
96;4;0;10;10;20;8;0;0
97;4;0;10;10;20;8;0;0
98;4;0;10;10;20;8;0;0
99;4;0;10;10;20;8;0;0
0;4;0;10;10;20;8;0;0
1;4;0;10;10;20;8;0;0
2;4;0;10;10;20;8;0;0
3;4;0;10;10;20;8;0;0
4;4;0;10;10;20;8;0;0
5;4;9;10;10;20;8;161276;1726178101443152864
6;4;0;10;10;20;8;0;0
7;4;0;10;10;20;8;0;0
8;4;0;10;10;20;8;0;0
9;4;9;10;10;20;8;154511;1726178101483149477
10;4;9;10;10;20;8;152004;1726178101493144549
11;4;0;10;10;20;8;0;0
12;4;9;10;10;20;8;150393;1726178101513153296
13;4;0;10;10;20;8;0;0
14;4;0;10;10;20;8;0;0
15;4;0;10;10;20;8;0;0
16;4;0;10;10;20;8;0;0
17;4;0;10;10;20;8;0;0
18;4;0;10;10;20;8;0;0
19;4;9;10;10;20;8;204938;1726178101583143089
20;4;9;10;10;20;8;168980;1726178101593070094
21;4;0;10;10;20;8;0;0
22;4;9;10;10;20;8;159351;1726178101613151021
23;4;0;10;10;20;8;0;0
24;4;0;10;10;20;8;0;0
25;4;0;10;10;20;8;0;0
26;4;0;10;10;20;8;0;0
27;4;0;10;10;20;8;0;0
28;4;0;10;10;20;8;0;0
29;4;0;10;10;20;8;0;0
30;4;0;10;10;20;8;0;0
31;4;0;10;10;20;8;0;0
32;4;0;10;10;20;8;0;0
33;4;0;10;10;20;8;0;0
34;4;9;10;10;20;8;174293;1726178101733145851
35;4;0;10;10;20;8;0;0
36;4;0;10;10;20;8;0;0
37;4;0;10;10;20;8;0;0
38;4;0;10;10;20;8;0;0
39;4;0;10;10;20;8;0;0
40;4;9;10;10;20;8;148259;1726178101793178624
41;4;0;10;10;20;8;0;0
42;4;0;10;10;20;8;0;0
43;4;0;10;10;20;8;0;0
44;4;0;10;10;20;8;0;0
45;4;9;10;10;20;8;153370;1726178101843175304
46;4;0;10;10;20;8;0;0
47;4;0;10;10;20;8;0;0
48;4;9;10;10;20;8;172953;1726178101873141503
49;4;9;10;10;20;8;190219;1726178101883141983
50;4;0;10;10;20;8;0;0
51;4;0;10;10;20;8;0;0
52;4;0;10;10;20;8;0;0
53;4;0;10;10;20;8;0;0
54;4;9;10;10;20;8;166403;1726178101933145490
55;4;0;10;10;20;8;0;0
56;4;0;10;10;20;8;0;0
57;4;9;10;10;20;8;168433;1726178101963146253
58;4;0;10;10;20;8;0;0
59;4;9;10;10;20;8;193139;1726178101983135002
60;4;9;10;10;20;8;164194;1726178101993149786
61;4;0;10;10;20;8;0;0
62;4;0;10;10;20;8;0;0
63;4;0;10;10;20;8;0;0
64;4;0;10;10;20;8;0;0
65;4;9;10;10;20;8;179161;1726178102043134238
66;4;0;10;10;20;8;0;0
67;4;0;10;10;20;8;0;0
68;4;0;10;10;20;8;0;0
69;4;9;10;10;20;8;174056;1726178102083179547
70;4;0;10;10;20;8;0;0
71;4;0;10;10;20;8;0;0
72;4;0;10;10;20;8;0;0
73;4;0;10;10;20;8;0;0
74;4;0;10;10;20;8;0;0
75;4;9;10;10;20;8;157107;1726178102143176839
76;4;0;10;10;20;8;0;0
77;4;9;10;10;20;8;160833;1726178102163170656
78;4;9;10;10;20;8;158851;1726178102173173541
79;4;0;10;10;20;8;0;0
80;4;0;10;10;20;8;0;0
81;4;0;10;10;20;8;0;0
82;4;0;10;10;20;8;0;0
83;4;0;10;10;20;8;0;0
84;4;9;10;10;20;8;163253;1726178102233172427
85;4;0;10;10;20;8;0;0
86;4;0;10;10;20;8;0;0
87;4;0;10;10;20;8;0;0
88;4;0;10;10;20;8;0;0
89;4;0;10;10;20;8;0;0
90;4;0;10;10;20;8;0;0
91;4;0;10;10;20;8;0;0
92;4;9;10;10;20;8;159597;1726178102313173943
93;4;0;10;10;20;8;0;0
94;4;0;10;10;20;8;0;0
95;4;0;10;10;20;8;0;0
96;4;0;10;10;20;8;0;0
97;4;0;10;10;20;8;0;0
98;4;0;10;10;20;8;0;0
99;4;0;10;10;20;8;0;0
0;4;10;10;10;20;8;420394;1726178101393323332
1;4;10;10;10;20;8;276971;1726178101403338379
2;4;10;10;10;20;8;447012;1726178101413342275
3;4;10;10;10;20;8;308929;1726178101423197303
4;4;10;10;10;20;8;318652;1726178101433182595
5;4;10;10;10;20;8;311767;1726178101443169908
6;4;10;10;10;20;8;313431;1726178101453084326
7;4;10;10;10;20;8;141439;1726178101463143460
8;4;10;10;10;20;8;174673;1726178101473144057
9;4;10;10;10;20;8;323101;1726178101483153260
10;4;10;10;10;20;8;321829;1726178101493148363
11;4;10;10;10;20;8;173488;1726178101503159692
12;4;10;10;10;20;8;314641;1726178101513158328
13;4;10;10;10;20;8;157983;1726178101523134006
14;4;10;10;10;20;8;163338;1726178101533144548
15;4;10;10;10;20;8;129323;1726178101543172922
16;4;10;10;10;20;8;519216;1726178101553155327
17;4;10;10;10;20;8;137021;1726178101563163703
18;4;10;10;10;20;8;140602;1726178101573162484
19;4;10;10;10;20;8;369840;1726178101583147111
20;4;10;10;10;20;8;320408;1726178101593083895
21;4;10;10;10;20;8;159588;1726178101603155050
22;4;10;10;10;20;8;321289;1726178101613155814
23;4;10;10;10;20;8;149865;1726178101623147069
24;4;10;10;10;20;8;157247;1726178101633155962
25;4;10;10;10;20;8;171127;1726178101643153677
26;4;10;10;10;20;8;382304;1726178101653155813
27;4;10;10;10;20;8;135651;1726178101663159130
28;4;10;10;10;20;8;155034;1726178101673143085
29;4;10;10;10;20;8;199053;1726178101683136709
30;4;10;10;10;20;8;179532;1726178101693145102
31;4;10;10;10;20;8;320692;1726178101703175061
32;4;10;10;10;20;8;153896;1726178101713145858
33;4;10;10;10;20;8;163218;1726178101723144966
34;4;10;10;10;20;8;335676;1726178101733149963
35;4;10;10;10;20;8;176525;1726178101743139541
36;4;10;10;10;20;8;446896;1726178101753179002
37;4;10;10;10;20;8;143356;1726178101763171091
38;4;10;10;10;20;8;122352;1726178101773189544
39;4;10;10;10;20;8;189635;1726178101783173382
40;4;10;10;10;20;8;303036;1726178101793198501
41;4;10;10;10;20;8;150174;1726178101803183498
42;4;10;10;10;20;8;155359;1726178101813176980
43;4;10;10;10;20;8;152625;1726178101823190462
44;4;10;10;10;20;8;125926;1726178101833187376
45;4;10;10;10;20;8;318259;1726178101843185754
46;4;10;10;10;20;8;558300;1726178101853157348
47;4;10;10;10;20;8;135690;1726178101863160165
48;4;10;10;10;20;8;334297;1726178101873144915
49;4;10;10;10;20;8;354966;1726178101883145985
50;4;10;10;10;20;8;147708;1726178101893148149
51;4;10;10;10;20;8;159154;1726178101903147615
52;4;10;10;10;20;8;149385;1726178101913147165
53;4;10;10;10;20;8;162589;1726178101923147141
54;4;10;10;10;20;8;329610;1726178101933149037
55;4;10;10;10;20;8;164270;1726178101943150870
56;4;10;10;10;20;8;375644;1726178101953143241
57;4;10;10;10;20;8;331872;1726178101963149816
58;4;10;10;10;20;8;159122;1726178101973159692
59;4;10;10;10;20;8;342376;1726178101983154243
60;4;10;10;10;20;8;325307;1726178101993155034
61;4;10;10;10;20;8;172713;1726178102003154560
62;4;10;10;10;20;8;331136;1726178102013148018
63;4;10;10;10;20;8;173216;1726178102023152069
64;4;10;10;10;20;8;172285;1726178102033157056
65;4;10;10;10;20;8;341211;1726178102043137771
66;4;10;10;10;20;8;429074;1726178102053175842
67;4;10;10;10;20;8;139942;1726178102063172964
68;4;10;10;10;20;8;130863;1726178102073189528
69;4;10;10;10;20;8;341571;1726178102083187694
70;4;10;10;10;20;8;141679;1726178102093169142
71;4;10;10;10;20;8;99619;1726178102103211332
72;4;10;10;10;20;8;135971;1726178102113176743
73;4;10;10;10;20;8;146588;1726178102123180224
74;4;10;10;10;20;8;141585;1726178102133183764
75;4;10;10;10;20;8;331368;1726178102143180914
76;4;10;10;10;20;8;433295;1726178102153187384
77;4;10;10;10;20;8;331611;1726178102163176200
78;4;10;10;10;20;8;333091;1726178102173177170
79;4;10;10;10;20;8;194306;1726178102183174923
80;4;10;10;10;20;8;136512;1726178102193176823
81;4;10;10;10;20;8;150748;1726178102203183462
82;4;10;10;10;20;8;146352;1726178102213181014
83;4;10;10;10;20;8;130694;1726178102223181298
84;4;10;10;10;20;8;329991;1726178102233179617
85;4;10;10;10;20;8;151306;1726178102243179762
86;4;10;10;10;20;8;367214;1726178102253181576
87;4;10;10;10;20;8;135834;1726178102263178061
88;4;10;10;10;20;8;191313;1726178102273176744
89;4;10;10;10;20;8;178400;1726178102283187913
90;4;10;10;10;20;8;133538;1726178102293178498
91;4;10;10;10;20;8;158502;1726178102303179633
92;4;10;10;10;20;8;326322;1726178102313180383
93;4;10;10;10;20;8;137337;1726178102323187530
94;4;10;10;10;20;8;138572;1726178102333178615
95;4;10;10;10;20;8;158512;1726178102343187588
96;4;10;10;10;20;8;401467;1726178102353145630
97;4;10;10;10;20;8;163278;1726178102363140483
98;4;10;10;10;20;8;135564;1726178102373158562
99;4;10;10;10;20;8;226046;1726178102383144510
0;4;11;10;10;20;8;570075;1726178101393332010
1;4;11;10;10;20;8;476484;1726178101403352636
2;4;11;10;10;20;8;594649;1726178101413354727
3;4;11;10;10;20;8;458712;1726178101423206659
4;4;11;10;10;20;8;469012;1726178101433192032
5;4;11;10;10;20;8;464086;1726178101443176692
6;4;11;10;10;20;8;470458;1726178101453091595
7;4;11;10;10;20;8;303398;1726178101463150813
8;4;11;10;10;20;8;330809;1726178101473157072
9;4;11;10;10;20;8;481038;1726178101483158272
10;4;11;10;10;20;8;480022;1726178101493153863
11;4;11;10;10;20;8;340881;1726178101503166253
12;4;11;10;10;20;8;469752;1726178101513166296
13;4;11;10;10;20;8;322014;1726178101523140722
14;4;11;10;10;20;8;326735;1726178101533152711
15;4;11;10;10;20;8;293905;1726178101543177771
16;4;11;10;10;20;8;661912;1726178101553173317
17;4;11;10;10;20;8;295048;1726178101563171382
18;4;11;10;10;20;8;301850;1726178101573166908
19;4;11;10;10;20;8;524021;1726178101583151474
20;4;11;10;10;20;8;472080;1726178101593091424
21;4;11;10;10;20;8;318865;1726178101603162160
22;4;11;10;10;20;8;472759;1726178101613162717
23;4;11;10;10;20;8;312464;1726178101623150364
24;4;11;10;10;20;8;313358;1726178101633165392
25;4;11;10;10;20;8;326834;1726178101643166885
26;4;11;10;10;20;8;520602;1726178101653180211
27;4;11;10;10;20;8;297703;1726178101663162644
28;4;11;10;10;20;8;314172;1726178101673148925
29;4;11;10;10;20;8;360451;1726178101683140247
30;4;11;10;10;20;8;343613;1726178101693149229
31;4;11;10;10;20;8;467048;1726178101703187616
32;4;11;10;10;20;8;313283;1726178101713152392
33;4;11;10;10;20;8;322003;1726178101723152763
34;4;11;10;10;20;8;488802;1726178101733154707
35;4;11;10;10;20;8;339641;1726178101743143074
36;4;11;10;10;20;8;600276;1726178101753185336
37;4;11;10;10;20;8;314127;1726178101763174983
38;4;11;10;10;20;8;292569;1726178101773194280
39;4;11;10;10;20;8;361606;1726178101783176591
40;4;11;10;10;20;8;454209;1726178101793203104
41;4;11;10;10;20;8;316717;1726178101803194759
42;4;11;10;10;20;8;323626;1726178101813183230
43;4;11;10;10;20;8;325519;1726178101823194699
44;4;11;10;10;20;8;296084;1726178101833190863
45;4;11;10;10;20;8;468922;1726178101843190310
46;4;11;10;10;20;8;707055;1726178101853166241
47;4;11;10;10;20;8;294704;1726178101863166665
48;4;11;10;10;20;8;489645;1726178101873148318
49;4;11;10;10;20;8;503458;1726178101883155748
50;4;11;10;10;20;8;308363;1726178101893152518
51;4;11;10;10;20;8;322309;1726178101903150999
52;4;11;10;10;20;8;311579;1726178101913150960
53;4;11;10;10;20;8;324752;1726178101923150262
54;4;11;10;10;20;8;485488;1726178101933152379
55;4;11;10;10;20;8;328071;1726178101943154286
56;4;11;10;10;20;8;526330;1726178101953152621
57;4;11;10;10;20;8;484322;1726178101963156861
58;4;11;10;10;20;8;316054;1726178101973166809
59;4;11;10;10;20;8;496325;1726178101983159242
60;4;11;10;10;20;8;480503;1726178101993158340
61;4;11;10;10;20;8;322040;1726178102003170871
62;4;11;10;10;20;8;481487;1726178102013156365
63;4;11;10;10;20;8;335237;1726178102023155230
64;4;11;10;10;20;8;328650;1726178102033167035
65;4;11;10;10;20;8;497076;1726178102043141239
66;4;11;10;10;20;8;583402;1726178102053182287
67;4;11;10;10;20;8;310091;1726178102063176970
68;4;11;10;10;20;8;301942;1726178102073195719
69;4;11;10;10;20;8;492767;1726178102083191764
70;4;11;10;10;20;8;300076;1726178102093175658
71;4;11;10;10;20;8;272219;1726178102103215580
72;4;11;10;10;20;8;303227;1726178102113187101
73;4;11;10;10;20;8;316394;1726178102123186356
74;4;11;10;10;20;8;311694;1726178102133187269
75;4;11;10;10;20;8;474780;1726178102143191570
76;4;11;10;10;20;8;565743;1726178102153215638
77;4;11;10;10;20;8;483363;1726178102163179804
78;4;11;10;10;20;8;481990;1726178102173183215
79;4;11;10;10;20;8;348022;1726178102183185434
80;4;11;10;10;20;8;298558;1726178102193181048
81;4;11;10;10;20;8;321426;1726178102203189561
82;4;11;10;10;20;8;318567;1726178102213185906
83;4;11;10;10;20;8;302394;1726178102223185783
84;4;11;10;10;20;8;479893;1726178102233183768
85;4;11;10;10;20;8;320316;1726178102243187277
86;4;11;10;10;20;8;523831;1726178102253186063
87;4;11;10;10;20;8;307022;1726178102263183940
88;4;11;10;10;20;8;358461;1726178102273183357
89;4;11;10;10;20;8;340727;1726178102283191761
90;4;11;10;10;20;8;303168;1726178102293184614
91;4;11;10;10;20;8;326679;1726178102303185596
92;4;11;10;10;20;8;472515;1726178102313188072
93;4;11;10;10;20;8;310252;1726178102323192258
94;4;11;10;10;20;8;293703;1726178102333188712
95;4;11;10;10;20;8;327487;1726178102343194579
96;4;11;10;10;20;8;554688;1726178102353152715
97;4;11;10;10;20;8;327216;1726178102363143680
98;4;11;10;10;20;8;287117;1726178102373173269
99;4;11;10;10;20;8;452459;1726178102383152599
0;4;12;10;10;20;8;712849;1726178101393345922
1;4;12;10;10;20;8;626301;1726178101403363582
2;4;12;10;10;20;8;739265;1726178101413367811
3;4;12;10;10;20;8;626460;1726178101423215062
4;4;12;10;10;20;8;622223;1726178101433196449
5;4;12;10;10;20;8;633438;1726178101443180365
6;4;12;10;10;20;8;629155;1726178101453095431
7;4;12;10;10;20;8;455672;1726178101463161126
8;4;12;10;10;20;8;490063;1726178101473160913
9;4;12;10;10;20;8;652206;1726178101483164691
10;4;12;10;10;20;8;633476;1726178101493161816
11;4;12;10;10;20;8;496946;1726178101503173459
12;4;12;10;10;20;8;625515;1726178101513171635
13;4;12;10;10;20;8;477532;1726178101523147579
14;4;12;10;10;20;8;482253;1726178101533160765
15;4;12;10;10;20;8;452854;1726178101543181324
16;4;12;10;10;20;8;791082;1726178101553202013
17;4;12;10;10;20;8;440542;1726178101563185169
18;4;12;10;10;20;8;457443;1726178101573170356
19;4;12;10;10;20;8;695542;1726178101583156604
20;4;12;10;10;20;8;633722;1726178101593103867
21;4;12;10;10;20;8;471857;1726178101603168908
22;4;12;10;10;20;8;622586;1726178101613170005
23;4;12;10;10;20;8;467322;1726178101623153736
24;4;12;10;10;20;8;467643;1726178101633170504
25;4;12;10;10;20;8;477016;1726178101643174951
26;4;12;10;10;20;8;673118;1726178101653185566
27;4;12;10;10;20;8;449342;1726178101663168678
28;4;12;10;10;20;8;465165;1726178101673157209
29;4;12;10;10;20;8;497190;1726178101683161615
30;4;12;10;10;20;8;490383;1726178101693159661
31;4;12;10;10;20;8;636953;1726178101703192433
32;4;12;10;10;20;8;463614;1726178101713160860
33;4;12;10;10;20;8;470521;1726178101723163399
34;4;12;10;10;20;8;638180;1726178101733163141
35;4;12;10;10;20;8;486245;1726178101743154633
36;4;12;10;10;20;8;751646;1726178101753191418
37;4;12;10;10;20;8;458761;1726178101763185007
38;4;12;10;10;20;8;445180;1726178101773198032
39;4;12;10;10;20;8;513034;1726178101783180168
40;4;12;10;10;20;8;604648;1726178101793206465
41;4;12;10;10;20;8;461747;1726178101803204605
42;4;12;10;10;20;8;471807;1726178101813190108
43;4;12;10;10;20;8;473780;1726178101823201959
44;4;12;10;10;20;8;447940;1726178101833194102
45;4;12;10;10;20;8;660095;1726178101843196048
46;4;12;10;10;20;8;856523;1726178101853173916
47;4;12;10;10;20;8;447791;1726178101863172627
48;4;12;10;10;20;8;644336;1726178101873151664
49;4;12;10;10;20;8;662814;1726178101883162644
50;4;12;10;10;20;8;462968;1726178101893156590
51;4;12;10;10;20;8;478036;1726178101903154335
52;4;12;10;10;20;8;464512;1726178101913159244
53;4;12;10;10;20;8;480890;1726178101923154217
54;4;12;10;10;20;8;639865;1726178101933156404
55;4;12;10;10;20;8;484887;1726178101943157683
56;4;12;10;10;20;8;680854;1726178101953156368
57;4;12;10;10;20;8;649549;1726178101963166122
58;4;12;10;10;20;8;468641;1726178101973173075
59;4;12;10;10;20;8;663326;1726178101983166383
60;4;12;10;10;20;8;632951;1726178101993162107
61;4;12;10;10;20;8;476650;1726178102003175437
62;4;12;10;10;20;8;631887;1726178102013163426
63;4;12;10;10;20;8;490839;1726178102023158993
64;4;12;10;10;20;8;477279;1726178102033176509
65;4;12;10;10;20;8;658735;1726178102043144529
66;4;12;10;10;20;8;708451;1726178102053215189
67;4;12;10;10;20;8;456664;1726178102063184366
68;4;12;10;10;20;8;451347;1726178102073202112
69;4;12;10;10;20;8;678107;1726178102083196092
70;4;12;10;10;20;8;452620;1726178102093182339
71;4;12;10;10;20;8;423941;1726178102103219469
72;4;12;10;10;20;8;454772;1726178102113191661
73;4;12;10;10;20;8;464732;1726178102123193844
74;4;12;10;10;20;8;462100;1726178102133190502
75;4;12;10;10;20;8;640028;1726178102143197512
76;4;12;10;10;20;8;713434;1726178102153225316
77;4;12;10;10;20;8;675427;1726178102163185932
78;4;12;10;10;20;8;631411;1726178102173189235
79;4;12;10;10;20;8;498303;1726178102183193031
80;4;12;10;10;20;8;450165;1726178102193188640
81;4;12;10;10;20;8;467272;1726178102203199859
82;4;12;10;10;20;8;467418;1726178102213192017
83;4;12;10;10;20;8;449239;1726178102223193604
84;4;12;10;10;20;8;629813;1726178102233187784
85;4;12;10;10;20;8;470857;1726178102243191129
86;4;12;10;10;20;8;678689;1726178102253189819
87;4;12;10;10;20;8;453569;1726178102263190577
88;4;12;10;10;20;8;506909;1726178102273189344
89;4;12;10;10;20;8;493249;1726178102283197450
90;4;12;10;10;20;8;448971;1726178102293194652
91;4;12;10;10;20;8;476714;1726178102303190366
92;4;12;10;10;20;8;621295;1726178102313192621
93;4;12;10;10;20;8;460304;1726178102323198369
94;4;12;10;10;20;8;449371;1726178102333192718
95;4;12;10;10;20;8;478863;1726178102343199205
96;4;12;10;10;20;8;705459;1726178102353160281
97;4;12;10;10;20;8;474631;1726178102363154941
98;4;12;10;10;20;8;441965;1726178102373177584
99;4;12;10;10;20;8;671889;1726178102383161734
0;4;13;10;10;20;8;860006;1726178101393356014
1;4;13;10;10;20;8;775240;1726178101403373613
2;4;13;10;10;20;8;884132;1726178101413380581
3;4;13;10;10;20;8;773980;1726178101423224781
4;4;13;10;10;20;8;773904;1726178101433203197
5;4;13;10;10;20;8;783060;1726178101443188345
6;4;13;10;10;20;8;807249;1726178101453101983
7;4;13;10;10;20;8;618874;1726178101463167385
8;4;13;10;10;20;8;643945;1726178101473168316
9;4;13;10;10;20;8;806018;1726178101483173099
10;4;13;10;10;20;8;788917;1726178101493168165
11;4;13;10;10;20;8;671286;1726178101503180216
12;4;13;10;10;20;8;780304;1726178101513178558
13;4;13;10;10;20;8;653769;1726178101523153995
14;4;13;10;10;20;8;636691;1726178101533167925
15;4;13;10;10;20;8;625861;1726178101543185201
16;4;13;10;10;20;8;941935;1726178101553209054
17;4;13;10;10;20;8;634662;1726178101563192946
18;4;13;10;10;20;8;612110;1726178101573173788
19;4;13;10;10;20;8;844617;1726178101583163739
20;4;13;10;10;20;8;782385;1726178101593112833
21;4;13;10;10;20;8;668595;1726178101603177836
22;4;13;10;10;20;8;770917;1726178101613179807
23;4;13;10;10;20;8;637343;1726178101623157138
24;4;13;10;10;20;8;618474;1726178101633178696
25;4;13;10;10;20;8;643106;1726178101643181509
26;4;13;10;10;20;8;828021;1726178101653189321
27;4;13;10;10;20;8;624534;1726178101663175423
28;4;13;10;10;20;8;613497;1726178101673166266
29;4;13;10;10;20;8;653814;1726178101683169514
30;4;13;10;10;20;8;638848;1726178101693166778
31;4;13;10;10;20;8;791955;1726178101703196259
32;4;13;10;10;20;8;613108;1726178101713169913
33;4;13;10;10;20;8;632886;1726178101723174128
34;4;13;10;10;20;8;789212;1726178101733169726
35;4;13;10;10;20;8;654105;1726178101743162830
36;4;13;10;10;20;8;879399;1726178101753221793
37;4;13;10;10;20;8;659344;1726178101763188704
38;4;13;10;10;20;8;596984;1726178101773201433
39;4;13;10;10;20;8;708279;1726178101783183976
40;4;13;10;10;20;8;755609;1726178101793209553
41;4;13;10;10;20;8;619978;1726178101803208759
42;4;13;10;10;20;8;618976;1726178101813196327
43;4;13;10;10;20;8;644228;1726178101823208711
44;4;13;10;10;20;8;598995;1726178101833197688
45;4;13;10;10;20;8;803524;1726178101843206616
46;4;13;10;10;20;8;1002037;1726178101853185099
47;4;13;10;10;20;8;662296;1726178101863183951
48;4;13;10;10;20;8;789451;1726178101873163581
49;4;13;10;10;20;8;816638;1726178101883166444
50;4;13;10;10;20;8;617911;1726178101893160079
51;4;13;10;10;20;8;640746;1726178101903165906
52;4;13;10;10;20;8;616301;1726178101913166108
53;4;13;10;10;20;8;652261;1726178101923157504
54;4;13;10;10;20;8;793182;1726178101933160221
55;4;13;10;10;20;8;646158;1726178101943171650
56;4;13;10;10;20;8;831234;1726178101953163780
57;4;13;10;10;20;8;804555;1726178101963170142
58;4;13;10;10;20;8;614868;1726178101973184375
59;4;13;10;10;20;8;816517;1726178101983170384
60;4;13;10;10;20;8;787927;1726178101993165403
61;4;13;10;10;20;8;638065;1726178102003179198
62;4;13;10;10;20;8;781658;1726178102013171140
63;4;13;10;10;20;8;661048;1726178102023162210
64;4;13;10;10;20;8;628293;1726178102033183172
65;4;13;10;10;20;8;808213;1726178102043152543
66;4;13;10;10;20;8;856829;1726178102053223660
67;4;13;10;10;20;8;646946;1726178102063191042
68;4;13;10;10;20;8;599765;1726178102073208528
69;4;13;10;10;20;8;824753;1726178102083202550
70;4;13;10;10;20;8;602893;1726178102093188313
71;4;13;10;10;20;8;619519;1726178102103225073
72;4;13;10;10;20;8;601809;1726178102113198179
73;4;13;10;10;20;8;630990;1726178102123198426
74;4;13;10;10;20;8;612087;1726178102133194070
75;4;13;10;10;20;8;786638;1726178102143204020
76;4;13;10;10;20;8;858116;1726178102153237839
77;4;13;10;10;20;8;820123;1726178102163194206
78;4;13;10;10;20;8;778556;1726178102173195853
79;4;13;10;10;20;8;676412;1726178102183200785
80;4;13;10;10;20;8;603144;1726178102193193372
81;4;13;10;10;20;8;653406;1726178102203204115
82;4;13;10;10;20;8;610128;1726178102213203416
83;4;13;10;10;20;8;612240;1726178102223200112
84;4;13;10;10;20;8;776396;1726178102233194523
85;4;13;10;10;20;8;632413;1726178102243197484
86;4;13;10;10;20;8;808009;1726178102253218108
87;4;13;10;10;20;8;643033;1726178102263196721
88;4;13;10;10;20;8;652370;1726178102273197684
89;4;13;10;10;20;8;659207;1726178102283207544
90;4;13;10;10;20;8;600730;1726178102293198844
91;4;13;10;10;20;8;641220;1726178102303196886
92;4;13;10;10;20;8;768121;1726178102313198977
93;4;13;10;10;20;8;650054;1726178102323205284
94;4;13;10;10;20;8;612337;1726178102333196615
95;4;13;10;10;20;8;670846;1726178102343205107
96;4;13;10;10;20;8;825322;1726178102353198018
97;4;13;10;10;20;8;684870;1726178102363159126
98;4;13;10;10;20;8;596467;1726178102373180983
99;4;13;10;10;20;8;879776;1726178102383175746
0;4;14;10;10;20;8;1007010;1726178101393365772
1;4;14;10;10;20;8;922683;1726178101403385381
2;4;14;10;10;20;8;1016644;1726178101413406338
3;4;14;10;10;20;8;919131;1726178101423236760
4;4;14;10;10;20;8;917141;1726178101433216511
5;4;14;10;10;20;8;949091;1726178101443194296
6;4;14;10;10;20;8;969337;1726178101453108597
7;4;14;10;10;20;8;775242;1726178101463173463
8;4;14;10;10;20;8;798522;1726178101473174620
9;4;14;10;10;20;8;962817;1726178101483177313
10;4;14;10;10;20;8;939183;1726178101493179709
11;4;14;10;10;20;8;826113;1726178101503187239
12;4;14;10;10;20;8;934922;1726178101513185824
13;4;14;10;10;20;8;805925;1726178101523164728
14;4;14;10;10;20;8;790912;1726178101533174430
15;4;14;10;10;20;8;783923;1726178101543188964
16;4;14;10;10;20;8;1095599;1726178101553213114
17;4;14;10;10;20;8;789024;1726178101563198449
18;4;14;10;10;20;8;765321;1726178101573177356
19;4;14;10;10;20;8;989554;1726178101583174383
20;4;14;10;10;20;8;934343;1726178101593116506
21;4;14;10;10;20;8;820461;1726178101603184550
22;4;14;10;10;20;8;925095;1726178101613183753
23;4;14;10;10;20;8;787140;1726178101623165205
24;4;14;10;10;20;8;770345;1726178101633184729
25;4;14;10;10;20;8;794882;1726178101643187323
26;4;14;10;10;20;8;981484;1726178101653192684
27;4;14;10;10;20;8;779198;1726178101663180175
28;4;14;10;10;20;8;765916;1726178101673170094
29;4;14;10;10;20;8;804376;1726178101683175950
30;4;14;10;10;20;8;789179;1726178101693171585
31;4;14;10;10;20;8;945829;1726178101703199891
32;4;14;10;10;20;8;763468;1726178101713176728
33;4;14;10;10;20;8;787084;1726178101723178099
34;4;14;10;10;20;8;939343;1726178101733177337
35;4;14;10;10;20;8;807940;1726178101743166770
36;4;14;10;10;20;8;1030219;1726178101753227907
37;4;14;10;10;20;8;808636;1726178101763194529
38;4;14;10;10;20;8;747073;1726178101773204756
39;4;14;10;10;20;8;857590;1726178101783187553
40;4;14;10;10;20;8;904089;1726178101793213204
41;4;14;10;10;20;8;770004;1726178101803212306
42;4;14;10;10;20;8;765178;1726178101813203694
43;4;14;10;10;20;8;791676;1726178101823212603
44;4;14;10;10;20;8;749163;1726178101833201291
45;4;14;10;10;20;8;968734;1726178101843210193
46;4;14;10;10;20;8;1151198;1726178101853192308
47;4;14;10;10;20;8;815468;1726178101863188865
48;4;14;10;10;20;8;938625;1726178101873171114
49;4;14;10;10;20;8;966361;1726178101883173526
50;4;14;10;10;20;8;766406;1726178101893168541
51;4;14;10;10;20;8;788659;1726178101903176548
52;4;14;10;10;20;8;764623;1726178101913176057
53;4;14;10;10;20;8;808071;1726178101923161079
54;4;14;10;10;20;8;941235;1726178101933168628
55;4;14;10;10;20;8;800882;1726178101943176818
56;4;14;10;10;20;8;983857;1726178101953168059
57;4;14;10;10;20;8;957356;1726178101963173652
58;4;14;10;10;20;8;768229;1726178101973188592
59;4;14;10;10;20;8;967206;1726178101983176881
60;4;14;10;10;20;8;941809;1726178101993168947
61;4;14;10;10;20;8;792252;1726178102003182739
62;4;14;10;10;20;8;933160;1726178102013177630
63;4;14;10;10;20;8;813936;1726178102023165825
64;4;14;10;10;20;8;778839;1726178102033189252
65;4;14;10;10;20;8;970750;1726178102043156820
66;4;14;10;10;20;8;1006643;1726178102053229451
67;4;14;10;10;20;8;794683;1726178102063197025
68;4;14;10;10;20;8;746133;1726178102073214879
69;4;14;10;10;20;8;967214;1726178102083213696
70;4;14;10;10;20;8;753376;1726178102093194576
71;4;14;10;10;20;8;767237;1726178102103231596
72;4;14;10;10;20;8;749613;1726178102113203978
73;4;14;10;10;20;8;778601;1726178102123204625
74;4;14;10;10;20;8;760705;1726178102133197613
75;4;14;10;10;20;8;933404;1726178102143210201
76;4;14;10;10;20;8;1010922;1726178102153242287
77;4;14;10;10;20;8;969701;1726178102163197959
78;4;14;10;10;20;8;926914;1726178102173200548
79;4;14;10;10;20;8;825251;1726178102183204658
80;4;14;10;10;20;8;746706;1726178102193205760
81;4;14;10;10;20;8;802103;1726178102203209666
82;4;14;10;10;20;8;757865;1726178102213209103
83;4;14;10;10;20;8;759295;1726178102223206586
84;4;14;10;10;20;8;923814;1726178102233200868
85;4;14;10;10;20;8;777089;1726178102243205100
86;4;14;10;10;20;8;958121;1726178102253224613
87;4;14;10;10;20;8;790737;1726178102263202429
88;4;14;10;10;20;8;801505;1726178102273201390
89;4;14;10;10;20;8;810997;1726178102283211602
90;4;14;10;10;20;8;747662;1726178102293204979
91;4;14;10;10;20;8;786892;1726178102303204175
92;4;14;10;10;20;8;914352;1726178102313205072
93;4;14;10;10;20;8;799474;1726178102323210867
94;4;14;10;10;20;8;759634;1726178102333202929
95;4;14;10;10;20;8;818501;1726178102343211410
96;4;14;10;10;20;8;977899;1726178102353202226
97;4;14;10;10;20;8;836709;1726178102363166526
98;4;14;10;10;20;8;750078;1726178102373184505
99;4;14;10;10;20;8;1072929;1726178102383180252
0;4;15;10;10;20;8;1154342;1726178101393376077
1;4;15;10;10;20;8;1063413;1726178101403403718
2;4;15;10;10;20;8;1160354;1726178101413420490
3;4;15;10;10;20;8;1066933;1726178101423245261
4;4;15;10;10;20;8;1069381;1726178101433221518
5;4;15;10;10;20;8;1107232;1726178101443197883
6;4;15;10;10;20;8;1124047;1726178101453114996
7;4;15;10;10;20;8;931951;1726178101463179962
8;4;15;10;10;20;8;951608;1726178101473182042
9;4;15;10;10;20;8;1119567;1726178101483181931
10;4;15;10;10;20;8;1096230;1726178101493184265
11;4;15;10;10;20;8;982831;1726178101503192352
12;4;15;10;10;20;8;1086626;1726178101513195264
13;4;15;10;10;20;8;962595;1726178101523168624
14;4;15;10;10;20;8;945055;1726178101533180980
15;4;15;10;10;20;8;950217;1726178101543192913
16;4;15;10;10;20;8;1248798;1726178101553216726
17;4;15;10;10;20;8;941167;1726178101563204887
18;4;15;10;10;20;8;920389;1726178101573180717
19;4;15;10;10;20;8;1138489;1726178101583181308
20;4;15;10;10;20;8;1085872;1726178101593120338
21;4;15;10;10;20;8;971760;1726178101603190824
22;4;15;10;10;20;8;1078168;1726178101613188148
23;4;15;10;10;20;8;940532;1726178101623169313
24;4;15;10;10;20;8;916217;1726178101633196201
25;4;15;10;10;20;8;945755;1726178101643193568
26;4;15;10;10;20;8;1111289;1726178101653220470
27;4;15;10;10;20;8;929364;1726178101663186785
28;4;15;10;10;20;8;916866;1726178101673176388
29;4;15;10;10;20;8;955891;1726178101683181105
30;4;15;10;10;20;8;937938;1726178101693178236
31;4;15;10;10;20;8;1095164;1726178101703208133
32;4;15;10;10;20;8;912660;1726178101713183821
33;4;15;10;10;20;8;937630;1726178101723184097
34;4;15;10;10;20;8;1084094;1726178101733189766
35;4;15;10;10;20;8;967562;1726178101743173984
36;4;15;10;10;20;8;1180743;1726178101753233496
37;4;15;10;10;20;8;958555;1726178101763199310
38;4;15;10;10;20;8;896268;1726178101773208436
39;4;15;10;10;20;8;1006941;1726178101783191543
40;4;15;10;10;20;8;1051796;1726178101793217557
41;4;15;10;10;20;8;918314;1726178101803218243
42;4;15;10;10;20;8;927296;1726178101813210108
43;4;15;10;10;20;8;936779;1726178101823218585
44;4;15;10;10;20;8;899572;1726178101833204581
45;4;15;10;10;20;8;1120457;1726178101843214141
46;4;15;10;10;20;8;1302241;1726178101853198548
47;4;15;10;10;20;8;963147;1726178101863197853
48;4;15;10;10;20;8;1086671;1726178101873179888
49;4;15;10;10;20;8;1116586;1726178101883179685
50;4;15;10;10;20;8;911864;1726178101893180286
51;4;15;10;10;20;8;941986;1726178101903180478
52;4;15;10;10;20;8;918339;1726178101913180440
53;4;15;10;10;20;8;962262;1726178101923164320
54;4;15;10;10;20;8;1092867;1726178101933173056
55;4;15;10;10;20;8;943214;1726178101943192404
56;4;15;10;10;20;8;1111901;1726178101953197077
57;4;15;10;10;20;8;1109292;1726178101963179571
58;4;15;10;10;20;8;917888;1726178101973196057
59;4;15;10;10;20;8;1111281;1726178101983188646
60;4;15;10;10;20;8;1096192;1726178101993172387
61;4;15;10;10;20;8;942676;1726178102003189326
62;4;15;10;10;20;8;1079875;1726178102013187811
63;4;15;10;10;20;8;968154;1726178102023169431
64;4;15;10;10;20;8;929129;1726178102033195097
65;4;15;10;10;20;8;1114703;1726178102043164633
66;4;15;10;10;20;8;1152044;1726178102053239976
67;4;15;10;10;20;8;941392;1726178102063202964
68;4;15;10;10;20;8;894489;1726178102073220748
69;4;15;10;10;20;8;1116783;1726178102083217261
70;4;15;10;10;20;8;903774;1726178102093200835
71;4;15;10;10;20;8;912830;1726178102103238920
72;4;15;10;10;20;8;895438;1726178102113211686
73;4;15;10;10;20;8;920827;1726178102123214957
74;4;15;10;10;20;8;910167;1726178102133200873
75;4;15;10;10;20;8;1080360;1726178102143216154
76;4;15;10;10;20;8;1160068;1726178102153251049
77;4;15;10;10;20;8;1118645;1726178102163201388
78;4;15;10;10;20;8;1073980;1726178102173206336
79;4;15;10;10;20;8;971427;1726178102183210783
80;4;15;10;10;20;8;887205;1726178102193220992
81;4;15;10;10;20;8;943303;1726178102203223978
82;4;15;10;10;20;8;904718;1726178102213215184
83;4;15;10;10;20;8;900628;1726178102223217620
84;4;15;10;10;20;8;1067110;1726178102233208717
85;4;15;10;10;20;8;922479;1726178102243213269
86;4;15;10;10;20;8;1106753;1726178102253232119
87;4;15;10;10;20;8;938132;1726178102263208705
88;4;15;10;10;20;8;949432;1726178102273207137
89;4;15;10;10;20;8;964321;1726178102283215686
90;4;15;10;10;20;8;894750;1726178102293210794
91;4;15;10;10;20;8;934303;1726178102303208900
92;4;15;10;10;20;8;1059319;1726178102313213201
93;4;15;10;10;20;8;946437;1726178102323217386
94;4;15;10;10;20;8;904335;1726178102333210250
95;4;15;10;10;20;8;981235;1726178102343217945
96;4;15;10;10;20;8;1132002;1726178102353206345
97;4;15;10;10;20;8;989781;1726178102363170350
98;4;15;10;10;20;8;903118;1726178102373187853
99;4;15;10;10;20;8;1304237;1726178102383184027
0;4;16;10;10;20;8;1292126;1726178101393395647
1;4;16;10;10;20;8;1199176;1726178101403426806
2;4;16;10;10;20;8;1303143;1726178101413435403
3;4;16;10;10;20;8;1218547;1726178101423251577
4;4;16;10;10;20;8;1219454;1726178101433228626
5;4;16;10;10;20;8;1262135;1726178101443204164
6;4;16;10;10;20;8;1278675;1726178101453121751
7;4;16;10;10;20;8;1084800;1726178101463190319
8;4;16;10;10;20;8;1106533;1726178101473188509
9;4;16;10;10;20;8;1273482;1726178101483188636
10;4;16;10;10;20;8;1250172;1726178101493191863
11;4;16;10;10;20;8;1138737;1726178101503198260
12;4;16;10;10;20;8;1243823;1726178101513199332
13;4;16;10;10;20;8;1118516;1726178101523174815
14;4;16;10;10;20;8;1098333;1726178101533187734
15;4;16;10;10;20;8;1102959;1726178101543196660
16;4;16;10;10;20;8;1382321;1726178101553240070
17;4;16;10;10;20;8;1090349;1726178101563213819
18;4;16;10;10;20;8;1074401;1726178101573184342
19;4;16;10;10;20;8;1289875;1726178101583185801
20;4;16;10;10;20;8;1226771;1726178101593135039
21;4;16;10;10;20;8;1121137;1726178101603197600
22;4;16;10;10;20;8;1230084;1726178101613194154
23;4;16;10;10;20;8;1091254;1726178101623175700
24;4;16;10;10;20;8;1066912;1726178101633203785
25;4;16;10;10;20;8;1095119;1726178101643201934
26;4;16;10;10;20;8;1265191;1726178101653224469
27;4;16;10;10;20;8;1076969;1726178101663195409
28;4;16;10;10;20;8;1062300;1726178101673187529
29;4;16;10;10;20;8;1106199;1726178101683187390
30;4;16;10;10;20;8;1085209;1726178101693185999
31;4;16;10;10;20;8;1241831;1726178101703220080
32;4;16;10;10;20;8;1059379;1726178101713192828
33;4;16;10;10;20;8;1089845;1726178101723187993
34;4;16;10;10;20;8;1237480;1726178101733193697
35;4;16;10;10;20;8;1112962;1726178101743180767
36;4;16;10;10;20;8;1330825;1726178101753239824
37;4;16;10;10;20;8;1106997;1726178101763204741
38;4;16;10;10;20;8;1045742;1726178101773211723
39;4;16;10;10;20;8;1137369;1726178101783214011
40;4;16;10;10;20;8;1200390;1726178101793221459
41;4;16;10;10;20;8;1064955;1726178101803225057
42;4;16;10;10;20;8;1087194;1726178101813216259
43;4;16;10;10;20;8;1082526;1726178101823225265
44;4;16;10;10;20;8;1049641;1726178101833208292
45;4;16;10;10;20;8;1254409;1726178101843235495
46;4;16;10;10;20;8;1450205;1726178101853208005
47;4;16;10;10;20;8;1116714;1726178101863201590
48;4;16;10;10;20;8;1238323;1726178101873184024
49;4;16;10;10;20;8;1265848;1726178101883186422
50;4;16;10;10;20;8;1062667;1726178101893186875
51;4;16;10;10;20;8;1091600;1726178101903187434
52;4;16;10;10;20;8;1064643;1726178101913191090
53;4;16;10;10;20;8;1116019;1726178101923167954
54;4;16;10;10;20;8;1244081;1726178101933179572
55;4;16;10;10;20;8;1096339;1726178101943196770
56;4;16;10;10;20;8;1261868;1726178101953203453
57;4;16;10;10;20;8;1260345;1726178101963186732
58;4;16;10;10;20;8;1069703;1726178101973200943
59;4;16;10;10;20;8;1261212;1726178101983196455
60;4;16;10;10;20;8;1250603;1726178101993175643
61;4;16;10;10;20;8;1091795;1726178102003197080
62;4;16;10;10;20;8;1233115;1726178102013191850
63;4;16;10;10;20;8;1121914;1726178102023172719
64;4;16;10;10;20;8;1079413;1726178102033202135
65;4;16;10;10;20;8;1262919;1726178102043168504
66;4;16;10;10;20;8;1301096;1726178102053248387
67;4;16;10;10;20;8;1084898;1726178102063212474
68;4;16;10;10;20;8;1043937;1726178102073227033
69;4;16;10;10;20;8;1250849;1726178102083236731
70;4;16;10;10;20;8;1055864;1726178102093205960
71;4;16;10;10;20;8;1057803;1726178102103246777
72;4;16;10;10;20;8;1044193;1726178102113217664
73;4;16;10;10;20;8;1066603;1726178102123221262
74;4;16;10;10;20;8;1059697;1726178102133204488
75;4;16;10;10;20;8;1226732;1726178102143222102
76;4;16;10;10;20;8;1312216;1726178102153256370
77;4;16;10;10;20;8;1265582;1726178102163206520
78;4;16;10;10;20;8;1220173;1726178102173213133
79;4;16;10;10;20;8;1115904;1726178102183218347
80;4;16;10;10;20;8;1038520;1726178102193226389
81;4;16;10;10;20;8;1093714;1726178102203228978
82;4;16;10;10;20;8;1048315;1726178102213225753
83;4;16;10;10;20;8;1047100;1726178102223224203
84;4;16;10;10;20;8;1214227;1726178102233214379
85;4;16;10;10;20;8;1071779;1726178102243216836
86;4;16;10;10;20;8;1259393;1726178102253236538
87;4;16;10;10;20;8;1080774;1726178102263218723
88;4;16;10;10;20;8;1084346;1726178102273224247
89;4;16;10;10;20;8;1100654;1726178102283236811
90;4;16;10;10;20;8;1042966;1726178102293217076
91;4;16;10;10;20;8;1080292;1726178102303215102
92;4;16;10;10;20;8;1206228;1726178102313219339
93;4;16;10;10;20;8;1092972;1726178102323223740
94;4;16;10;10;20;8;1053183;1726178102333214960
95;4;16;10;10;20;8;1132650;1726178102343224435
96;4;16;10;10;20;8;1286241;1726178102353210161
97;4;16;10;10;20;8;1141313;1726178102363176520
98;4;16;10;10;20;8;1056926;1726178102373191403
99;4;16;10;10;20;8;1476877;1726178102383187421
0;4;17;10;10;20;8;1439141;1726178101393407596
1;4;17;10;10;20;8;1350358;1726178101403434436
2;4;17;10;10;20;8;1450830;1726178101413446274
3;4;17;10;10;20;8;1368318;1726178101423260388
4;4;17;10;10;20;8;1360583;1726178101433245785
5;4;17;10;10;20;8;1411642;1726178101443215365
6;4;17;10;10;20;8;1434997;1726178101453128010
7;4;17;10;10;20;8;1237895;1726178101463199068
8;4;17;10;10;20;8;1261834;1726178101473194797
9;4;17;10;10;20;8;1423196;1726178101483199512
10;4;17;10;10;20;8;1403327;1726178101493200245
11;4;17;10;10;20;8;1294535;1726178101503203468
12;4;17;10;10;20;8;1397547;1726178101513206487
13;4;17;10;10;20;8;1273495;1726178101523181516
14;4;17;10;10;20;8;1251964;1726178101533194502
15;4;17;10;10;20;8;1257264;1726178101543200280
16;4;17;10;10;20;8;1515540;1726178101553263864
17;4;17;10;10;20;8;1240806;1726178101563222268
18;4;17;10;10;20;8;1229341;1726178101573187678
19;4;17;10;10;20;8;1440476;1726178101583191949
20;4;17;10;10;20;8;1378675;1726178101593139780
21;4;17;10;10;20;8;1270665;1726178101603204046
22;4;17;10;10;20;8;1376907;1726178101613205162
23;4;17;10;10;20;8;1243260;1726178101623182007
24;4;17;10;10;20;8;1215926;1726178101633211645
25;4;17;10;10;20;8;1248290;1726178101643206022
26;4;17;10;10;20;8;1418541;1726178101653228174
27;4;17;10;10;20;8;1229768;1726178101663199506
28;4;17;10;10;20;8;1213128;1726178101673194682
29;4;17;10;10;20;8;1256713;1726178101683193457
30;4;17;10;10;20;8;1237651;1726178101693190007
31;4;17;10;10;20;8;1396175;1726178101703224254
32;4;17;10;10;20;8;1208407;1726178101713200101
33;4;17;10;10;20;8;1240546;1726178101723194771
34;4;17;10;10;20;8;1390650;1726178101733197455
35;4;17;10;10;20;8;1254668;1726178101743192055
36;4;17;10;10;20;8;1482432;1726178101753245776
37;4;17;10;10;20;8;1253498;1726178101763212661
38;4;17;10;10;20;8;1195792;1726178101773215423
39;4;17;10;10;20;8;1268860;1726178101783235959
40;4;17;10;10;20;8;1350456;1726178101793224836
41;4;17;10;10;20;8;1210467;1726178101803231624
42;4;17;10;10;20;8;1234431;1726178101813221068
43;4;17;10;10;20;8;1229723;1726178101823231734
44;4;17;10;10;20;8;1199711;1726178101833211648
45;4;17;10;10;20;8;1406124;1726178101843240036
46;4;17;10;10;20;8;1582332;1726178101853231835
47;4;17;10;10;20;8;1267901;1726178101863207792
48;4;17;10;10;20;8;1387975;1726178101873190043
49;4;17;10;10;20;8;1410773;1726178101883197830
50;4;17;10;10;20;8;1209911;1726178101893198006
51;4;17;10;10;20;8;1241946;1726178101903193739
52;4;17;10;10;20;8;1216860;1726178101913196870
53;4;17;10;10;20;8;1271624;1726178101923171512
54;4;17;10;10;20;8;1393716;1726178101933187017
55;4;17;10;10;20;8;1248386;1726178101943202817
56;4;17;10;10;20;8;1405422;1726178101953217806
57;4;17;10;10;20;8;1413951;1726178101963191512
58;4;17;10;10;20;8;1221694;1726178101973207126
59;4;17;10;10;20;8;1400892;1726178101983215711
60;4;17;10;10;20;8;1405045;1726178101993179232
61;4;17;10;10;20;8;1245103;1726178102003201317
62;4;17;10;10;20;8;1375929;1726178102013206257
63;4;17;10;10;20;8;1275729;1726178102023176357
64;4;17;10;10;20;8;1230094;1726178102033208322
65;4;17;10;10;20;8;1408301;1726178102043175610
66;4;17;10;10;20;8;1451217;1726178102053255897
67;4;17;10;10;20;8;1234725;1726178102063216497
68;4;17;10;10;20;8;1191239;1726178102073233422
69;4;17;10;10;20;8;1399667;1726178102083240673
70;4;17;10;10;20;8;1207328;1726178102093211693
71;4;17;10;10;20;8;1203444;1726178102103254317
72;4;17;10;10;20;8;1192086;1726178102113223608
73;4;17;10;10;20;8;1214781;1726178102123225118
74;4;17;10;10;20;8;1208849;1726178102133207879
75;4;17;10;10;20;8;1371832;1726178102143228568
76;4;17;10;10;20;8;1461637;1726178102153263237
77;4;17;10;10;20;8;1413060;1726178102163212702
78;4;17;10;10;20;8;1369784;1726178102173217162
79;4;17;10;10;20;8;1247421;1726178102183237936
80;4;17;10;10;20;8;1184374;1726178102193236931
81;4;17;10;10;20;8;1242125;1726178102203234546
82;4;17;10;10;20;8;1196363;1726178102213231715
83;4;17;10;10;20;8;1196250;1726178102223228082
84;4;17;10;10;20;8;1361168;1726178102233220680
85;4;17;10;10;20;8;1217252;1726178102243223239
86;4;17;10;10;20;8;1406956;1726178102253246723
87;4;17;10;10;20;8;1225775;1726178102263226204
88;4;17;10;10;20;8;1232358;1726178102273228887
89;4;17;10;10;20;8;1249094;1726178102283244678
90;4;17;10;10;20;8;1190285;1726178102293223398
91;4;17;10;10;20;8;1226659;1726178102303221365
92;4;17;10;10;20;8;1355395;1726178102313223825
93;4;17;10;10;20;8;1239200;1726178102323229904
94;4;17;10;10;20;8;1200431;1726178102333221580
95;4;17;10;10;20;8;1283496;1726178102343231051
96;4;17;10;10;20;8;1432153;1726178102353221924
97;4;17;10;10;20;8;1289402;1726178102363185866
98;4;17;10;10;20;8;1210119;1726178102373194913
99;4;17;10;10;20;8;1644460;1726178102383194206
0;4;18;10;10;20;8;1580297;1726178101393424706
1;4;18;10;10;20;8;1485161;1726178101403458533
2;4;18;10;10;20;8;1592314;1726178101413463861
3;4;18;10;10;20;8;1516850;1726178101423268567
4;4;18;10;10;20;8;1512599;1726178101433251508
5;4;18;10;10;20;8;1564833;1726178101443223235
6;4;18;10;10;20;8;1590114;1726178101453134574
7;4;18;10;10;20;8;1386712;1726178101463213158
8;4;18;10;10;20;8;1412662;1726178101473205267
9;4;18;10;10;20;8;1573580;1726178101483209681
10;4;18;10;10;20;8;1560947;1726178101493204583
11;4;18;10;10;20;8;1450145;1726178101503209596
12;4;18;10;10;20;8;1552018;1726178101513213369
13;4;18;10;10;20;8;1427516;1726178101523188807
14;4;18;10;10;20;8;1406881;1726178101533201018
15;4;18;10;10;20;8;1410290;1726178101543204404
16;4;18;10;10;20;8;1665609;1726178101553270449
17;4;18;10;10;20;8;1391436;1726178101563230087
18;4;18;10;10;20;8;1384941;1726178101573190947
19;4;18;10;10;20;8;1587946;1726178101583201627
20;4;18;10;10;20;8;1530547;1726178101593143695
21;4;18;10;10;20;8;1419730;1726178101603210521
22;4;18;10;10;20;8;1530258;1726178101613209275
23;4;18;10;10;20;8;1385707;1726178101623196983
24;4;18;10;10;20;8;1366694;1726178101633218511
25;4;18;10;10;20;8;1396680;1726178101643214515
26;4;18;10;10;20;8;1559693;1726178101653246041
27;4;18;10;10;20;8;1379793;1726178101663205764
28;4;18;10;10;20;8;1366079;1726178101673200599
29;4;18;10;10;20;8;1409867;1726178101683197221
30;4;18;10;10;20;8;1392346;1726178101693193622
31;4;18;10;10;20;8;1547521;1726178101703230289
32;4;18;10;10;20;8;1357680;1726178101713207455
33;4;18;10;10;20;8;1391450;1726178101723201086
34;4;18;10;10;20;8;1534179;1726178101733210532
35;4;18;10;10;20;8;1403442;1726178101743196045
36;4;18;10;10;20;8;1633230;1726178101753252530
37;4;18;10;10;20;8;1404831;1726178101763216479
38;4;18;10;10;20;8;1345695;1726178101773219322
39;4;18;10;10;20;8;1413695;1726178101783244408
40;4;18;10;10;20;8;1499935;1726178101793228452
41;4;18;10;10;20;8;1352573;1726178101803242136
42;4;18;10;10;20;8;1380825;1726178101813227887
43;4;18;10;10;20;8;1377142;1726178101823238047
44;4;18;10;10;20;8;1349998;1726178101833215455
45;4;18;10;10;20;8;1553710;1726178101843247967
46;4;18;10;10;20;8;1713762;1726178101853257525
47;4;18;10;10;20;8;1420432;1726178101863213678
48;4;18;10;10;20;8;1539116;1726178101873196411
49;4;18;10;10;20;8;1542785;1726178101883222759
50;4;18;10;10;20;8;1363706;1726178101893201982
51;4;18;10;10;20;8;1392555;1726178101903200169
52;4;18;10;10;20;8;1367704;1726178101913203156
53;4;18;10;10;20;8;1427585;1726178101923175232
54;4;18;10;10;20;8;1541189;1726178101933197600
55;4;18;10;10;20;8;1397430;1726178101943211377
56;4;18;10;10;20;8;1558190;1726178101953222748
57;4;18;10;10;20;8;1562156;1726178101963201564
58;4;18;10;10;20;8;1368851;1726178101973218244
59;4;18;10;10;20;8;1551437;1726178101983222086
60;4;18;10;10;20;8;1559615;1726178101993182786
61;4;18;10;10;20;8;1398643;1726178102003205722
62;4;18;10;10;20;8;1528913;1726178102013210893
63;4;18;10;10;20;8;1429830;1726178102023180325
64;4;18;10;10;20;8;1381670;1726178102033215095
65;4;18;10;10;20;8;1554463;1726178102043182114
66;4;18;10;10;20;8;1603265;1726178102053262151
67;4;18;10;10;20;8;1383104;1726178102063220990
68;4;18;10;10;20;8;1339237;1726178102073239618
69;4;18;10;10;20;8;1550063;1726178102083244351
70;4;18;10;10;20;8;1345031;1726178102093230698
71;4;18;10;10;20;8;1346308;1726178102103265966
72;4;18;10;10;20;8;1340134;1726178102113229602
73;4;18;10;10;20;8;1361284;1726178102123231034
74;4;18;10;10;20;8;1358467;1726178102133211608
75;4;18;10;10;20;8;1518707;1726178102143234254
76;4;18;10;10;20;8;1611660;1726178102153270033
77;4;18;10;10;20;8;1559689;1726178102163219577
78;4;18;10;10;20;8;1516498;1726178102173223368
79;4;18;10;10;20;8;1396671;1726178102183241954
80;4;18;10;10;20;8;1333929;1726178102193243859
81;4;18;10;10;20;8;1387116;1726178102203242834
82;4;18;10;10;20;8;1344104;1726178102213237732
83;4;18;10;10;20;8;1344081;1726178102223234436
84;4;18;10;10;20;8;1504898;1726178102233229779
85;4;18;10;10;20;8;1363001;1726178102243230465
86;4;18;10;10;20;8;1558178;1726178102253253456
87;4;18;10;10;20;8;1375456;1726178102263229707
88;4;18;10;10;20;8;1381762;1726178102273232206
89;4;18;10;10;20;8;1399101;1726178102283251298
90;4;18;10;10;20;8;1336466;1726178102293231375
91;4;18;10;10;20;8;1372751;1726178102303227726
92;4;18;10;10;20;8;1503218;1726178102313230050
93;4;18;10;10;20;8;1386820;1726178102323236187
94;4;18;10;10;20;8;1347755;1726178102333228252
95;4;18;10;10;20;8;1433612;1726178102343237542
96;4;18;10;10;20;8;1584898;1726178102353226263
97;4;18;10;10;20;8;1440694;1726178102363191572
98;4;18;10;10;20;8;1364583;1726178102373198163
99;4;18;10;10;20;8;1827592;1726178102383202901
0;4;19;10;10;20;8;1725829;1726178101393438675
1;4;19;10;10;20;8;1635011;1726178101403468922
2;4;19;10;10;20;8;1740536;1726178101413475825
3;4;19;10;10;20;8;1667603;1726178101423276195
4;4;19;10;10;20;8;1661623;1726178101433261854
5;4;19;10;10;20;8;1722445;1726178101443227274
6;4;19;10;10;20;8;1751435;1726178101453140530
7;4;19;10;10;20;8;1540074;1726178101463222199
8;4;19;10;10;20;8;1564879;1726178101473214327
9;4;19;10;10;20;8;1729201;1726178101483215968
10;4;19;10;10;20;8;1717742;1726178101493209076
11;4;19;10;10;20;8;1603592;1726178101503217457
12;4;19;10;10;20;8;1706035;1726178101513221615
13;4;19;10;10;20;8;1582152;1726178101523195071
14;4;19;10;10;20;8;1562748;1726178101533207482
15;4;19;10;10;20;8;1563876;1726178101543208439
16;4;19;10;10;20;8;1816721;1726178101553277057
17;4;19;10;10;20;8;1545930;1726178101563233866
18;4;19;10;10;20;8;1538964;1726178101573194669
19;4;19;10;10;20;8;1722396;1726178101583224795
20;4;19;10;10;20;8;1683604;1726178101593148436
21;4;19;10;10;20;8;1569808;1726178101603217207
22;4;19;10;10;20;8;1684774;1726178101613213197
23;4;19;10;10;20;8;1539151;1726178101623201556
24;4;19;10;10;20;8;1517591;1726178101633224896
25;4;19;10;10;20;8;1549861;1726178101643218911
26;4;19;10;10;20;8;1712676;1726178101653252088
27;4;19;10;10;20;8;1530198;1726178101663212335
28;4;19;10;10;20;8;1517333;1726178101673206912
29;4;19;10;10;20;8;1561799;1726178101683202770
30;4;19;10;10;20;8;1546048;1726178101693197001
31;4;19;10;10;20;8;1698465;1726178101703236723
32;4;19;10;10;20;8;1508017;1726178101713213698
33;4;19;10;10;20;8;1541894;1726178101723207984
34;4;19;10;10;20;8;1685929;1726178101733215453
35;4;19;10;10;20;8;1552564;1726178101743200282
36;4;19;10;10;20;8;1785956;1726178101753258522
37;4;19;10;10;20;8;1556357;1726178101763219761
38;4;19;10;10;20;8;1496028;1726178101773222905
39;4;19;10;10;20;8;1560502;1726178101783251106
40;4;19;10;10;20;8;1650745;1726178101793231789
41;4;19;10;10;20;8;1499304;1726178101803248552
42;4;19;10;10;20;8;1527934;1726178101813234258
43;4;19;10;10;20;8;1524757;1726178101823244093
44;4;19;10;10;20;8;1499607;1726178101833219168
45;4;19;10;10;20;8;1701545;1726178101843256746
46;4;19;10;10;20;8;1865348;1726178101853264925
47;4;19;10;10;20;8;1572486;1726178101863219603
48;4;19;10;10;20;8;1689816;1726178101873203911
49;4;19;10;10;20;8;1691836;1726178101883230222
50;4;19;10;10;20;8;1518610;1726178101893205316
51;4;19;10;10;20;8;1541833;1726178101903207704
52;4;19;10;10;20;8;1517916;1726178101913211368
53;4;19;10;10;20;8;1581858;1726178101923179219
54;4;19;10;10;20;8;1694185;1726178101933203160
55;4;19;10;10;20;8;1549760;1726178101943216444
56;4;19;10;10;20;8;1711931;1726178101953226506
57;4;19;10;10;20;8;1713067;1726178101963208302
58;4;19;10;10;20;8;1517964;1726178101973227675
59;4;19;10;10;20;8;1702294;1726178101983229027
60;4;19;10;10;20;8;1714404;1726178101993186146
61;4;19;10;10;20;8;1549870;1726178102003212112
62;4;19;10;10;20;8;1685115;1726178102013214313
63;4;19;10;10;20;8;1584113;1726178102023184203
64;4;19;10;10;20;8;1532690;1726178102033222179
65;4;19;10;10;20;8;1700397;1726178102043189262
66;4;19;10;10;20;8;1755950;1726178102053268282
67;4;19;10;10;20;8;1530549;1726178102063227149
68;4;19;10;10;20;8;1486990;1726178102073245538
69;4;19;10;10;20;8;1693932;1726178102083254713
70;4;19;10;10;20;8;1494323;1726178102093238673
71;4;19;10;10;20;8;1494967;1726178102103272703
72;4;19;10;10;20;8;1488062;1726178102113235367
73;4;19;10;10;20;8;1507842;1726178102123237463
74;4;19;10;10;20;8;1507139;1726178102133215477
75;4;19;10;10;20;8;1664471;1726178102143243200
76;4;19;10;10;20;8;1751690;1726178102153288032
77;4;19;10;10;20;8;1711918;1726178102163222970
78;4;19;10;10;20;8;1691132;1726178102173230678
79;4;19;10;10;20;8;1526127;1726178102183263910
80;4;19;10;10;20;8;1484067;1726178102193251206
81;4;19;10;10;20;8;1533668;1726178102203250106
82;4;19;10;10;20;8;1494049;1726178102213241937
83;4;19;10;10;20;8;1487224;1726178102223244680
84;4;19;10;10;20;8;1651880;1726178102233237360
85;4;19;10;10;20;8;1506322;1726178102243239734
86;4;19;10;10;20;8;1711087;1726178102253260040
87;4;19;10;10;20;8;1522708;1726178102263235759
88;4;19;10;10;20;8;1530908;1726178102273235313
89;4;19;10;10;20;8;1551611;1726178102283256233
90;4;19;10;10;20;8;1484357;1726178102293237245
91;4;19;10;10;20;8;1519686;1726178102303234111
92;4;19;10;10;20;8;1651596;1726178102313236682
93;4;19;10;10;20;8;1534416;1726178102323242387
94;4;19;10;10;20;8;1493193;1726178102333237793
95;4;19;10;10;20;8;1585686;1726178102343243753
96;4;19;10;10;20;8;1734505;1726178102353234715
97;4;19;10;10;20;8;1593002;1726178102363195955
98;4;19;10;10;20;8;1518295;1726178102373201841
99;4;19;10;10;20;8;1970665;1726178102383221802
0;5;0;10;10;20;8;0;0
1;5;0;10;10;20;8;0;0
2;5;0;10;10;20;8;0;0
3;5;0;10;10;20;8;0;0
4;5;0;10;10;20;8;0;0
5;5;0;10;10;20;8;0;0
6;5;0;10;10;20;8;0;0
7;5;0;10;10;20;8;0;0
8;5;0;10;10;20;8;0;0
9;5;0;10;10;20;8;0;0
10;5;0;10;10;20;8;0;0
11;5;0;10;10;20;8;0;0
12;5;0;10;10;20;8;0;0
13;5;0;10;10;20;8;0;0
14;5;0;10;10;20;8;0;0
15;5;0;10;10;20;8;0;0
16;5;0;10;10;20;8;0;0
17;5;0;10;10;20;8;0;0
18;5;0;10;10;20;8;0;0
19;5;0;10;10;20;8;0;0
20;5;0;10;10;20;8;0;0
21;5;0;10;10;20;8;0;0
22;5;0;10;10;20;8;0;0
23;5;0;10;10;20;8;0;0
24;5;0;10;10;20;8;0;0
25;5;0;10;10;20;8;0;0
26;5;0;10;10;20;8;0;0
27;5;0;10;10;20;8;0;0
28;5;0;10;10;20;8;0;0
29;5;0;10;10;20;8;0;0
30;5;0;10;10;20;8;0;0
31;5;0;10;10;20;8;0;0
32;5;0;10;10;20;8;0;0
33;5;0;10;10;20;8;0;0
34;5;0;10;10;20;8;0;0
35;5;0;10;10;20;8;0;0
36;5;0;10;10;20;8;0;0
37;5;0;10;10;20;8;0;0
38;5;0;10;10;20;8;0;0
39;5;0;10;10;20;8;0;0
40;5;0;10;10;20;8;0;0
41;5;0;10;10;20;8;0;0
42;5;0;10;10;20;8;0;0
43;5;0;10;10;20;8;0;0
44;5;0;10;10;20;8;0;0
45;5;0;10;10;20;8;0;0
46;5;0;10;10;20;8;255739;1726178101853037116
47;5;0;10;10;20;8;0;0
48;5;0;10;10;20;8;0;0
49;5;0;10;10;20;8;0;0
50;5;0;10;10;20;8;0;0
51;5;0;10;10;20;8;0;0
52;5;0;10;10;20;8;0;0
53;5;0;10;10;20;8;0;0
54;5;0;10;10;20;8;0;0
55;5;0;10;10;20;8;0;0
56;5;0;10;10;20;8;0;0
57;5;0;10;10;20;8;0;0
58;5;0;10;10;20;8;0;0
59;5;0;10;10;20;8;0;0
60;5;0;10;10;20;8;0;0
61;5;0;10;10;20;8;0;0
62;5;0;10;10;20;8;0;0
63;5;0;10;10;20;8;0;0
64;5;0;10;10;20;8;0;0
65;5;0;10;10;20;8;0;0
66;5;0;10;10;20;8;0;0
67;5;0;10;10;20;8;0;0
68;5;0;10;10;20;8;0;0
69;5;0;10;10;20;8;0;0
70;5;0;10;10;20;8;0;0
71;5;0;10;10;20;8;0;0
72;5;0;10;10;20;8;0;0
73;5;0;10;10;20;8;0;0
74;5;0;10;10;20;8;0;0
75;5;0;10;10;20;8;0;0
76;5;0;10;10;20;8;0;0
77;5;0;10;10;20;8;0;0
78;5;0;10;10;20;8;0;0
79;5;0;10;10;20;8;0;0
80;5;0;10;10;20;8;0;0
81;5;0;10;10;20;8;0;0
82;5;0;10;10;20;8;0;0
83;5;0;10;10;20;8;0;0
84;5;0;10;10;20;8;0;0
85;5;0;10;10;20;8;0;0
86;5;0;10;10;20;8;0;0
87;5;0;10;10;20;8;0;0
88;5;0;10;10;20;8;0;0
89;5;0;10;10;20;8;0;0
90;5;0;10;10;20;8;0;0
91;5;0;10;10;20;8;0;0
92;5;0;10;10;20;8;0;0
93;5;0;10;10;20;8;0;0
94;5;0;10;10;20;8;0;0
95;5;0;10;10;20;8;0;0
96;5;0;10;10;20;8;0;0
97;5;0;10;10;20;8;0;0
98;5;0;10;10;20;8;0;0
99;5;0;10;10;20;8;0;0
0;5;0;10;10;20;8;0;0
1;5;0;10;10;20;8;0;0
2;5;0;10;10;20;8;0;0
3;5;0;10;10;20;8;0;0
4;5;0;10;10;20;8;0;0
5;5;0;10;10;20;8;0;0
6;5;0;10;10;20;8;0;0
7;5;0;10;10;20;8;0;0
8;5;0;10;10;20;8;0;0
9;5;0;10;10;20;8;0;0
10;5;0;10;10;20;8;0;0
11;5;0;10;10;20;8;0;0
12;5;0;10;10;20;8;0;0
13;5;0;10;10;20;8;0;0
14;5;0;10;10;20;8;0;0
15;5;0;10;10;20;8;0;0
16;5;0;10;10;20;8;0;0
17;5;0;10;10;20;8;0;0
18;5;0;10;10;20;8;0;0
19;5;0;10;10;20;8;0;0
20;5;0;10;10;20;8;0;0
21;5;0;10;10;20;8;0;0
22;5;0;10;10;20;8;0;0
23;5;0;10;10;20;8;0;0
24;5;0;10;10;20;8;0;0
25;5;0;10;10;20;8;0;0
26;5;1;10;10;20;8;262312;1726178101653104809
27;5;0;10;10;20;8;0;0
28;5;0;10;10;20;8;0;0
29;5;0;10;10;20;8;0;0
30;5;0;10;10;20;8;0;0
31;5;0;10;10;20;8;0;0
32;5;0;10;10;20;8;0;0
33;5;0;10;10;20;8;0;0
34;5;0;10;10;20;8;0;0
35;5;0;10;10;20;8;0;0
36;5;0;10;10;20;8;0;0
37;5;0;10;10;20;8;0;0
38;5;0;10;10;20;8;0;0
39;5;0;10;10;20;8;0;0
40;5;0;10;10;20;8;0;0
41;5;0;10;10;20;8;0;0
42;5;0;10;10;20;8;0;0
43;5;0;10;10;20;8;0;0
44;5;0;10;10;20;8;0;0
45;5;0;10;10;20;8;0;0
46;5;0;10;10;20;8;0;0
47;5;0;10;10;20;8;0;0
48;5;0;10;10;20;8;0;0
49;5;0;10;10;20;8;0;0
50;5;0;10;10;20;8;0;0
51;5;0;10;10;20;8;0;0
52;5;0;10;10;20;8;0;0
53;5;0;10;10;20;8;0;0
54;5;0;10;10;20;8;0;0
55;5;0;10;10;20;8;0;0
56;5;0;10;10;20;8;0;0
57;5;0;10;10;20;8;0;0
58;5;0;10;10;20;8;0;0
59;5;0;10;10;20;8;0;0
60;5;0;10;10;20;8;0;0
61;5;0;10;10;20;8;0;0
62;5;0;10;10;20;8;0;0
63;5;0;10;10;20;8;0;0
64;5;0;10;10;20;8;0;0
65;5;0;10;10;20;8;0;0
66;5;0;10;10;20;8;0;0
67;5;0;10;10;20;8;0;0
68;5;0;10;10;20;8;0;0
69;5;0;10;10;20;8;0;0
70;5;0;10;10;20;8;0;0
71;5;0;10;10;20;8;0;0
72;5;0;10;10;20;8;0;0
73;5;0;10;10;20;8;0;0
74;5;0;10;10;20;8;0;0
75;5;0;10;10;20;8;0;0
76;5;0;10;10;20;8;0;0
77;5;0;10;10;20;8;0;0
78;5;0;10;10;20;8;0;0
79;5;0;10;10;20;8;0;0
80;5;0;10;10;20;8;0;0
81;5;0;10;10;20;8;0;0
82;5;0;10;10;20;8;0;0
83;5;0;10;10;20;8;0;0
84;5;0;10;10;20;8;0;0
85;5;0;10;10;20;8;0;0
86;5;0;10;10;20;8;0;0
87;5;0;10;10;20;8;0;0
88;5;0;10;10;20;8;0;0
89;5;0;10;10;20;8;0;0
90;5;0;10;10;20;8;0;0
91;5;0;10;10;20;8;0;0
92;5;0;10;10;20;8;0;0
93;5;0;10;10;20;8;0;0
94;5;0;10;10;20;8;0;0
95;5;0;10;10;20;8;0;0
96;5;0;10;10;20;8;0;0
97;5;0;10;10;20;8;0;0
98;5;0;10;10;20;8;0;0
99;5;0;10;10;20;8;0;0
0;5;0;10;10;20;8;0;0
1;5;0;10;10;20;8;0;0
2;5;0;10;10;20;8;0;0
3;5;0;10;10;20;8;0;0
4;5;0;10;10;20;8;0;0
5;5;0;10;10;20;8;0;0
6;5;0;10;10;20;8;0;0
7;5;0;10;10;20;8;0;0
8;5;0;10;10;20;8;0;0
9;5;0;10;10;20;8;0;0
10;5;0;10;10;20;8;0;0
11;5;0;10;10;20;8;0;0
12;5;0;10;10;20;8;0;0
13;5;0;10;10;20;8;0;0
14;5;0;10;10;20;8;0;0
15;5;0;10;10;20;8;0;0
16;5;0;10;10;20;8;0;0
17;5;0;10;10;20;8;0;0
18;5;0;10;10;20;8;0;0
19;5;0;10;10;20;8;0;0
20;5;0;10;10;20;8;0;0
21;5;0;10;10;20;8;0;0
22;5;0;10;10;20;8;0;0
23;5;0;10;10;20;8;0;0
24;5;0;10;10;20;8;0;0
25;5;0;10;10;20;8;0;0
26;5;0;10;10;20;8;0;0
27;5;0;10;10;20;8;0;0
28;5;0;10;10;20;8;0;0
29;5;0;10;10;20;8;0;0
30;5;0;10;10;20;8;0;0
31;5;0;10;10;20;8;0;0
32;5;0;10;10;20;8;0;0
33;5;0;10;10;20;8;0;0
34;5;0;10;10;20;8;0;0
35;5;0;10;10;20;8;0;0
36;5;0;10;10;20;8;0;0
37;5;0;10;10;20;8;0;0
38;5;0;10;10;20;8;0;0
39;5;0;10;10;20;8;0;0
40;5;0;10;10;20;8;0;0
41;5;0;10;10;20;8;0;0
42;5;0;10;10;20;8;0;0
43;5;0;10;10;20;8;0;0
44;5;0;10;10;20;8;0;0
45;5;0;10;10;20;8;0;0
46;5;0;10;10;20;8;0;0
47;5;0;10;10;20;8;0;0
48;5;0;10;10;20;8;0;0
49;5;0;10;10;20;8;0;0
50;5;0;10;10;20;8;0;0
51;5;0;10;10;20;8;0;0
52;5;0;10;10;20;8;0;0
53;5;0;10;10;20;8;0;0
54;5;0;10;10;20;8;0;0
55;5;0;10;10;20;8;0;0
56;5;0;10;10;20;8;0;0
57;5;0;10;10;20;8;0;0
58;5;0;10;10;20;8;0;0
59;5;0;10;10;20;8;0;0
60;5;0;10;10;20;8;0;0
61;5;0;10;10;20;8;0;0
62;5;0;10;10;20;8;0;0
63;5;0;10;10;20;8;0;0
64;5;0;10;10;20;8;0;0
65;5;0;10;10;20;8;0;0
66;5;2;10;10;20;8;285892;1726178102053128459
67;5;0;10;10;20;8;0;0
68;5;0;10;10;20;8;0;0
69;5;0;10;10;20;8;0;0
70;5;0;10;10;20;8;0;0
71;5;0;10;10;20;8;0;0
72;5;0;10;10;20;8;0;0
73;5;0;10;10;20;8;0;0
74;5;0;10;10;20;8;0;0
75;5;0;10;10;20;8;0;0
76;5;2;10;10;20;8;280321;1726178102153130246
77;5;0;10;10;20;8;0;0
78;5;0;10;10;20;8;0;0
79;5;0;10;10;20;8;0;0
80;5;0;10;10;20;8;0;0
81;5;0;10;10;20;8;0;0
82;5;0;10;10;20;8;0;0
83;5;0;10;10;20;8;0;0
84;5;0;10;10;20;8;0;0
85;5;0;10;10;20;8;0;0
86;5;2;10;10;20;8;243798;1726178102253129286
87;5;0;10;10;20;8;0;0
88;5;0;10;10;20;8;0;0
89;5;0;10;10;20;8;0;0
90;5;0;10;10;20;8;0;0
91;5;0;10;10;20;8;0;0
92;5;0;10;10;20;8;0;0
93;5;0;10;10;20;8;0;0
94;5;0;10;10;20;8;0;0
95;5;0;10;10;20;8;0;0
96;5;0;10;10;20;8;0;0
97;5;0;10;10;20;8;0;0
98;5;0;10;10;20;8;0;0
99;5;0;10;10;20;8;0;0
0;5;0;10;10;20;8;0;0
1;5;0;10;10;20;8;0;0
2;5;0;10;10;20;8;0;0
3;5;0;10;10;20;8;0;0
4;5;0;10;10;20;8;0;0
5;5;0;10;10;20;8;0;0
6;5;0;10;10;20;8;0;0
7;5;0;10;10;20;8;0;0
8;5;0;10;10;20;8;0;0
9;5;0;10;10;20;8;0;0
10;5;0;10;10;20;8;0;0
11;5;0;10;10;20;8;0;0
12;5;0;10;10;20;8;0;0
13;5;0;10;10;20;8;0;0
14;5;0;10;10;20;8;0;0
15;5;0;10;10;20;8;0;0
16;5;3;10;10;20;8;370706;1726178101553114295
17;5;0;10;10;20;8;0;0
18;5;0;10;10;20;8;0;0
19;5;0;10;10;20;8;0;0
20;5;0;10;10;20;8;0;0
21;5;0;10;10;20;8;0;0
22;5;0;10;10;20;8;0;0
23;5;0;10;10;20;8;0;0
24;5;0;10;10;20;8;0;0
25;5;0;10;10;20;8;0;0
26;5;0;10;10;20;8;0;0
27;5;0;10;10;20;8;0;0
28;5;0;10;10;20;8;0;0
29;5;0;10;10;20;8;0;0
30;5;0;10;10;20;8;0;0
31;5;0;10;10;20;8;0;0
32;5;0;10;10;20;8;0;0
33;5;0;10;10;20;8;0;0
34;5;0;10;10;20;8;0;0
35;5;0;10;10;20;8;0;0
36;5;3;10;10;20;8;295430;1726178101753134525
37;5;0;10;10;20;8;0;0
38;5;0;10;10;20;8;0;0
39;5;0;10;10;20;8;0;0
40;5;0;10;10;20;8;0;0
41;5;0;10;10;20;8;0;0
42;5;0;10;10;20;8;0;0
43;5;0;10;10;20;8;0;0
44;5;0;10;10;20;8;0;0
45;5;0;10;10;20;8;0;0
46;5;0;10;10;20;8;0;0
47;5;0;10;10;20;8;0;0
48;5;0;10;10;20;8;0;0
49;5;0;10;10;20;8;0;0
50;5;0;10;10;20;8;0;0
51;5;0;10;10;20;8;0;0
52;5;0;10;10;20;8;0;0
53;5;0;10;10;20;8;0;0
54;5;0;10;10;20;8;0;0
55;5;0;10;10;20;8;0;0
56;5;3;10;10;20;8;232876;1726178101953107854
57;5;0;10;10;20;8;0;0
58;5;0;10;10;20;8;0;0
59;5;0;10;10;20;8;0;0
60;5;0;10;10;20;8;0;0
61;5;0;10;10;20;8;0;0
62;5;0;10;10;20;8;0;0
63;5;0;10;10;20;8;0;0
64;5;0;10;10;20;8;0;0
65;5;0;10;10;20;8;0;0
66;5;0;10;10;20;8;0;0
67;5;0;10;10;20;8;0;0
68;5;0;10;10;20;8;0;0
69;5;0;10;10;20;8;0;0
70;5;0;10;10;20;8;0;0
71;5;0;10;10;20;8;0;0
72;5;0;10;10;20;8;0;0
73;5;0;10;10;20;8;0;0
74;5;0;10;10;20;8;0;0
75;5;0;10;10;20;8;0;0
76;5;0;10;10;20;8;0;0
77;5;0;10;10;20;8;0;0
78;5;0;10;10;20;8;0;0
79;5;0;10;10;20;8;0;0
80;5;0;10;10;20;8;0;0
81;5;0;10;10;20;8;0;0
82;5;0;10;10;20;8;0;0
83;5;0;10;10;20;8;0;0
84;5;0;10;10;20;8;0;0
85;5;0;10;10;20;8;0;0
86;5;0;10;10;20;8;0;0
87;5;0;10;10;20;8;0;0
88;5;0;10;10;20;8;0;0
89;5;0;10;10;20;8;0;0
90;5;0;10;10;20;8;0;0
91;5;0;10;10;20;8;0;0
92;5;0;10;10;20;8;0;0
93;5;0;10;10;20;8;0;0
94;5;0;10;10;20;8;0;0
95;5;0;10;10;20;8;0;0
96;5;0;10;10;20;8;0;0
97;5;0;10;10;20;8;0;0
98;5;0;10;10;20;8;0;0
99;5;0;10;10;20;8;0;0
0;5;0;10;10;20;8;0;0
1;5;0;10;10;20;8;0;0
2;5;0;10;10;20;8;0;0
3;5;0;10;10;20;8;0;0
4;5;0;10;10;20;8;0;0
5;5;0;10;10;20;8;0;0
6;5;0;10;10;20;8;0;0
7;5;0;10;10;20;8;0;0
8;5;0;10;10;20;8;0;0
9;5;0;10;10;20;8;0;0
10;5;0;10;10;20;8;0;0
11;5;0;10;10;20;8;0;0
12;5;0;10;10;20;8;0;0
13;5;0;10;10;20;8;0;0
14;5;0;10;10;20;8;0;0
15;5;0;10;10;20;8;0;0
16;5;0;10;10;20;8;0;0
17;5;0;10;10;20;8;0;0
18;5;0;10;10;20;8;0;0
19;5;0;10;10;20;8;0;0
20;5;0;10;10;20;8;0;0
21;5;0;10;10;20;8;0;0
22;5;0;10;10;20;8;0;0
23;5;0;10;10;20;8;0;0
24;5;0;10;10;20;8;0;0
25;5;0;10;10;20;8;0;0
26;5;0;10;10;20;8;0;0
27;5;0;10;10;20;8;0;0
28;5;0;10;10;20;8;0;0
29;5;0;10;10;20;8;0;0
30;5;0;10;10;20;8;0;0
31;5;0;10;10;20;8;0;0
32;5;0;10;10;20;8;0;0
33;5;0;10;10;20;8;0;0
34;5;0;10;10;20;8;0;0
35;5;0;10;10;20;8;0;0
36;5;0;10;10;20;8;0;0
37;5;0;10;10;20;8;0;0
38;5;0;10;10;20;8;0;0
39;5;0;10;10;20;8;0;0
40;5;0;10;10;20;8;0;0
41;5;0;10;10;20;8;0;0
42;5;0;10;10;20;8;0;0
43;5;0;10;10;20;8;0;0
44;5;0;10;10;20;8;0;0
45;5;0;10;10;20;8;0;0
46;5;0;10;10;20;8;0;0
47;5;0;10;10;20;8;0;0
48;5;0;10;10;20;8;0;0
49;5;0;10;10;20;8;0;0
50;5;0;10;10;20;8;0;0
51;5;0;10;10;20;8;0;0
52;5;0;10;10;20;8;0;0
53;5;0;10;10;20;8;0;0
54;5;0;10;10;20;8;0;0
55;5;0;10;10;20;8;0;0
56;5;0;10;10;20;8;0;0
57;5;0;10;10;20;8;0;0
58;5;0;10;10;20;8;0;0
59;5;0;10;10;20;8;0;0
60;5;0;10;10;20;8;0;0
61;5;0;10;10;20;8;0;0
62;5;0;10;10;20;8;0;0
63;5;0;10;10;20;8;0;0
64;5;0;10;10;20;8;0;0
65;5;0;10;10;20;8;0;0
66;5;0;10;10;20;8;0;0
67;5;0;10;10;20;8;0;0
68;5;0;10;10;20;8;0;0
69;5;0;10;10;20;8;0;0
70;5;0;10;10;20;8;0;0
71;5;0;10;10;20;8;0;0
72;5;0;10;10;20;8;0;0
73;5;0;10;10;20;8;0;0
74;5;0;10;10;20;8;0;0
75;5;0;10;10;20;8;0;0
76;5;0;10;10;20;8;0;0
77;5;0;10;10;20;8;0;0
78;5;0;10;10;20;8;0;0
79;5;0;10;10;20;8;0;0
80;5;0;10;10;20;8;0;0
81;5;0;10;10;20;8;0;0
82;5;0;10;10;20;8;0;0
83;5;0;10;10;20;8;0;0
84;5;0;10;10;20;8;0;0
85;5;0;10;10;20;8;0;0
86;5;0;10;10;20;8;0;0
87;5;0;10;10;20;8;0;0
88;5;0;10;10;20;8;0;0
89;5;0;10;10;20;8;0;0
90;5;0;10;10;20;8;0;0
91;5;0;10;10;20;8;0;0
92;5;0;10;10;20;8;0;0
93;5;0;10;10;20;8;0;0
94;5;0;10;10;20;8;0;0
95;5;0;10;10;20;8;0;0
96;5;4;10;10;20;8;244096;1726178102353112209
97;5;0;10;10;20;8;0;0
98;5;0;10;10;20;8;0;0
99;5;0;10;10;20;8;0;0
0;5;0;10;10;20;8;0;0
1;5;0;10;10;20;8;0;0
2;5;0;10;10;20;8;0;0
3;5;0;10;10;20;8;0;0
4;5;0;10;10;20;8;0;0
5;5;0;10;10;20;8;0;0
6;5;0;10;10;20;8;0;0
7;5;0;10;10;20;8;0;0
8;5;0;10;10;20;8;0;0
9;5;0;10;10;20;8;0;0
10;5;0;10;10;20;8;0;0
11;5;0;10;10;20;8;0;0
12;5;0;10;10;20;8;0;0
13;5;0;10;10;20;8;0;0
14;5;0;10;10;20;8;0;0
15;5;0;10;10;20;8;0;0
16;5;0;10;10;20;8;0;0
17;5;0;10;10;20;8;0;0
18;5;0;10;10;20;8;0;0
19;5;0;10;10;20;8;0;0
20;5;0;10;10;20;8;0;0
21;5;0;10;10;20;8;0;0
22;5;0;10;10;20;8;0;0
23;5;0;10;10;20;8;0;0
24;5;0;10;10;20;8;0;0
25;5;0;10;10;20;8;0;0
26;5;0;10;10;20;8;0;0
27;5;0;10;10;20;8;0;0
28;5;0;10;10;20;8;0;0
29;5;0;10;10;20;8;0;0
30;5;0;10;10;20;8;0;0
31;5;0;10;10;20;8;0;0
32;5;0;10;10;20;8;0;0
33;5;0;10;10;20;8;0;0
34;5;0;10;10;20;8;0;0
35;5;0;10;10;20;8;0;0
36;5;0;10;10;20;8;0;0
37;5;0;10;10;20;8;0;0
38;5;0;10;10;20;8;0;0
39;5;0;10;10;20;8;0;0
40;5;0;10;10;20;8;0;0
41;5;0;10;10;20;8;0;0
42;5;0;10;10;20;8;0;0
43;5;0;10;10;20;8;0;0
44;5;0;10;10;20;8;0;0
45;5;0;10;10;20;8;0;0
46;5;0;10;10;20;8;0;0
47;5;0;10;10;20;8;0;0
48;5;0;10;10;20;8;0;0
49;5;0;10;10;20;8;0;0
50;5;0;10;10;20;8;0;0
51;5;0;10;10;20;8;0;0
52;5;0;10;10;20;8;0;0
53;5;0;10;10;20;8;0;0
54;5;0;10;10;20;8;0;0
55;5;0;10;10;20;8;0;0
56;5;0;10;10;20;8;0;0
57;5;0;10;10;20;8;0;0
58;5;0;10;10;20;8;0;0
59;5;0;10;10;20;8;0;0
60;5;0;10;10;20;8;0;0
61;5;0;10;10;20;8;0;0
62;5;0;10;10;20;8;0;0
63;5;0;10;10;20;8;0;0
64;5;0;10;10;20;8;0;0
65;5;0;10;10;20;8;0;0
66;5;0;10;10;20;8;0;0
67;5;0;10;10;20;8;0;0
68;5;0;10;10;20;8;0;0
69;5;0;10;10;20;8;0;0
70;5;0;10;10;20;8;0;0
71;5;0;10;10;20;8;0;0
72;5;0;10;10;20;8;0;0
73;5;0;10;10;20;8;0;0
74;5;0;10;10;20;8;0;0
75;5;0;10;10;20;8;0;0
76;5;0;10;10;20;8;0;0
77;5;0;10;10;20;8;0;0
78;5;0;10;10;20;8;0;0
79;5;0;10;10;20;8;0;0
80;5;0;10;10;20;8;0;0
81;5;0;10;10;20;8;0;0
82;5;0;10;10;20;8;0;0
83;5;0;10;10;20;8;0;0
84;5;0;10;10;20;8;0;0
85;5;0;10;10;20;8;0;0
86;5;0;10;10;20;8;0;0
87;5;0;10;10;20;8;0;0
88;5;0;10;10;20;8;0;0
89;5;0;10;10;20;8;0;0
90;5;0;10;10;20;8;0;0
91;5;0;10;10;20;8;0;0
92;5;0;10;10;20;8;0;0
93;5;0;10;10;20;8;0;0
94;5;0;10;10;20;8;0;0
95;5;0;10;10;20;8;0;0
96;5;0;10;10;20;8;0;0
97;5;0;10;10;20;8;0;0
98;5;0;10;10;20;8;0;0
99;5;0;10;10;20;8;0;0
0;5;0;10;10;20;8;0;0
1;5;0;10;10;20;8;0;0
2;5;0;10;10;20;8;0;0
3;5;0;10;10;20;8;0;0
4;5;0;10;10;20;8;0;0
5;5;0;10;10;20;8;0;0
6;5;0;10;10;20;8;0;0
7;5;0;10;10;20;8;0;0
8;5;0;10;10;20;8;0;0
9;5;0;10;10;20;8;0;0
10;5;0;10;10;20;8;0;0
11;5;0;10;10;20;8;0;0
12;5;0;10;10;20;8;0;0
13;5;0;10;10;20;8;0;0
14;5;0;10;10;20;8;0;0
15;5;0;10;10;20;8;0;0
16;5;0;10;10;20;8;0;0
17;5;0;10;10;20;8;0;0
18;5;0;10;10;20;8;0;0
19;5;0;10;10;20;8;0;0
20;5;0;10;10;20;8;0;0
21;5;0;10;10;20;8;0;0
22;5;0;10;10;20;8;0;0
23;5;0;10;10;20;8;0;0
24;5;0;10;10;20;8;0;0
25;5;0;10;10;20;8;0;0
26;5;0;10;10;20;8;0;0
27;5;0;10;10;20;8;0;0
28;5;0;10;10;20;8;0;0
29;5;0;10;10;20;8;0;0
30;5;0;10;10;20;8;0;0
31;5;0;10;10;20;8;0;0
32;5;0;10;10;20;8;0;0
33;5;0;10;10;20;8;0;0
34;5;0;10;10;20;8;0;0
35;5;0;10;10;20;8;0;0
36;5;0;10;10;20;8;0;0
37;5;0;10;10;20;8;0;0
38;5;0;10;10;20;8;0;0
39;5;0;10;10;20;8;0;0
40;5;0;10;10;20;8;0;0
41;5;0;10;10;20;8;0;0
42;5;0;10;10;20;8;0;0
43;5;0;10;10;20;8;0;0
44;5;0;10;10;20;8;0;0
45;5;0;10;10;20;8;0;0
46;5;0;10;10;20;8;0;0
47;5;0;10;10;20;8;0;0
48;5;0;10;10;20;8;0;0
49;5;0;10;10;20;8;0;0
50;5;0;10;10;20;8;0;0
51;5;0;10;10;20;8;0;0
52;5;0;10;10;20;8;0;0
53;5;0;10;10;20;8;0;0
54;5;0;10;10;20;8;0;0
55;5;0;10;10;20;8;0;0
56;5;0;10;10;20;8;0;0
57;5;0;10;10;20;8;0;0
58;5;0;10;10;20;8;0;0
59;5;0;10;10;20;8;0;0
60;5;0;10;10;20;8;0;0
61;5;0;10;10;20;8;0;0
62;5;0;10;10;20;8;0;0
63;5;0;10;10;20;8;0;0
64;5;0;10;10;20;8;0;0
65;5;0;10;10;20;8;0;0
66;5;0;10;10;20;8;0;0
67;5;0;10;10;20;8;0;0
68;5;0;10;10;20;8;0;0
69;5;0;10;10;20;8;0;0
70;5;0;10;10;20;8;0;0
71;5;0;10;10;20;8;0;0
72;5;0;10;10;20;8;0;0
73;5;0;10;10;20;8;0;0
74;5;0;10;10;20;8;0;0
75;5;0;10;10;20;8;0;0
76;5;0;10;10;20;8;0;0
77;5;0;10;10;20;8;0;0
78;5;0;10;10;20;8;0;0
79;5;0;10;10;20;8;0;0
80;5;0;10;10;20;8;0;0
81;5;0;10;10;20;8;0;0
82;5;0;10;10;20;8;0;0
83;5;0;10;10;20;8;0;0
84;5;0;10;10;20;8;0;0
85;5;0;10;10;20;8;0;0
86;5;0;10;10;20;8;0;0
87;5;0;10;10;20;8;0;0
88;5;0;10;10;20;8;0;0
89;5;0;10;10;20;8;0;0
90;5;0;10;10;20;8;0;0
91;5;0;10;10;20;8;0;0
92;5;0;10;10;20;8;0;0
93;5;0;10;10;20;8;0;0
94;5;0;10;10;20;8;0;0
95;5;0;10;10;20;8;0;0
96;5;0;10;10;20;8;0;0
97;5;0;10;10;20;8;0;0
98;5;0;10;10;20;8;0;0
99;5;0;10;10;20;8;0;0
0;5;0;10;10;20;8;0;0
1;5;0;10;10;20;8;0;0
2;5;0;10;10;20;8;0;0
3;5;7;10;10;20;8;183990;1726178101423146766
4;5;7;10;10;20;8;206495;1726178101433139407
5;5;0;10;10;20;8;0;0
6;5;0;10;10;20;8;0;0
7;5;0;10;10;20;8;0;0
8;5;0;10;10;20;8;0;0
9;5;0;10;10;20;8;0;0
10;5;0;10;10;20;8;0;0
11;5;0;10;10;20;8;0;0
12;5;0;10;10;20;8;0;0
13;5;0;10;10;20;8;0;0
14;5;0;10;10;20;8;0;0
15;5;0;10;10;20;8;0;0
16;5;0;10;10;20;8;0;0
17;5;0;10;10;20;8;0;0
18;5;0;10;10;20;8;0;0
19;5;0;10;10;20;8;0;0
20;5;0;10;10;20;8;0;0
21;5;0;10;10;20;8;0;0
22;5;0;10;10;20;8;0;0
23;5;0;10;10;20;8;0;0
24;5;0;10;10;20;8;0;0
25;5;0;10;10;20;8;0;0
26;5;0;10;10;20;8;0;0
27;5;0;10;10;20;8;0;0
28;5;0;10;10;20;8;0;0
29;5;0;10;10;20;8;0;0
30;5;0;10;10;20;8;0;0
31;5;0;10;10;20;8;0;0
32;5;0;10;10;20;8;0;0
33;5;0;10;10;20;8;0;0
34;5;0;10;10;20;8;0;0
35;5;0;10;10;20;8;0;0
36;5;0;10;10;20;8;0;0
37;5;0;10;10;20;8;0;0
38;5;0;10;10;20;8;0;0
39;5;0;10;10;20;8;0;0
40;5;0;10;10;20;8;0;0
41;5;0;10;10;20;8;0;0
42;5;0;10;10;20;8;0;0
43;5;0;10;10;20;8;0;0
44;5;0;10;10;20;8;0;0
45;5;0;10;10;20;8;0;0
46;5;0;10;10;20;8;0;0
47;5;0;10;10;20;8;0;0
48;5;0;10;10;20;8;0;0
49;5;0;10;10;20;8;0;0
50;5;0;10;10;20;8;0;0
51;5;0;10;10;20;8;0;0
52;5;0;10;10;20;8;0;0
53;5;0;10;10;20;8;0;0
54;5;0;10;10;20;8;0;0
55;5;0;10;10;20;8;0;0
56;5;0;10;10;20;8;0;0
57;5;0;10;10;20;8;0;0
58;5;0;10;10;20;8;0;0
59;5;0;10;10;20;8;0;0
60;5;0;10;10;20;8;0;0
61;5;0;10;10;20;8;0;0
62;5;0;10;10;20;8;0;0
63;5;0;10;10;20;8;0;0
64;5;0;10;10;20;8;0;0
65;5;0;10;10;20;8;0;0
66;5;0;10;10;20;8;0;0
67;5;0;10;10;20;8;0;0
68;5;0;10;10;20;8;0;0
69;5;0;10;10;20;8;0;0
70;5;0;10;10;20;8;0;0
71;5;0;10;10;20;8;0;0
72;5;0;10;10;20;8;0;0
73;5;0;10;10;20;8;0;0
74;5;0;10;10;20;8;0;0
75;5;0;10;10;20;8;0;0
76;5;0;10;10;20;8;0;0
77;5;0;10;10;20;8;0;0
78;5;0;10;10;20;8;0;0
79;5;0;10;10;20;8;0;0
80;5;0;10;10;20;8;0;0
81;5;0;10;10;20;8;0;0
82;5;0;10;10;20;8;0;0
83;5;0;10;10;20;8;0;0
84;5;0;10;10;20;8;0;0
85;5;0;10;10;20;8;0;0
86;5;0;10;10;20;8;0;0
87;5;0;10;10;20;8;0;0
88;5;0;10;10;20;8;0;0
89;5;0;10;10;20;8;0;0
90;5;0;10;10;20;8;0;0
91;5;0;10;10;20;8;0;0
92;5;0;10;10;20;8;0;0
93;5;0;10;10;20;8;0;0
94;5;0;10;10;20;8;0;0
95;5;0;10;10;20;8;0;0
96;5;0;10;10;20;8;0;0
97;5;0;10;10;20;8;0;0
98;5;0;10;10;20;8;0;0
99;5;0;10;10;20;8;0;0
0;5;8;10;10;20;8;278886;1726178101393281067
1;5;0;10;10;20;8;0;0
2;5;0;10;10;20;8;0;0
3;5;0;10;10;20;8;0;0
4;5;0;10;10;20;8;0;0
5;5;0;10;10;20;8;0;0
6;5;0;10;10;20;8;0;0
7;5;0;10;10;20;8;0;0
8;5;0;10;10;20;8;0;0
9;5;0;10;10;20;8;0;0
10;5;0;10;10;20;8;0;0
11;5;0;10;10;20;8;0;0
12;5;0;10;10;20;8;0;0
13;5;0;10;10;20;8;0;0
14;5;0;10;10;20;8;0;0
15;5;0;10;10;20;8;0;0
16;5;0;10;10;20;8;0;0
17;5;0;10;10;20;8;0;0
18;5;0;10;10;20;8;0;0
19;5;0;10;10;20;8;0;0
20;5;0;10;10;20;8;0;0
21;5;0;10;10;20;8;0;0
22;5;0;10;10;20;8;0;0
23;5;0;10;10;20;8;0;0
24;5;0;10;10;20;8;0;0
25;5;0;10;10;20;8;0;0
26;5;0;10;10;20;8;0;0
27;5;0;10;10;20;8;0;0
28;5;0;10;10;20;8;0;0
29;5;0;10;10;20;8;0;0
30;5;0;10;10;20;8;0;0
31;5;0;10;10;20;8;0;0
32;5;0;10;10;20;8;0;0
33;5;0;10;10;20;8;0;0
34;5;0;10;10;20;8;0;0
35;5;0;10;10;20;8;0;0
36;5;0;10;10;20;8;0;0
37;5;0;10;10;20;8;0;0
38;5;0;10;10;20;8;0;0
39;5;0;10;10;20;8;0;0
40;5;0;10;10;20;8;0;0
41;5;0;10;10;20;8;0;0
42;5;0;10;10;20;8;0;0
43;5;0;10;10;20;8;0;0
44;5;0;10;10;20;8;0;0
45;5;0;10;10;20;8;0;0
46;5;8;10;10;20;8;440855;1726178101853125716
47;5;0;10;10;20;8;0;0
48;5;0;10;10;20;8;0;0
49;5;0;10;10;20;8;0;0
50;5;0;10;10;20;8;0;0
51;5;0;10;10;20;8;0;0
52;5;0;10;10;20;8;0;0
53;5;0;10;10;20;8;0;0
54;5;0;10;10;20;8;0;0
55;5;0;10;10;20;8;0;0
56;5;0;10;10;20;8;0;0
57;5;0;10;10;20;8;0;0
58;5;0;10;10;20;8;0;0
59;5;0;10;10;20;8;0;0
60;5;0;10;10;20;8;0;0
61;5;0;10;10;20;8;0;0
62;5;0;10;10;20;8;0;0
63;5;0;10;10;20;8;0;0
64;5;0;10;10;20;8;0;0
65;5;0;10;10;20;8;0;0
66;5;0;10;10;20;8;0;0
67;5;0;10;10;20;8;0;0
68;5;0;10;10;20;8;0;0
69;5;0;10;10;20;8;0;0
70;5;0;10;10;20;8;0;0
71;5;0;10;10;20;8;0;0
72;5;0;10;10;20;8;0;0
73;5;0;10;10;20;8;0;0
74;5;0;10;10;20;8;0;0
75;5;0;10;10;20;8;0;0
76;5;0;10;10;20;8;0;0
77;5;0;10;10;20;8;0;0
78;5;0;10;10;20;8;0;0
79;5;0;10;10;20;8;0;0
80;5;0;10;10;20;8;0;0
81;5;0;10;10;20;8;0;0
82;5;0;10;10;20;8;0;0
83;5;0;10;10;20;8;0;0
84;5;0;10;10;20;8;0;0
85;5;0;10;10;20;8;0;0
86;5;0;10;10;20;8;0;0
87;5;0;10;10;20;8;0;0
88;5;0;10;10;20;8;0;0
89;5;0;10;10;20;8;0;0
90;5;0;10;10;20;8;0;0
91;5;0;10;10;20;8;0;0
92;5;0;10;10;20;8;0;0
93;5;0;10;10;20;8;0;0
94;5;0;10;10;20;8;0;0
95;5;0;10;10;20;8;0;0
96;5;0;10;10;20;8;0;0
97;5;0;10;10;20;8;0;0
98;5;0;10;10;20;8;0;0
99;5;0;10;10;20;8;0;0
0;5;0;10;10;20;8;0;0
1;5;0;10;10;20;8;0;0
2;5;9;10;10;20;8;269349;1726178101413330861
3;5;0;10;10;20;8;0;0
4;5;0;10;10;20;8;0;0
5;5;0;10;10;20;8;0;0
6;5;9;10;10;20;8;165805;1726178101453074579
7;5;0;10;10;20;8;0;0
8;5;0;10;10;20;8;0;0
9;5;0;10;10;20;8;0;0
10;5;0;10;10;20;8;0;0
11;5;0;10;10;20;8;0;0
12;5;0;10;10;20;8;0;0
13;5;0;10;10;20;8;0;0
14;5;0;10;10;20;8;0;0
15;5;0;10;10;20;8;0;0
16;5;0;10;10;20;8;0;0
17;5;0;10;10;20;8;0;0
18;5;0;10;10;20;8;0;0
19;5;0;10;10;20;8;0;0
20;5;0;10;10;20;8;0;0
21;5;0;10;10;20;8;0;0
22;5;0;10;10;20;8;0;0
23;5;0;10;10;20;8;0;0
24;5;0;10;10;20;8;0;0
25;5;0;10;10;20;8;0;0
26;5;0;10;10;20;8;0;0
27;5;0;10;10;20;8;0;0
28;5;0;10;10;20;8;0;0
29;5;0;10;10;20;8;0;0
30;5;0;10;10;20;8;0;0
31;5;0;10;10;20;8;0;0
32;5;0;10;10;20;8;0;0
33;5;0;10;10;20;8;0;0
34;5;0;10;10;20;8;0;0
35;5;0;10;10;20;8;0;0
36;5;0;10;10;20;8;0;0
37;5;0;10;10;20;8;0;0
38;5;0;10;10;20;8;0;0
39;5;0;10;10;20;8;0;0
40;5;0;10;10;20;8;0;0
41;5;0;10;10;20;8;0;0
42;5;0;10;10;20;8;0;0
43;5;0;10;10;20;8;0;0
44;5;0;10;10;20;8;0;0
45;5;0;10;10;20;8;0;0
46;5;0;10;10;20;8;0;0
47;5;0;10;10;20;8;0;0
48;5;0;10;10;20;8;0;0
49;5;0;10;10;20;8;0;0
50;5;0;10;10;20;8;0;0
51;5;0;10;10;20;8;0;0
52;5;0;10;10;20;8;0;0
53;5;0;10;10;20;8;0;0
54;5;0;10;10;20;8;0;0
55;5;0;10;10;20;8;0;0
56;5;0;10;10;20;8;0;0
57;5;0;10;10;20;8;0;0
58;5;0;10;10;20;8;0;0
59;5;0;10;10;20;8;0;0
60;5;0;10;10;20;8;0;0
61;5;0;10;10;20;8;0;0
62;5;9;10;10;20;8;183959;1726178102013140710
63;5;0;10;10;20;8;0;0
64;5;0;10;10;20;8;0;0
65;5;0;10;10;20;8;0;0
66;5;0;10;10;20;8;0;0
67;5;0;10;10;20;8;0;0
68;5;0;10;10;20;8;0;0
69;5;0;10;10;20;8;0;0
70;5;0;10;10;20;8;0;0
71;5;0;10;10;20;8;0;0
72;5;0;10;10;20;8;0;0
73;5;0;10;10;20;8;0;0
74;5;0;10;10;20;8;0;0
75;5;0;10;10;20;8;0;0
76;5;0;10;10;20;8;0;0
77;5;0;10;10;20;8;0;0
78;5;0;10;10;20;8;0;0
79;5;0;10;10;20;8;0;0
80;5;0;10;10;20;8;0;0
81;5;0;10;10;20;8;0;0
82;5;0;10;10;20;8;0;0
83;5;0;10;10;20;8;0;0
84;5;0;10;10;20;8;0;0
85;5;0;10;10;20;8;0;0
86;5;0;10;10;20;8;0;0
87;5;0;10;10;20;8;0;0
88;5;0;10;10;20;8;0;0
89;5;0;10;10;20;8;0;0
90;5;0;10;10;20;8;0;0
91;5;0;10;10;20;8;0;0
92;5;0;10;10;20;8;0;0
93;5;0;10;10;20;8;0;0
94;5;0;10;10;20;8;0;0
95;5;0;10;10;20;8;0;0
96;5;0;10;10;20;8;0;0
97;5;0;10;10;20;8;0;0
98;5;0;10;10;20;8;0;0
99;5;0;10;10;20;8;0;0
0;5;10;10;10;20;8;432954;1726178101393323332
1;5;10;10;10;20;8;290772;1726178101403338379
2;5;10;10;10;20;8;459874;1726178101413342275
3;5;10;10;10;20;8;321754;1726178101423197303
4;5;10;10;10;20;8;331509;1726178101433182595
5;5;10;10;10;20;8;158871;1726178101443169908
6;5;10;10;10;20;8;326646;1726178101453084326
7;5;10;10;10;20;8;154880;1726178101463143460
8;5;10;10;10;20;8;188087;1726178101473144057
9;5;10;10;10;20;8;166460;1726178101483153260
10;5;10;10;10;20;8;164280;1726178101493148363
11;5;10;10;10;20;8;190069;1726178101503159692
12;5;10;10;10;20;8;159109;1726178101513158328
13;5;10;10;10;20;8;171181;1726178101523134006
14;5;10;10;10;20;8;176807;1726178101533144548
15;5;10;10;10;20;8;142598;1726178101543172922
16;5;10;10;10;20;8;532024;1726178101553155327
17;5;10;10;10;20;8;150005;1726178101563163703
18;5;10;10;10;20;8;153972;1726178101573162484
19;5;10;10;10;20;8;215903;1726178101583147111
20;5;10;10;10;20;8;168279;1726178101593083895
21;5;10;10;10;20;8;172569;1726178101603155050
22;5;10;10;10;20;8;168088;1726178101613155814
23;5;10;10;10;20;8;163144;1726178101623147069
24;5;10;10;10;20;8;170500;1726178101633155962
25;5;10;10;10;20;8;187080;1726178101643153677
26;5;10;10;10;20;8;396419;1726178101653155813
27;5;10;10;10;20;8;148806;1726178101663159130
28;5;10;10;10;20;8;168067;1726178101673143085
29;5;10;10;10;20;8;212061;1726178101683136709
30;5;10;10;10;20;8;195499;1726178101693145102
31;5;10;10;10;20;8;167318;1726178101703175061
32;5;10;10;10;20;8;167166;1726178101713145858
33;5;10;10;10;20;8;176509;1726178101723144966
34;5;10;10;10;20;8;183426;1726178101733149963
35;5;10;10;10;20;8;189960;1726178101743139541
36;5;10;10;10;20;8;459510;1726178101753179002
37;5;10;10;10;20;8;156613;1726178101763171091
38;5;10;10;10;20;8;135436;1726178101773189544
39;5;10;10;10;20;8;202826;1726178101783173382
40;5;10;10;10;20;8;142124;1726178101793198501
41;5;10;10;10;20;8;163304;1726178101803183498
42;5;10;10;10;20;8;168788;1726178101813176980
43;5;10;10;10;20;8;165995;1726178101823190462
44;5;10;10;10;20;8;139029;1726178101833187376
45;5;10;10;10;20;8;156410;1726178101843185754
46;5;10;10;10;20;8;570954;1726178101853157348
47;5;10;10;10;20;8;148827;1726178101863160165
48;5;10;10;10;20;8;182778;1726178101873144915
49;5;10;10;10;20;8;201453;1726178101883145985
50;5;10;10;10;20;8;160806;1726178101893148149
51;5;10;10;10;20;8;172240;1726178101903147615
52;5;10;10;10;20;8;162504;1726178101913147165
53;5;10;10;10;20;8;175409;1726178101923147141
54;5;10;10;10;20;8;176196;1726178101933149037
55;5;10;10;10;20;8;177699;1726178101943150870
56;5;10;10;10;20;8;388578;1726178101953143241
57;5;10;10;10;20;8;179495;1726178101963149816
58;5;10;10;10;20;8;172101;1726178101973159692
59;5;10;10;10;20;8;189236;1726178101983154243
60;5;10;10;10;20;8;172472;1726178101993155034
61;5;10;10;10;20;8;186152;1726178102003154560
62;5;10;10;10;20;8;343963;1726178102013148018
63;5;10;10;10;20;8;186036;1726178102023152069
64;5;10;10;10;20;8;185466;1726178102033157056
65;5;10;10;10;20;8;189102;1726178102043137771
66;5;10;10;10;20;8;441820;1726178102053175842
67;5;10;10;10;20;8;153096;1726178102063172964
68;5;10;10;10;20;8;143935;1726178102073189528
69;5;10;10;10;20;8;179684;1726178102083187694
70;5;10;10;10;20;8;154891;1726178102093169142
71;5;10;10;10;20;8;112750;1726178102103211332
72;5;10;10;10;20;8;149068;1726178102113176743
73;5;10;10;10;20;8;160089;1726178102123180224
74;5;10;10;10;20;8;154475;1726178102133183764
75;5;10;10;10;20;8;167745;1726178102143180914
76;5;10;10;10;20;8;446142;1726178102153187384
77;5;10;10;10;20;8;168799;1726178102163176200
78;5;10;10;10;20;8;170171;1726178102173177170
79;5;10;10;10;20;8;207348;1726178102183174923
80;5;10;10;10;20;8;149700;1726178102193176823
81;5;10;10;10;20;8;164341;1726178102203183462
82;5;10;10;10;20;8;159877;1726178102213181014
83;5;10;10;10;20;8;143875;1726178102223181298
84;5;10;10;10;20;8;169535;1726178102233179617
85;5;10;10;10;20;8;164472;1726178102243179762
86;5;10;10;10;20;8;380053;1726178102253181576
87;5;10;10;10;20;8;149153;1726178102263178061
88;5;10;10;10;20;8;204290;1726178102273176744
89;5;10;10;10;20;8;191875;1726178102283187913
90;5;10;10;10;20;8;146829;1726178102293178498
91;5;10;10;10;20;8;184006;1726178102303179633
92;5;10;10;10;20;8;166333;1726178102313180383
93;5;10;10;10;20;8;150713;1726178102323187530
94;5;10;10;10;20;8;151439;1726178102333178615
95;5;10;10;10;20;8;171803;1726178102343187588
96;5;10;10;10;20;8;414219;1726178102353145630
97;5;10;10;10;20;8;176825;1726178102363140483
98;5;10;10;10;20;8;148776;1726178102373158562
99;5;10;10;10;20;8;239549;1726178102383144510
0;5;11;10;10;20;8;582635;1726178101393332010
1;5;11;10;10;20;8;489211;1726178101403352636
2;5;11;10;10;20;8;607115;1726178101413354727
3;5;11;10;10;20;8;471387;1726178101423206659
4;5;11;10;10;20;8;481577;1726178101433192032
5;5;11;10;10;20;8;317788;1726178101443176692
6;5;11;10;10;20;8;483802;1726178101453091595
7;5;11;10;10;20;8;316503;1726178101463150813
8;5;11;10;10;20;8;343995;1726178101473157072
9;5;11;10;10;20;8;331166;1726178101483158272
10;5;11;10;10;20;8;329345;1726178101493153863
11;5;11;10;10;20;8;354019;1726178101503166253
12;5;11;10;10;20;8;319847;1726178101513166296
13;5;11;10;10;20;8;334969;1726178101523140722
14;5;11;10;10;20;8;340029;1726178101533152711
15;5;11;10;10;20;8;307142;1726178101543177771
16;5;11;10;10;20;8;674582;1726178101553173317
17;5;11;10;10;20;8;307762;1726178101563171382
18;5;11;10;10;20;8;314823;1726178101573166908
19;5;11;10;10;20;8;378382;1726178101583151474
20;5;11;10;10;20;8;325640;1726178101593091424
21;5;11;10;10;20;8;331965;1726178101603162160
22;5;11;10;10;20;8;327157;1726178101613162717
23;5;11;10;10;20;8;325168;1726178101623150364
24;5;11;10;10;20;8;326204;1726178101633165392
25;5;11;10;10;20;8;339568;1726178101643166885
26;5;11;10;10;20;8;533319;1726178101653180211
27;5;11;10;10;20;8;310448;1726178101663162644
28;5;11;10;10;20;8;327088;1726178101673148925
29;5;11;10;10;20;8;372992;1726178101683140247
30;5;11;10;10;20;8;356353;1726178101693149229
31;5;11;10;10;20;8;320979;1726178101703187616
32;5;11;10;10;20;8;325950;1726178101713152392
33;5;11;10;10;20;8;334801;1726178101723152763
34;5;11;10;10;20;8;343621;1726178101733154707
35;5;11;10;10;20;8;352317;1726178101743143074
36;5;11;10;10;20;8;613007;1726178101753185336
37;5;11;10;10;20;8;326660;1726178101763174983
38;5;11;10;10;20;8;305140;1726178101773194280
39;5;11;10;10;20;8;374094;1726178101783176591
40;5;11;10;10;20;8;311069;1726178101793203104
41;5;11;10;10;20;8;329175;1726178101803194759
42;5;11;10;10;20;8;336178;1726178101813183230
43;5;11;10;10;20;8;338123;1726178101823194699
44;5;11;10;10;20;8;308350;1726178101833190863
45;5;11;10;10;20;8;326174;1726178101843190310
46;5;11;10;10;20;8;719713;1726178101853166241
47;5;11;10;10;20;8;307437;1726178101863166665
48;5;11;10;10;20;8;343491;1726178101873148318
49;5;11;10;10;20;8;358024;1726178101883155748
50;5;11;10;10;20;8;321140;1726178101893152518
51;5;11;10;10;20;8;335265;1726178101903150999
52;5;11;10;10;20;8;324637;1726178101913150960
53;5;11;10;10;20;8;337570;1726178101923150262
54;5;11;10;10;20;8;339065;1726178101933152379
55;5;11;10;10;20;8;341188;1726178101943154286
56;5;11;10;10;20;8;538849;1726178101953152621
57;5;11;10;10;20;8;337586;1726178101963156861
58;5;11;10;10;20;8;328587;1726178101973166809
59;5;11;10;10;20;8;350403;1726178101983159242
60;5;11;10;10;20;8;334759;1726178101993158340
61;5;11;10;10;20;8;334717;1726178102003170871
62;5;11;10;10;20;8;494175;1726178102013156365
63;5;11;10;10;20;8;347885;1726178102023155230
64;5;11;10;10;20;8;341403;1726178102033167035
65;5;11;10;10;20;8;350628;1726178102043141239
66;5;11;10;10;20;8;595891;1726178102053182287
67;5;11;10;10;20;8;322464;1726178102063176970
68;5;11;10;10;20;8;314376;1726178102073195719
69;5;11;10;10;20;8;349992;1726178102083191764
70;5;11;10;10;20;8;312714;1726178102093175658
71;5;11;10;10;20;8;284859;1726178102103215580
72;5;11;10;10;20;8;315839;1726178102113187101
73;5;11;10;10;20;8;328899;1726178102123186356
74;5;11;10;10;20;8;324004;1726178102133187269
75;5;11;10;10;20;8;333140;1726178102143191570
76;5;11;10;10;20;8;578395;1726178102153215638
77;5;11;10;10;20;8;340684;1726178102163179804
78;5;11;10;10;20;8;339550;1726178102173183215
79;5;11;10;10;20;8;360683;1726178102183185434
80;5;11;10;10;20;8;311258;1726178102193181048
81;5;11;10;10;20;8;333982;1726178102203189561
82;5;11;10;10;20;8;331052;1726178102213185906
83;5;11;10;10;20;8;314859;1726178102223185783
84;5;11;10;10;20;8;338226;1726178102233183768
85;5;11;10;10;20;8;332728;1726178102243187277
86;5;11;10;10;20;8;536388;1726178102253186063
87;5;11;10;10;20;8;319207;1726178102263183940
88;5;11;10;10;20;8;370925;1726178102273183357
89;5;11;10;10;20;8;353471;1726178102283191761
90;5;11;10;10;20;8;315722;1726178102293184614
91;5;11;10;10;20;8;339154;1726178102303185596
92;5;11;10;10;20;8;330884;1726178102313188072
93;5;11;10;10;20;8;322836;1726178102323192258
94;5;11;10;10;20;8;306642;1726178102333188712
95;5;11;10;10;20;8;340101;1726178102343194579
96;5;11;10;10;20;8;567462;1726178102353152715
97;5;11;10;10;20;8;340022;1726178102363143680
98;5;11;10;10;20;8;300056;1726178102373173269
99;5;11;10;10;20;8;465539;1726178102383152599
0;5;12;10;10;20;8;725546;1726178101393345922
1;5;12;10;10;20;8;639342;1726178101403363582
2;5;12;10;10;20;8;751914;1726178101413367811
3;5;12;10;10;20;8;639047;1726178101423215062
4;5;12;10;10;20;8;634938;1726178101433196449
5;5;12;10;10;20;8;473048;1726178101443180365
6;5;12;10;10;20;8;642136;1726178101453095431
7;5;12;10;10;20;8;468558;1726178101463161126
8;5;12;10;10;20;8;503148;1726178101473160913
9;5;12;10;10;20;8;487611;1726178101483164691
10;5;12;10;10;20;8;484972;1726178101493161816
11;5;12;10;10;20;8;509983;1726178101503173459
12;5;12;10;10;20;8;477274;1726178101513171635
13;5;12;10;10;20;8;490594;1726178101523147579
14;5;12;10;10;20;8;495305;1726178101533160765
15;5;12;10;10;20;8;465713;1726178101543181324
16;5;12;10;10;20;8;803621;1726178101553202013
17;5;12;10;10;20;8;453345;1726178101563185169
18;5;12;10;10;20;8;470137;1726178101573170356
19;5;12;10;10;20;8;531631;1726178101583156604
20;5;12;10;10;20;8;472251;1726178101593103867
21;5;12;10;10;20;8;484506;1726178101603168908
22;5;12;10;10;20;8;478007;1726178101613170005
23;5;12;10;10;20;8;479991;1726178101623153736
24;5;12;10;10;20;8;480563;1726178101633170504
25;5;12;10;10;20;8;489673;1726178101643174951
26;5;12;10;10;20;8;685907;1726178101653185566
27;5;12;10;10;20;8;461845;1726178101663168678
28;5;12;10;10;20;8;478047;1726178101673157209
29;5;12;10;10;20;8;510056;1726178101683161615
30;5;12;10;10;20;8;503087;1726178101693159661
31;5;12;10;10;20;8;474998;1726178101703192433
32;5;12;10;10;20;8;476546;1726178101713160860
33;5;12;10;10;20;8;483215;1726178101723163399
34;5;12;10;10;20;8;492874;1726178101733163141
35;5;12;10;10;20;8;498771;1726178101743154633
36;5;12;10;10;20;8;764320;1726178101753191418
37;5;12;10;10;20;8;471120;1726178101763185007
38;5;12;10;10;20;8;457754;1726178101773198032
39;5;12;10;10;20;8;555333;1726178101783180168
40;5;12;10;10;20;8;463277;1726178101793206465
41;5;12;10;10;20;8;474143;1726178101803204605
42;5;12;10;10;20;8;484236;1726178101813190108
43;5;12;10;10;20;8;486257;1726178101823201959
44;5;12;10;10;20;8;460323;1726178101833194102
45;5;12;10;10;20;8;475564;1726178101843196048
46;5;12;10;10;20;8;869097;1726178101853173916
47;5;12;10;10;20;8;460644;1726178101863172627
48;5;12;10;10;20;8;499111;1726178101873151664
49;5;12;10;10;20;8;509139;1726178101883162644
50;5;12;10;10;20;8;475822;1726178101893156590
51;5;12;10;10;20;8;490866;1726178101903154335
52;5;12;10;10;20;8;477326;1726178101913159244
53;5;12;10;10;20;8;493511;1726178101923154217
54;5;12;10;10;20;8;494307;1726178101933156404
55;5;12;10;10;20;8;497706;1726178101943157683
56;5;12;10;10;20;8;693674;1726178101953156368
57;5;12;10;10;20;8;487997;1726178101963166122
58;5;12;10;10;20;8;481403;1726178101973173075
59;5;12;10;10;20;8;501950;1726178101983166383
60;5;12;10;10;20;8;489336;1726178101993162107
61;5;12;10;10;20;8;489380;1726178102003175437
62;5;12;10;10;20;8;644627;1726178102013163426
63;5;12;10;10;20;8;503511;1726178102023158993
64;5;12;10;10;20;8;490019;1726178102033176509
65;5;12;10;10;20;8;506446;1726178102043144529
66;5;12;10;10;20;8;720910;1726178102053215189
67;5;12;10;10;20;8;469006;1726178102063184366
68;5;12;10;10;20;8;463736;1726178102073202112
69;5;12;10;10;20;8;500764;1726178102083196092
70;5;12;10;10;20;8;465154;1726178102093182339
71;5;12;10;10;20;8;436399;1726178102103219469
72;5;12;10;10;20;8;467297;1726178102113191661
73;5;12;10;10;20;8;477354;1726178102123193844
74;5;12;10;10;20;8;474424;1726178102133190502
75;5;12;10;10;20;8;481263;1726178102143197512
76;5;12;10;10;20;8;726022;1726178102153225316
77;5;12;10;10;20;8;489708;1726178102163185932
78;5;12;10;10;20;8;488488;1726178102173189235
79;5;12;10;10;20;8;525208;1726178102183193031
80;5;12;10;10;20;8;462888;1726178102193188640
81;5;12;10;10;20;8;479895;1726178102203199859
82;5;12;10;10;20;8;479790;1726178102213192017
83;5;12;10;10;20;8;461627;1726178102223193604
84;5;12;10;10;20;8;488103;1726178102233187784
85;5;12;10;10;20;8;482896;1726178102243191129
86;5;12;10;10;20;8;691373;1726178102253189819
87;5;12;10;10;20;8;465719;1726178102263190577
88;5;12;10;10;20;8;519138;1726178102273189344
89;5;12;10;10;20;8;519451;1726178102283197450
90;5;12;10;10;20;8;461651;1726178102293194652
91;5;12;10;10;20;8;489063;1726178102303190366
92;5;12;10;10;20;8;480239;1726178102313192621
93;5;12;10;10;20;8;472747;1726178102323198369
94;5;12;10;10;20;8;462325;1726178102333192718
95;5;12;10;10;20;8;491218;1726178102343199205
96;5;12;10;10;20;8;718228;1726178102353160281
97;5;12;10;10;20;8;487430;1726178102363154941
98;5;12;10;10;20;8;454655;1726178102373177584
99;5;12;10;10;20;8;684598;1726178102383161734
0;5;13;10;10;20;8;872528;1726178101393356014
1;5;13;10;10;20;8;787959;1726178101403373613
2;5;13;10;10;20;8;896952;1726178101413380581
3;5;13;10;10;20;8;786458;1726178101423224781
4;5;13;10;10;20;8;786679;1726178101433203197
5;5;13;10;10;20;8;638218;1726178101443188345
6;5;13;10;10;20;8;820451;1726178101453101983
7;5;13;10;10;20;8;632024;1726178101463167385
8;5;13;10;10;20;8;656958;1726178101473168316
9;5;13;10;10;20;8;656765;1726178101483173099
10;5;13;10;10;20;8;640156;1726178101493168165
11;5;13;10;10;20;8;684388;1726178101503180216
12;5;13;10;10;20;8;631558;1726178101513178558
13;5;13;10;10;20;8;666995;1726178101523153995
14;5;13;10;10;20;8;649681;1726178101533167925
15;5;13;10;10;20;8;638873;1726178101543185201
16;5;13;10;10;20;8;954711;1726178101553209054
17;5;13;10;10;20;8;647536;1726178101563192946
18;5;13;10;10;20;8;624714;1726178101573173788
19;5;13;10;10;20;8;701024;1726178101583163739
20;5;13;10;10;20;8;637321;1726178101593112833
21;5;13;10;10;20;8;681368;1726178101603177836
22;5;13;10;10;20;8;625509;1726178101613179807
23;5;13;10;10;20;8;649986;1726178101623157138
24;5;13;10;10;20;8;631226;1726178101633178696
25;5;13;10;10;20;8;655707;1726178101643181509
26;5;13;10;10;20;8;840694;1726178101653189321
27;5;13;10;10;20;8;637500;1726178101663175423
28;5;13;10;10;20;8;625958;1726178101673166266
29;5;13;10;10;20;8;666408;1726178101683169514
30;5;13;10;10;20;8;651316;1726178101693166778
31;5;13;10;10;20;8;645882;1726178101703196259
32;5;13;10;10;20;8;625874;1726178101713169913
33;5;13;10;10;20;8;645567;1726178101723174128
34;5;13;10;10;20;8;644181;1726178101733169726
35;5;13;10;10;20;8;666728;1726178101743162830
36;5;13;10;10;20;8;891964;1726178101753221793
37;5;13;10;10;20;8;671919;1726178101763188704
38;5;13;10;10;20;8;609405;1726178101773201433
39;5;13;10;10;20;8;720393;1726178101783183976
40;5;13;10;10;20;8;613914;1726178101793209553
41;5;13;10;10;20;8;632505;1726178101803208759
42;5;13;10;10;20;8;631566;1726178101813196327
43;5;13;10;10;20;8;656448;1726178101823208711
44;5;13;10;10;20;8;611396;1726178101833197688
45;5;13;10;10;20;8;661942;1726178101843206616
46;5;13;10;10;20;8;1014532;1726178101853185099
47;5;13;10;10;20;8;674837;1726178101863183951
48;5;13;10;10;20;8;644830;1726178101873163581
49;5;13;10;10;20;8;671705;1726178101883166444
50;5;13;10;10;20;8;630655;1726178101893160079
51;5;13;10;10;20;8;653368;1726178101903165906
52;5;13;10;10;20;8;629132;1726178101913166108
53;5;13;10;10;20;8;665082;1726178101923157504
54;5;13;10;10;20;8;648801;1726178101933160221
55;5;13;10;10;20;8;659078;1726178101943171650
56;5;13;10;10;20;8;843912;1726178101953163780
57;5;13;10;10;20;8;658005;1726178101963170142
58;5;13;10;10;20;8;627808;1726178101973184375
59;5;13;10;10;20;8;671994;1726178101983170384
60;5;13;10;10;20;8;642380;1726178101993165403
61;5;13;10;10;20;8;650998;1726178102003179198
62;5;13;10;10;20;8;794268;1726178102013171140
63;5;13;10;10;20;8;673573;1726178102023162210
64;5;13;10;10;20;8;640944;1726178102033183172
65;5;13;10;10;20;8;663514;1726178102043152543
66;5;13;10;10;20;8;869488;1726178102053223660
67;5;13;10;10;20;8;659170;1726178102063191042
68;5;13;10;10;20;8;612245;1726178102073208528
69;5;13;10;10;20;8;683961;1726178102083202550
70;5;13;10;10;20;8;615445;1726178102093188313
71;5;13;10;10;20;8;632006;1726178102103225073
72;5;13;10;10;20;8;614164;1726178102113198179
73;5;13;10;10;20;8;643396;1726178102123198426
74;5;13;10;10;20;8;624261;1726178102133194070
75;5;13;10;10;20;8;645960;1726178102143204020
76;5;13;10;10;20;8;870636;1726178102153237839
77;5;13;10;10;20;8;679438;1726178102163194206
78;5;13;10;10;20;8;637308;1726178102173195853
79;5;13;10;10;20;8;688560;1726178102183200785
80;5;13;10;10;20;8;615639;1726178102193193372
81;5;13;10;10;20;8;665893;1726178102203204115
82;5;13;10;10;20;8;622553;1726178102213203416
83;5;13;10;10;20;8;624599;1726178102223200112
84;5;13;10;10;20;8;635285;1726178102233194523
85;5;13;10;10;20;8;644586;1726178102243197484
86;5;13;10;10;20;8;820687;1726178102253218108
87;5;13;10;10;20;8;655163;1726178102263196721
88;5;13;10;10;20;8;664594;1726178102273197684
89;5;13;10;10;20;8;671698;1726178102283207544
90;5;13;10;10;20;8;613204;1726178102293198844
91;5;13;10;10;20;8;653520;1726178102303196886
92;5;13;10;10;20;8;627325;1726178102313198977
93;5;13;10;10;20;8;662718;1726178102323205284
94;5;13;10;10;20;8;624779;1726178102333196615
95;5;13;10;10;20;8;683193;1726178102343205107
96;5;13;10;10;20;8;837780;1726178102353198018
97;5;13;10;10;20;8;697538;1726178102363159126
98;5;13;10;10;20;8;609243;1726178102373180983
99;5;13;10;10;20;8;913578;1726178102383175746
0;5;14;10;10;20;8;1019542;1726178101393365772
1;5;14;10;10;20;8;935584;1726178101403385381
2;5;14;10;10;20;8;1029577;1726178101413406338
3;5;14;10;10;20;8;931557;1726178101423236760
4;5;14;10;10;20;8;929645;1726178101433216511
5;5;14;10;10;20;8;789789;1726178101443194296
6;5;14;10;10;20;8;982258;1726178101453108597
7;5;14;10;10;20;8;788388;1726178101463173463
8;5;14;10;10;20;8;811445;1726178101473174620
9;5;14;10;10;20;8;814697;1726178101483177313
10;5;14;10;10;20;8;790508;1726178101493179709
11;5;14;10;10;20;8;839399;1726178101503187239
12;5;14;10;10;20;8;785960;1726178101513185824
13;5;14;10;10;20;8;818938;1726178101523164728
14;5;14;10;10;20;8;803807;1726178101533174430
15;5;14;10;10;20;8;796838;1726178101543188964
16;5;14;10;10;20;8;1108175;1726178101553213114
17;5;14;10;10;20;8;802011;1726178101563198449
18;5;14;10;10;20;8;778087;1726178101573177356
19;5;14;10;10;20;8;846488;1726178101583174383
20;5;14;10;10;20;8;791271;1726178101593116506
21;5;14;10;10;20;8;833063;1726178101603184550
22;5;14;10;10;20;8;779616;1726178101613183753
23;5;14;10;10;20;8;799779;1726178101623165205
24;5;14;10;10;20;8;783003;1726178101633184729
25;5;14;10;10;20;8;807482;1726178101643187323
26;5;14;10;10;20;8;994279;1726178101653192684
27;5;14;10;10;20;8;791914;1726178101663180175
28;5;14;10;10;20;8;778680;1726178101673170094
29;5;14;10;10;20;8;817158;1726178101683175950
30;5;14;10;10;20;8;801552;1726178101693171585
31;5;14;10;10;20;8;801191;1726178101703199891
32;5;14;10;10;20;8;776085;1726178101713176728
33;5;14;10;10;20;8;799859;1726178101723178099
34;5;14;10;10;20;8;794290;1726178101733177337
35;5;14;10;10;20;8;820684;1726178101743166770
36;5;14;10;10;20;8;1042886;1726178101753227907
37;5;14;10;10;20;8;821284;1726178101763194529
38;5;14;10;10;20;8;759453;1726178101773204756
39;5;14;10;10;20;8;869931;1726178101783187553
40;5;14;10;10;20;8;764430;1726178101793213204
41;5;14;10;10;20;8;782345;1726178101803212306
42;5;14;10;10;20;8;777769;1726178101813203694
43;5;14;10;10;20;8;803689;1726178101823212603
44;5;14;10;10;20;8;761485;1726178101833201291
45;5;14;10;10;20;8;825067;1726178101843210193
46;5;14;10;10;20;8;1163754;1726178101853192308
47;5;14;10;10;20;8;827873;1726178101863188865
48;5;14;10;10;20;8;794474;1726178101873171114
49;5;14;10;10;20;8;822228;1726178101883173526
50;5;14;10;10;20;8;779167;1726178101893168541
51;5;14;10;10;20;8;801438;1726178101903176548
52;5;14;10;10;20;8;777475;1726178101913176057
53;5;14;10;10;20;8;820778;1726178101923161079
54;5;14;10;10;20;8;797342;1726178101933168628
55;5;14;10;10;20;8;813634;1726178101943176818
56;5;14;10;10;20;8;996526;1726178101953168059
57;5;14;10;10;20;8;813731;1726178101963173652
58;5;14;10;10;20;8;780836;1726178101973188592
59;5;14;10;10;20;8;822647;1726178101983176881
60;5;14;10;10;20;8;797218;1726178101993168947
61;5;14;10;10;20;8;804878;1726178102003182739
62;5;14;10;10;20;8;945894;1726178102013177630
63;5;14;10;10;20;8;826538;1726178102023165825
64;5;14;10;10;20;8;791423;1726178102033189252
65;5;14;10;10;20;8;816649;1726178102043156820
66;5;14;10;10;20;8;1019039;1726178102053229451
67;5;14;10;10;20;8;806967;1726178102063197025
68;5;14;10;10;20;8;758512;1726178102073214879
69;5;14;10;10;20;8;825984;1726178102083213696
70;5;14;10;10;20;8;766233;1726178102093194576
71;5;14;10;10;20;8;779605;1726178102103231596
72;5;14;10;10;20;8;762003;1726178102113203978
73;5;14;10;10;20;8;790900;1726178102123204625
74;5;14;10;10;20;8;772970;1726178102133197613
75;5;14;10;10;20;8;792808;1726178102143210201
76;5;14;10;10;20;8;1023597;1726178102153242287
77;5;14;10;10;20;8;828625;1726178102163197959
78;5;14;10;10;20;8;786277;1726178102173200548
79;5;14;10;10;20;8;837432;1726178102183204658
80;5;14;10;10;20;8;759310;1726178102193205760
81;5;14;10;10;20;8;814478;1726178102203209666
82;5;14;10;10;20;8;770128;1726178102213209103
83;5;14;10;10;20;8;771446;1726178102223206586
84;5;14;10;10;20;8;782593;1726178102233200868
85;5;14;10;10;20;8;789460;1726178102243205100
86;5;14;10;10;20;8;970519;1726178102253224613
87;5;14;10;10;20;8;803123;1726178102263202429
88;5;14;10;10;20;8;814114;1726178102273201390
89;5;14;10;10;20;8;823573;1726178102283211602
90;5;14;10;10;20;8;759964;1726178102293204979
91;5;14;10;10;20;8;799241;1726178102303204175
92;5;14;10;10;20;8;774325;1726178102313205072
93;5;14;10;10;20;8;812072;1726178102323210867
94;5;14;10;10;20;8;771841;1726178102333202929
95;5;14;10;10;20;8;843143;1726178102343211410
96;5;14;10;10;20;8;990707;1726178102353202226
97;5;14;10;10;20;8;849405;1726178102363166526
98;5;14;10;10;20;8;762676;1726178102373184505
99;5;14;10;10;20;8;1085987;1726178102383180252
0;5;15;10;10;20;8;1167004;1726178101393376077
1;5;15;10;10;20;8;1076272;1726178101403403718
2;5;15;10;10;20;8;1172961;1726178101413420490
3;5;15;10;10;20;8;1079555;1726178101423245261
4;5;15;10;10;20;8;1081954;1726178101433221518
5;5;15;10;10;20;8;958450;1726178101443197883
6;5;15;10;10;20;8;1136974;1726178101453114996
7;5;15;10;10;20;8;945124;1726178101463179962
8;5;15;10;10;20;8;964514;1726178101473182042
9;5;15;10;10;20;8;971208;1726178101483181931
10;5;15;10;10;20;8;947547;1726178101493184265
11;5;15;10;10;20;8;995905;1726178101503192352
12;5;15;10;10;20;8;938357;1726178101513195264
13;5;15;10;10;20;8;975503;1726178101523168624
14;5;15;10;10;20;8;957998;1726178101533180980
15;5;15;10;10;20;8;962715;1726178101543192913
16;5;15;10;10;20;8;1261433;1726178101553216726
17;5;15;10;10;20;8;954133;1726178101563204887
18;5;15;10;10;20;8;933317;1726178101573180717
19;5;15;10;10;20;8;995100;1726178101583181308
20;5;15;10;10;20;8;942939;1726178101593120338
21;5;15;10;10;20;8;984444;1726178101603190824
22;5;15;10;10;20;8;933458;1726178101613188148
23;5;15;10;10;20;8;953315;1726178101623169313
24;5;15;10;10;20;8;929051;1726178101633196201
25;5;15;10;10;20;8;958422;1726178101643193568
26;5;15;10;10;20;8;1123978;1726178101653220470
27;5;15;10;10;20;8;941986;1726178101663186785
28;5;15;10;10;20;8;929543;1726178101673176388
29;5;15;10;10;20;8;968396;1726178101683181105
30;5;15;10;10;20;8;950419;1726178101693178236
31;5;15;10;10;20;8;950313;1726178101703208133
32;5;15;10;10;20;8;925234;1726178101713183821
33;5;15;10;10;20;8;950304;1726178101723184097
34;5;15;10;10;20;8;939487;1726178101733189766
35;5;15;10;10;20;8;979822;1726178101743173984
36;5;15;10;10;20;8;1193186;1726178101753233496
37;5;15;10;10;20;8;971102;1726178101763199310
38;5;15;10;10;20;8;908495;1726178101773208436
39;5;15;10;10;20;8;1019240;1726178101783191543
40;5;15;10;10;20;8;911898;1726178101793217557
41;5;15;10;10;20;8;930855;1726178101803218243
42;5;15;10;10;20;8;939914;1726178101813210108
43;5;15;10;10;20;8;949006;1726178101823218585
44;5;15;10;10;20;8;911822;1726178101833204581
45;5;15;10;10;20;8;977271;1726178101843214141
46;5;15;10;10;20;8;1314742;1726178101853198548
47;5;15;10;10;20;8;975839;1726178101863197853
48;5;15;10;10;20;8;942451;1726178101873179888
49;5;15;10;10;20;8;972790;1726178101883179685
50;5;15;10;10;20;8;924359;1726178101893180286
51;5;15;10;10;20;8;954625;1726178101903180478
52;5;15;10;10;20;8;930988;1726178101913180440
53;5;15;10;10;20;8;974727;1726178101923164320
54;5;15;10;10;20;8;949269;1726178101933173056
55;5;15;10;10;20;8;955908;1726178101943192404
56;5;15;10;10;20;8;1124408;1726178101953197077
57;5;15;10;10;20;8;963891;1726178101963179571
58;5;15;10;10;20;8;930304;1726178101973196057
59;5;15;10;10;20;8;968089;1726178101983188646
60;5;15;10;10;20;8;951084;1726178101993172387
61;5;15;10;10;20;8;955263;1726178102003189326
62;5;15;10;10;20;8;1092551;1726178102013187811
63;5;15;10;10;20;8;980815;1726178102023169431
64;5;15;10;10;20;8;941727;1726178102033195097
65;5;15;10;10;20;8;975154;1726178102043164633
66;5;15;10;10;20;8;1164659;1726178102053239976
67;5;15;10;10;20;8;953522;1726178102063202964
68;5;15;10;10;20;8;907064;1726178102073220748
69;5;15;10;10;20;8;976077;1726178102083217261
70;5;15;10;10;20;8;916622;1726178102093200835
71;5;15;10;10;20;8;925292;1726178102103238920
72;5;15;10;10;20;8;908066;1726178102113211686
73;5;15;10;10;20;8;933120;1726178102123214957
74;5;15;10;10;20;8;922598;1726178102133200873
75;5;15;10;10;20;8;940045;1726178102143216154
76;5;15;10;10;20;8;1172796;1726178102153251049
77;5;15;10;10;20;8;978482;1726178102163201388
78;5;15;10;10;20;8;933500;1726178102173206336
79;5;15;10;10;20;8;983677;1726178102183210783
80;5;15;10;10;20;8;899842;1726178102193220992
81;5;15;10;10;20;8;956196;1726178102203223978
82;5;15;10;10;20;8;917222;1726178102213215184
83;5;15;10;10;20;8;912945;1726178102223217620
84;5;15;10;10;20;8;928107;1726178102233208717
85;5;15;10;10;20;8;935008;1726178102243213269
86;5;15;10;10;20;8;1119378;1726178102253232119
87;5;15;10;10;20;8;950494;1726178102263208705
88;5;15;10;10;20;8;961707;1726178102273207137
89;5;15;10;10;20;8;977118;1726178102283215686
90;5;15;10;10;20;8;907111;1726178102293210794
91;5;15;10;10;20;8;946737;1726178102303208900
92;5;15;10;10;20;8;918492;1726178102313213201
93;5;15;10;10;20;8;958656;1726178102323217386
94;5;15;10;10;20;8;916660;1726178102333210250
95;5;15;10;10;20;8;993837;1726178102343217945
96;5;15;10;10;20;8;1144575;1726178102353206345
97;5;15;10;10;20;8;1002384;1726178102363170350
98;5;15;10;10;20;8;915982;1726178102373187853
99;5;15;10;10;20;8;1316887;1726178102383184027
0;5;16;10;10;20;8;1304758;1726178101393395647
1;5;16;10;10;20;8;1212080;1726178101403426806
2;5;16;10;10;20;8;1315673;1726178101413435403
3;5;16;10;10;20;8;1231162;1726178101423251577
4;5;16;10;10;20;8;1232122;1726178101433228626
5;5;16;10;10;20;8;1114070;1726178101443204164
6;5;16;10;10;20;8;1291725;1726178101453121751
7;5;16;10;10;20;8;1097981;1726178101463190319
8;5;16;10;10;20;8;1119606;1726178101473188509
9;5;16;10;10;20;8;1125824;1726178101483188636
10;5;16;10;10;20;8;1101697;1726178101493191863
11;5;16;10;10;20;8;1151938;1726178101503198260
12;5;16;10;10;20;8;1095673;1726178101513199332
13;5;16;10;10;20;8;1131493;1726178101523174815
14;5;16;10;10;20;8;1111413;1726178101533187734
15;5;16;10;10;20;8;1115638;1726178101543196660
16;5;16;10;10;20;8;1394970;1726178101553240070
17;5;16;10;10;20;8;1103273;1726178101563213819
18;5;16;10;10;20;8;1087257;1726178101573184342
19;5;16;10;10;20;8;1146587;1726178101583185801
20;5;16;10;10;20;8;1083831;1726178101593135039
21;5;16;10;10;20;8;1133645;1726178101603197600
22;5;16;10;10;20;8;1085031;1726178101613194154
23;5;16;10;10;20;8;1103947;1726178101623175700
24;5;16;10;10;20;8;1079640;1726178101633203785
25;5;16;10;10;20;8;1107979;1726178101643201934
26;5;16;10;10;20;8;1278033;1726178101653224469
27;5;16;10;10;20;8;1089742;1726178101663195409
28;5;16;10;10;20;8;1075123;1726178101673187529
29;5;16;10;10;20;8;1118710;1726178101683187390
30;5;16;10;10;20;8;1098034;1726178101693185999
31;5;16;10;10;20;8;1095911;1726178101703220080
32;5;16;10;10;20;8;1072020;1726178101713192828
33;5;16;10;10;20;8;1102586;1726178101723187993
34;5;16;10;10;20;8;1093012;1726178101733193697
35;5;16;10;10;20;8;1125316;1726178101743180767
36;5;16;10;10;20;8;1343436;1726178101753239824
37;5;16;10;10;20;8;1119540;1726178101763204741
38;5;16;10;10;20;8;1058018;1726178101773211723
39;5;16;10;10;20;8;1149734;1726178101783214011
40;5;16;10;10;20;8;1060193;1726178101793221459
41;5;16;10;10;20;8;1077218;1726178101803225057
42;5;16;10;10;20;8;1099561;1726178101813216259
43;5;16;10;10;20;8;1094856;1726178101823225265
44;5;16;10;10;20;8;1062060;1726178101833208292
45;5;16;10;10;20;8;1111609;1726178101843235495
46;5;16;10;10;20;8;1462601;1726178101853208005
47;5;16;10;10;20;8;1129403;1726178101863201590
48;5;16;10;10;20;8;1095290;1726178101873184024
49;5;16;10;10;20;8;1122430;1726178101883186422
50;5;16;10;10;20;8;1075555;1726178101893186875
51;5;16;10;10;20;8;1104292;1726178101903187434
52;5;16;10;10;20;8;1077433;1726178101913191090
53;5;16;10;10;20;8;1128805;1726178101923167954
54;5;16;10;10;20;8;1099159;1726178101933179572
55;5;16;10;10;20;8;1109371;1726178101943196770
56;5;16;10;10;20;8;1274513;1726178101953203453
57;5;16;10;10;20;8;1114803;1726178101963186732
58;5;16;10;10;20;8;1082330;1726178101973200943
59;5;16;10;10;20;8;1116222;1726178101983196455
60;5;16;10;10;20;8;1105786;1726178101993175643
61;5;16;10;10;20;8;1104620;1726178102003197080
62;5;16;10;10;20;8;1245683;1726178102013191850
63;5;16;10;10;20;8;1134427;1726178102023172719
64;5;16;10;10;20;8;1092029;1726178102033202135
65;5;16;10;10;20;8;1123082;1726178102043168504
66;5;16;10;10;20;8;1313809;1726178102053248387
67;5;16;10;10;20;8;1097449;1726178102063212474
68;5;16;10;10;20;8;1056428;1726178102073227033
69;5;16;10;10;20;8;1109628;1726178102083236731
70;5;16;10;10;20;8;1068623;1726178102093205960
71;5;16;10;10;20;8;1070250;1726178102103246777
72;5;16;10;10;20;8;1056794;1726178102113217664
73;5;16;10;10;20;8;1078935;1726178102123221262
74;5;16;10;10;20;8;1071803;1726178102133204488
75;5;16;10;10;20;8;1086730;1726178102143222102
76;5;16;10;10;20;8;1324852;1726178102153256370
77;5;16;10;10;20;8;1125721;1726178102163206520
78;5;16;10;10;20;8;1079465;1726178102173213133
79;5;16;10;10;20;8;1128138;1726178102183218347
80;5;16;10;10;20;8;1051306;1726178102193226389
81;5;16;10;10;20;8;1106332;1726178102203228978
82;5;16;10;10;20;8;1060760;1726178102213225753
83;5;16;10;10;20;8;1059393;1726178102223224203
84;5;16;10;10;20;8;1073700;1726178102233214379
85;5;16;10;10;20;8;1084153;1726178102243216836
86;5;16;10;10;20;8;1272116;1726178102253236538
87;5;16;10;10;20;8;1092945;1726178102263218723
88;5;16;10;10;20;8;1096677;1726178102273224247
89;5;16;10;10;20;8;1113261;1726178102283236811
90;5;16;10;10;20;8;1055536;1726178102293217076
91;5;16;10;10;20;8;1092527;1726178102303215102
92;5;16;10;10;20;8;1065436;1726178102313219339
93;5;16;10;10;20;8;1105488;1726178102323223740
94;5;16;10;10;20;8;1065875;1726178102333214960
95;5;16;10;10;20;8;1145488;1726178102343224435
96;5;16;10;10;20;8;1299024;1726178102353210161
97;5;16;10;10;20;8;1154099;1726178102363176520
98;5;16;10;10;20;8;1069731;1726178102373191403
99;5;16;10;10;20;8;1489869;1726178102383187421
0;5;17;10;10;20;8;1451789;1726178101393407596
1;5;17;10;10;20;8;1363144;1726178101403434436
2;5;17;10;10;20;8;1463470;1726178101413446274
3;5;17;10;10;20;8;1381047;1726178101423260388
4;5;17;10;10;20;8;1373333;1726178101433245785
5;5;17;10;10;20;8;1263709;1726178101443215365
6;5;17;10;10;20;8;1447998;1726178101453128010
7;5;17;10;10;20;8;1251133;1726178101463199068
8;5;17;10;10;20;8;1274885;1726178101473194797
9;5;17;10;10;20;8;1275642;1726178101483199512
10;5;17;10;10;20;8;1255023;1726178101493200245
11;5;17;10;10;20;8;1307752;1726178101503203468
12;5;17;10;10;20;8;1249634;1726178101513206487
13;5;17;10;10;20;8;1286541;1726178101523181516
14;5;17;10;10;20;8;1265130;1726178101533194502
15;5;17;10;10;20;8;1269943;1726178101543200280
16;5;17;10;10;20;8;1528005;1726178101553263864
17;5;17;10;10;20;8;1253580;1726178101563222268
18;5;17;10;10;20;8;1242226;1726178101573187678
19;5;17;10;10;20;8;1296319;1726178101583191949
20;5;17;10;10;20;8;1234523;1726178101593139780
21;5;17;10;10;20;8;1283135;1726178101603204046
22;5;17;10;10;20;8;1231986;1726178101613205162
23;5;17;10;10;20;8;1256049;1726178101623182007
24;5;17;10;10;20;8;1228732;1726178101633211645
25;5;17;10;10;20;8;1260897;1726178101643206022
26;5;17;10;10;20;8;1431553;1726178101653228174
27;5;17;10;10;20;8;1242379;1726178101663199506
28;5;17;10;10;20;8;1225979;1726178101673194682
29;5;17;10;10;20;8;1269480;1726178101683193457
30;5;17;10;10;20;8;1250469;1726178101693190007
31;5;17;10;10;20;8;1250495;1726178101703224254
32;5;17;10;10;20;8;1220961;1726178101713200101
33;5;17;10;10;20;8;1253383;1726178101723194771
34;5;17;10;10;20;8;1246477;1726178101733197455
35;5;17;10;10;20;8;1266948;1726178101743192055
36;5;17;10;10;20;8;1495146;1726178101753245776
37;5;17;10;10;20;8;1266292;1726178101763212661
38;5;17;10;10;20;8;1208193;1726178101773215423
39;5;17;10;10;20;8;1281352;1726178101783235959
40;5;17;10;10;20;8;1209525;1726178101793224836
41;5;17;10;10;20;8;1222796;1726178101803231624
42;5;17;10;10;20;8;1247085;1726178101813221068
43;5;17;10;10;20;8;1242252;1726178101823231734
44;5;17;10;10;20;8;1212243;1726178101833211648
45;5;17;10;10;20;8;1262508;1726178101843240036
46;5;17;10;10;20;8;1594932;1726178101853231835
47;5;17;10;10;20;8;1280674;1726178101863207792
48;5;17;10;10;20;8;1244793;1726178101873190043
49;5;17;10;10;20;8;1267113;1726178101883197830
50;5;17;10;10;20;8;1222696;1726178101893198006
51;5;17;10;10;20;8;1254612;1726178101903193739
52;5;17;10;10;20;8;1229628;1726178101913196870
53;5;17;10;10;20;8;1284706;1726178101923171512
54;5;17;10;10;20;8;1249192;1726178101933187017
55;5;17;10;10;20;8;1261244;1726178101943202817
56;5;17;10;10;20;8;1418187;1726178101953217806
57;5;17;10;10;20;8;1268321;1726178101963191512
58;5;17;10;10;20;8;1234869;1726178101973207126
59;5;17;10;10;20;8;1254771;1726178101983215711
60;5;17;10;10;20;8;1259939;1726178101993179232
61;5;17;10;10;20;8;1258032;1726178102003201317
62;5;17;10;10;20;8;1388664;1726178102013206257
63;5;17;10;10;20;8;1288548;1726178102023176357
64;5;17;10;10;20;8;1242765;1726178102033208322
65;5;17;10;10;20;8;1268191;1726178102043175610
66;5;17;10;10;20;8;1463988;1726178102053255897
67;5;17;10;10;20;8;1246829;1726178102063216497
68;5;17;10;10;20;8;1203893;1726178102073233422
69;5;17;10;10;20;8;1259133;1726178102083240673
70;5;17;10;10;20;8;1220136;1726178102093211693
71;5;17;10;10;20;8;1216007;1726178102103254317
72;5;17;10;10;20;8;1204465;1726178102113223608
73;5;17;10;10;20;8;1227184;1726178102123225118
74;5;17;10;10;20;8;1221481;1726178102133207879
75;5;17;10;10;20;8;1232541;1726178102143228568
76;5;17;10;10;20;8;1474243;1726178102153263237
77;5;17;10;10;20;8;1271836;1726178102163212702
78;5;17;10;10;20;8;1228681;1726178102173217162
79;5;17;10;10;20;8;1259601;1726178102183237936
80;5;17;10;10;20;8;1196945;1726178102193236931
81;5;17;10;10;20;8;1254705;1726178102203234546
82;5;17;10;10;20;8;1208989;1726178102213231715
83;5;17;10;10;20;8;1208684;1726178102223228082
84;5;17;10;10;20;8;1220309;1726178102233220680
85;5;17;10;10;20;8;1229617;1726178102243223239
86;5;17;10;10;20;8;1419697;1726178102253246723
87;5;17;10;10;20;8;1238095;1726178102263226204
88;5;17;10;10;20;8;1244530;1726178102273228887
89;5;17;10;10;20;8;1261654;1726178102283244678
90;5;17;10;10;20;8;1202962;1726178102293223398
91;5;17;10;10;20;8;1238949;1726178102303221365
92;5;17;10;10;20;8;1214325;1726178102313223825
93;5;17;10;10;20;8;1251726;1726178102323229904
94;5;17;10;10;20;8;1212935;1726178102333221580
95;5;17;10;10;20;8;1296185;1726178102343231051
96;5;17;10;10;20;8;1444792;1726178102353221924
97;5;17;10;10;20;8;1302036;1726178102363185866
98;5;17;10;10;20;8;1222886;1726178102373194913
99;5;17;10;10;20;8;1657553;1726178102383194206
0;5;18;10;10;20;8;1592986;1726178101393424706
1;5;18;10;10;20;8;1497768;1726178101403458533
2;5;18;10;10;20;8;1604875;1726178101413463861
3;5;18;10;10;20;8;1529568;1726178101423268567
4;5;18;10;10;20;8;1525339;1726178101433251508
5;5;18;10;10;20;8;1416860;1726178101443223235
6;5;18;10;10;20;8;1603023;1726178101453134574
7;5;18;10;10;20;8;1399918;1726178101463213158
8;5;18;10;10;20;8;1425706;1726178101473205267
9;5;18;10;10;20;8;1425962;1726178101483209681
10;5;18;10;10;20;8;1412012;1726178101493204583
11;5;18;10;10;20;8;1463210;1726178101503209596
12;5;18;10;10;20;8;1403724;1726178101513213369
13;5;18;10;10;20;8;1440258;1726178101523188807
14;5;18;10;10;20;8;1420196;1726178101533201018
15;5;18;10;10;20;8;1423132;1726178101543204404
16;5;18;10;10;20;8;1678234;1726178101553270449
17;5;18;10;10;20;8;1404296;1726178101563230087
18;5;18;10;10;20;8;1397664;1726178101573190947
19;5;18;10;10;20;8;1443396;1726178101583201627
20;5;18;10;10;20;8;1387379;1726178101593143695
21;5;18;10;10;20;8;1432483;1726178101603210521
22;5;18;10;10;20;8;1385399;1726178101613209275
23;5;18;10;10;20;8;1398333;1726178101623196983
24;5;18;10;10;20;8;1379298;1726178101633218511
25;5;18;10;10;20;8;1409171;1726178101643214515
26;5;18;10;10;20;8;1572672;1726178101653246041
27;5;18;10;10;20;8;1392493;1726178101663205764
28;5;18;10;10;20;8;1378734;1726178101673200599
29;5;18;10;10;20;8;1422645;1726178101683197221
30;5;18;10;10;20;8;1405127;1726178101693193622
31;5;18;10;10;20;8;1402913;1726178101703230289
32;5;18;10;10;20;8;1370369;1726178101713207455
33;5;18;10;10;20;8;1404330;1726178101723201086
34;5;18;10;10;20;8;1390418;1726178101733210532
35;5;18;10;10;20;8;1415740;1726178101743196045
36;5;18;10;10;20;8;1645958;1726178101753252530
37;5;18;10;10;20;8;1417476;1726178101763216479
38;5;18;10;10;20;8;1358314;1726178101773219322
39;5;18;10;10;20;8;1426220;1726178101783244408
40;5;18;10;10;20;8;1359325;1726178101793228452
41;5;18;10;10;20;8;1364726;1726178101803242136
42;5;18;10;10;20;8;1393319;1726178101813227887
43;5;18;10;10;20;8;1389390;1726178101823238047
44;5;18;10;10;20;8;1362318;1726178101833215455
45;5;18;10;10;20;8;1410825;1726178101843247967
46;5;18;10;10;20;8;1726302;1726178101853257525
47;5;18;10;10;20;8;1433282;1726178101863213678
48;5;18;10;10;20;8;1394388;1726178101873196411
49;5;18;10;10;20;8;1398526;1726178101883222759
50;5;18;10;10;20;8;1376581;1726178101893201982
51;5;18;10;10;20;8;1405273;1726178101903200169
52;5;18;10;10;20;8;1380522;1726178101913203156
53;5;18;10;10;20;8;1440261;1726178101923175232
54;5;18;10;10;20;8;1395808;1726178101933197600
55;5;18;10;10;20;8;1410213;1726178101943211377
56;5;18;10;10;20;8;1570785;1726178101953222748
57;5;18;10;10;20;8;1416756;1726178101963201564
58;5;18;10;10;20;8;1381891;1726178101973218244
59;5;18;10;10;20;8;1407417;1726178101983222086
60;5;18;10;10;20;8;1414320;1726178101993182786
61;5;18;10;10;20;8;1411636;1726178102003205722
62;5;18;10;10;20;8;1541911;1726178102013210893
63;5;18;10;10;20;8;1442380;1726178102023180325
64;5;18;10;10;20;8;1394656;1726178102033215095
65;5;18;10;10;20;8;1414050;1726178102043182114
66;5;18;10;10;20;8;1616109;1726178102053262151
67;5;18;10;10;20;8;1395513;1726178102063220990
68;5;18;10;10;20;8;1351505;1726178102073239618
69;5;18;10;10;20;8;1408563;1726178102083244351
70;5;18;10;10;20;8;1358010;1726178102093230698
71;5;18;10;10;20;8;1358892;1726178102103265966
72;5;18;10;10;20;8;1352632;1726178102113229602
73;5;18;10;10;20;8;1373619;1726178102123231034
74;5;18;10;10;20;8;1370915;1726178102133211608
75;5;18;10;10;20;8;1378438;1726178102143234254
76;5;18;10;10;20;8;1624072;1726178102153270033
77;5;18;10;10;20;8;1418543;1726178102163219577
78;5;18;10;10;20;8;1376179;1726178102173223368
79;5;18;10;10;20;8;1409011;1726178102183241954
80;5;18;10;10;20;8;1346757;1726178102193243859
81;5;18;10;10;20;8;1399487;1726178102203242834
82;5;18;10;10;20;8;1356471;1726178102213237732
83;5;18;10;10;20;8;1356492;1726178102223234436
84;5;18;10;10;20;8;1364518;1726178102233229779
85;5;18;10;10;20;8;1375238;1726178102243230465
86;5;18;10;10;20;8;1570859;1726178102253253456
87;5;18;10;10;20;8;1387818;1726178102263229707
88;5;18;10;10;20;8;1394088;1726178102273232206
89;5;18;10;10;20;8;1411613;1726178102283251298
90;5;18;10;10;20;8;1348812;1726178102293231375
91;5;18;10;10;20;8;1385054;1726178102303227726
92;5;18;10;10;20;8;1361596;1726178102313230050
93;5;18;10;10;20;8;1399321;1726178102323236187
94;5;18;10;10;20;8;1360233;1726178102333228252
95;5;18;10;10;20;8;1446216;1726178102343237542
96;5;18;10;10;20;8;1597390;1726178102353226263
97;5;18;10;10;20;8;1453418;1726178102363191572
98;5;18;10;10;20;8;1377288;1726178102373198163
99;5;18;10;10;20;8;1840620;1726178102383202901
0;5;19;10;10;20;8;1738303;1726178101393438675
1;5;19;10;10;20;8;1648020;1726178101403468922
2;5;19;10;10;20;8;1753077;1726178101413475825
3;5;19;10;10;20;8;1680306;1726178101423276195
4;5;19;10;10;20;8;1674725;1726178101433261854
5;5;19;10;10;20;8;1574038;1726178101443227274
6;5;19;10;10;20;8;1763948;1726178101453140530
7;5;19;10;10;20;8;1553452;1726178101463222199
8;5;19;10;10;20;8;1578403;1726178101473214327
9;5;19;10;10;20;8;1580482;1726178101483215968
10;5;19;10;10;20;8;1569619;1726178101493209076
11;5;19;10;10;20;8;1617029;1726178101503217457
12;5;19;10;10;20;8;1557177;1726178101513221615
13;5;19;10;10;20;8;1595479;1726178101523195071
14;5;19;10;10;20;8;1576157;1726178101533207482
15;5;19;10;10;20;8;1576924;1726178101543208439
16;5;19;10;10;20;8;1829554;1726178101553277057
17;5;19;10;10;20;8;1558886;1726178101563233866
18;5;19;10;10;20;8;1552078;1726178101573194669
19;5;19;10;10;20;8;1577571;1726178101583224795
20;5;19;10;10;20;8;1538685;1726178101593148436
21;5;19;10;10;20;8;1582979;1726178101603217207
22;5;19;10;10;20;8;1539392;1726178101613213197
23;5;19;10;10;20;8;1552055;1726178101623201556
24;5;19;10;10;20;8;1530596;1726178101633224896
25;5;19;10;10;20;8;1562727;1726178101643218911
26;5;19;10;10;20;8;1725959;1726178101653252088
27;5;19;10;10;20;8;1543222;1726178101663212335
28;5;19;10;10;20;8;1530433;1726178101673206912
29;5;19;10;10;20;8;1574813;1726178101683202770
30;5;19;10;10;20;8;1559059;1726178101693197001
31;5;19;10;10;20;8;1554052;1726178101703236723
32;5;19;10;10;20;8;1520933;1726178101713213698
33;5;19;10;10;20;8;1554746;1726178101723207984
34;5;19;10;10;20;8;1542136;1726178101733215453
35;5;19;10;10;20;8;1565195;1726178101743200282
36;5;19;10;10;20;8;1799102;1726178101753258522
37;5;19;10;10;20;8;1569095;1726178101763219761
38;5;19;10;10;20;8;1508870;1726178101773222905
39;5;19;10;10;20;8;1573188;1726178101783251106
40;5;19;10;10;20;8;1509102;1726178101793231789
41;5;19;10;10;20;8;1511996;1726178101803248552
42;5;19;10;10;20;8;1540803;1726178101813234258
43;5;19;10;10;20;8;1537548;1726178101823244093
44;5;19;10;10;20;8;1512148;1726178101833219168
45;5;19;10;10;20;8;1557804;1726178101843256746
46;5;19;10;10;20;8;1878198;1726178101853264925
47;5;19;10;10;20;8;1585617;1726178101863219603
48;5;19;10;10;20;8;1544715;1726178101873203911
49;5;19;10;10;20;8;1548041;1726178101883230222
50;5;19;10;10;20;8;1531640;1726178101893205316
51;5;19;10;10;20;8;1554851;1726178101903207704
52;5;19;10;10;20;8;1530974;1726178101913211368
53;5;19;10;10;20;8;1595095;1726178101923179219
54;5;19;10;10;20;8;1548654;1726178101933203160
55;5;19;10;10;20;8;1562740;1726178101943216444
56;5;19;10;10;20;8;1724919;1726178101953226506
57;5;19;10;10;20;8;1568463;1726178101963208302
58;5;19;10;10;20;8;1531021;1726178101973227675
59;5;19;10;10;20;8;1557599;1726178101983229027
60;5;19;10;10;20;8;1569238;1726178101993186146
61;5;19;10;10;20;8;1563068;1726178102003212112
62;5;19;10;10;20;8;1697587;1726178102013214313
63;5;19;10;10;20;8;1596918;1726178102023184203
64;5;19;10;10;20;8;1545593;1726178102033222179
65;5;19;10;10;20;8;1559668;1726178102043189262
66;5;19;10;10;20;8;1768771;1726178102053268282
67;5;19;10;10;20;8;1543396;1726178102063227149
68;5;19;10;10;20;8;1499927;1726178102073245538
69;5;19;10;10;20;8;1552248;1726178102083254713
70;5;19;10;10;20;8;1507409;1726178102093238673
71;5;19;10;10;20;8;1507833;1726178102103272703
72;5;19;10;10;20;8;1500740;1726178102113235367
73;5;19;10;10;20;8;1520568;1726178102123237463
74;5;19;10;10;20;8;1519502;1726178102133215477
75;5;19;10;10;20;8;1522461;1726178102143243200
76;5;19;10;10;20;8;1764458;1726178102153288032
77;5;19;10;10;20;8;1568945;1726178102163222970
78;5;19;10;10;20;8;1536335;1726178102173230678
79;5;19;10;10;20;8;1538736;1726178102183263910
80;5;19;10;10;20;8;1497139;1726178102193251206
81;5;19;10;10;20;8;1546678;1726178102203250106
82;5;19;10;10;20;8;1507133;1726178102213241937
83;5;19;10;10;20;8;1499957;1726178102223244680
84;5;19;10;10;20;8;1510182;1726178102233237360
85;5;19;10;10;20;8;1518810;1726178102243239734
86;5;19;10;10;20;8;1724115;1726178102253260040
87;5;19;10;10;20;8;1535442;1726178102263235759
88;5;19;10;10;20;8;1543361;1726178102273235313
89;5;19;10;10;20;8;1564666;1726178102283256233
90;5;19;10;10;20;8;1497098;1726178102293237245
91;5;19;10;10;20;8;1532351;1726178102303234111
92;5;19;10;10;20;8;1509491;1726178102313236682
93;5;19;10;10;20;8;1547092;1726178102323242387
94;5;19;10;10;20;8;1520683;1726178102333237793
95;5;19;10;10;20;8;1598911;1726178102343243753
96;5;19;10;10;20;8;1747477;1726178102353234715
97;5;19;10;10;20;8;1606205;1726178102363195955
98;5;19;10;10;20;8;1531576;1726178102373201841
99;5;19;10;10;20;8;1984094;1726178102383221802
0;6;0;10;10;20;8;0;0
1;6;0;10;10;20;8;0;0
2;6;0;10;10;20;8;0;0
3;6;0;10;10;20;8;0;0
4;6;0;10;10;20;8;0;0
5;6;0;10;10;20;8;0;0
6;6;0;10;10;20;8;0;0
7;6;0;10;10;20;8;0;0
8;6;0;10;10;20;8;0;0
9;6;0;10;10;20;8;0;0
10;6;0;10;10;20;8;0;0
11;6;0;10;10;20;8;0;0
12;6;0;10;10;20;8;0;0
13;6;0;10;10;20;8;0;0
14;6;0;10;10;20;8;0;0
15;6;0;10;10;20;8;0;0
16;6;0;10;10;20;8;0;0
17;6;0;10;10;20;8;0;0
18;6;0;10;10;20;8;0;0
19;6;0;10;10;20;8;0;0
20;6;0;10;10;20;8;0;0
21;6;0;10;10;20;8;0;0
22;6;0;10;10;20;8;0;0
23;6;0;10;10;20;8;0;0
24;6;0;10;10;20;8;0;0
25;6;0;10;10;20;8;0;0
26;6;0;10;10;20;8;0;0
27;6;0;10;10;20;8;0;0
28;6;0;10;10;20;8;0;0
29;6;0;10;10;20;8;0;0
30;6;0;10;10;20;8;0;0
31;6;0;10;10;20;8;0;0
32;6;0;10;10;20;8;0;0
33;6;0;10;10;20;8;0;0
34;6;0;10;10;20;8;0;0
35;6;0;10;10;20;8;0;0
36;6;0;10;10;20;8;0;0
37;6;0;10;10;20;8;0;0
38;6;0;10;10;20;8;0;0
39;6;0;10;10;20;8;0;0
40;6;0;10;10;20;8;0;0
41;6;0;10;10;20;8;0;0
42;6;0;10;10;20;8;0;0
43;6;0;10;10;20;8;0;0
44;6;0;10;10;20;8;0;0
45;6;0;10;10;20;8;0;0
46;6;0;10;10;20;8;286048;1726178101853037116
47;6;0;10;10;20;8;0;0
48;6;0;10;10;20;8;0;0
49;6;0;10;10;20;8;0;0
50;6;0;10;10;20;8;0;0
51;6;0;10;10;20;8;0;0
52;6;0;10;10;20;8;0;0
53;6;0;10;10;20;8;0;0
54;6;0;10;10;20;8;0;0
55;6;0;10;10;20;8;0;0
56;6;0;10;10;20;8;0;0
57;6;0;10;10;20;8;0;0
58;6;0;10;10;20;8;0;0
59;6;0;10;10;20;8;0;0
60;6;0;10;10;20;8;0;0
61;6;0;10;10;20;8;0;0
62;6;0;10;10;20;8;0;0
63;6;0;10;10;20;8;0;0
64;6;0;10;10;20;8;0;0
65;6;0;10;10;20;8;0;0
66;6;0;10;10;20;8;0;0
67;6;0;10;10;20;8;0;0
68;6;0;10;10;20;8;0;0
69;6;0;10;10;20;8;0;0
70;6;0;10;10;20;8;0;0
71;6;0;10;10;20;8;0;0
72;6;0;10;10;20;8;0;0
73;6;0;10;10;20;8;0;0
74;6;0;10;10;20;8;0;0
75;6;0;10;10;20;8;0;0
76;6;0;10;10;20;8;0;0
77;6;0;10;10;20;8;0;0
78;6;0;10;10;20;8;0;0
79;6;0;10;10;20;8;0;0
80;6;0;10;10;20;8;0;0
81;6;0;10;10;20;8;0;0
82;6;0;10;10;20;8;0;0
83;6;0;10;10;20;8;0;0
84;6;0;10;10;20;8;0;0
85;6;0;10;10;20;8;0;0
86;6;0;10;10;20;8;0;0
87;6;0;10;10;20;8;0;0
88;6;0;10;10;20;8;0;0
89;6;0;10;10;20;8;0;0
90;6;0;10;10;20;8;0;0
91;6;0;10;10;20;8;0;0
92;6;0;10;10;20;8;0;0
93;6;0;10;10;20;8;0;0
94;6;0;10;10;20;8;0;0
95;6;0;10;10;20;8;0;0
96;6;0;10;10;20;8;0;0
97;6;0;10;10;20;8;0;0
98;6;0;10;10;20;8;0;0
99;6;0;10;10;20;8;0;0
0;6;0;10;10;20;8;0;0
1;6;0;10;10;20;8;0;0
2;6;0;10;10;20;8;0;0
3;6;0;10;10;20;8;0;0
4;6;0;10;10;20;8;0;0
5;6;0;10;10;20;8;0;0
6;6;0;10;10;20;8;0;0
7;6;0;10;10;20;8;0;0
8;6;0;10;10;20;8;0;0
9;6;0;10;10;20;8;0;0
10;6;0;10;10;20;8;0;0
11;6;0;10;10;20;8;0;0
12;6;0;10;10;20;8;0;0
13;6;0;10;10;20;8;0;0
14;6;0;10;10;20;8;0;0
15;6;0;10;10;20;8;0;0
16;6;0;10;10;20;8;0;0
17;6;0;10;10;20;8;0;0
18;6;0;10;10;20;8;0;0
19;6;0;10;10;20;8;0;0
20;6;0;10;10;20;8;0;0
21;6;0;10;10;20;8;0;0
22;6;0;10;10;20;8;0;0
23;6;0;10;10;20;8;0;0
24;6;0;10;10;20;8;0;0
25;6;0;10;10;20;8;0;0
26;6;0;10;10;20;8;0;0
27;6;0;10;10;20;8;0;0
28;6;0;10;10;20;8;0;0
29;6;0;10;10;20;8;0;0
30;6;0;10;10;20;8;0;0
31;6;0;10;10;20;8;0;0
32;6;0;10;10;20;8;0;0
33;6;0;10;10;20;8;0;0
34;6;0;10;10;20;8;0;0
35;6;0;10;10;20;8;0;0
36;6;0;10;10;20;8;0;0
37;6;0;10;10;20;8;0;0
38;6;0;10;10;20;8;0;0
39;6;0;10;10;20;8;0;0
40;6;0;10;10;20;8;0;0
41;6;0;10;10;20;8;0;0
42;6;0;10;10;20;8;0;0
43;6;0;10;10;20;8;0;0
44;6;0;10;10;20;8;0;0
45;6;0;10;10;20;8;0;0
46;6;0;10;10;20;8;0;0
47;6;0;10;10;20;8;0;0
48;6;0;10;10;20;8;0;0
49;6;0;10;10;20;8;0;0
50;6;0;10;10;20;8;0;0
51;6;0;10;10;20;8;0;0
52;6;0;10;10;20;8;0;0
53;6;0;10;10;20;8;0;0
54;6;0;10;10;20;8;0;0
55;6;0;10;10;20;8;0;0
56;6;0;10;10;20;8;0;0
57;6;0;10;10;20;8;0;0
58;6;0;10;10;20;8;0;0
59;6;0;10;10;20;8;0;0
60;6;0;10;10;20;8;0;0
61;6;0;10;10;20;8;0;0
62;6;0;10;10;20;8;0;0
63;6;0;10;10;20;8;0;0
64;6;0;10;10;20;8;0;0
65;6;0;10;10;20;8;0;0
66;6;0;10;10;20;8;0;0
67;6;0;10;10;20;8;0;0
68;6;0;10;10;20;8;0;0
69;6;0;10;10;20;8;0;0
70;6;0;10;10;20;8;0;0
71;6;0;10;10;20;8;0;0
72;6;0;10;10;20;8;0;0
73;6;0;10;10;20;8;0;0
74;6;0;10;10;20;8;0;0
75;6;0;10;10;20;8;0;0
76;6;0;10;10;20;8;0;0
77;6;0;10;10;20;8;0;0
78;6;0;10;10;20;8;0;0
79;6;0;10;10;20;8;0;0
80;6;0;10;10;20;8;0;0
81;6;0;10;10;20;8;0;0
82;6;0;10;10;20;8;0;0
83;6;0;10;10;20;8;0;0
84;6;0;10;10;20;8;0;0
85;6;0;10;10;20;8;0;0
86;6;0;10;10;20;8;0;0
87;6;0;10;10;20;8;0;0
88;6;0;10;10;20;8;0;0
89;6;0;10;10;20;8;0;0
90;6;0;10;10;20;8;0;0
91;6;0;10;10;20;8;0;0
92;6;0;10;10;20;8;0;0
93;6;0;10;10;20;8;0;0
94;6;0;10;10;20;8;0;0
95;6;0;10;10;20;8;0;0
96;6;0;10;10;20;8;0;0
97;6;0;10;10;20;8;0;0
98;6;0;10;10;20;8;0;0
99;6;0;10;10;20;8;0;0
0;6;0;10;10;20;8;0;0
1;6;0;10;10;20;8;0;0
2;6;0;10;10;20;8;0;0
3;6;0;10;10;20;8;0;0
4;6;0;10;10;20;8;0;0
5;6;0;10;10;20;8;0;0
6;6;0;10;10;20;8;0;0
7;6;0;10;10;20;8;0;0
8;6;0;10;10;20;8;0;0
9;6;0;10;10;20;8;0;0
10;6;0;10;10;20;8;0;0
11;6;0;10;10;20;8;0;0
12;6;0;10;10;20;8;0;0
13;6;0;10;10;20;8;0;0
14;6;0;10;10;20;8;0;0
15;6;0;10;10;20;8;0;0
16;6;0;10;10;20;8;0;0
17;6;0;10;10;20;8;0;0
18;6;0;10;10;20;8;0;0
19;6;0;10;10;20;8;0;0
20;6;0;10;10;20;8;0;0
21;6;0;10;10;20;8;0;0
22;6;0;10;10;20;8;0;0
23;6;0;10;10;20;8;0;0
24;6;0;10;10;20;8;0;0
25;6;0;10;10;20;8;0;0
26;6;0;10;10;20;8;0;0
27;6;0;10;10;20;8;0;0
28;6;0;10;10;20;8;0;0
29;6;0;10;10;20;8;0;0
30;6;0;10;10;20;8;0;0
31;6;0;10;10;20;8;0;0
32;6;0;10;10;20;8;0;0
33;6;0;10;10;20;8;0;0
34;6;0;10;10;20;8;0;0
35;6;0;10;10;20;8;0;0
36;6;0;10;10;20;8;0;0
37;6;0;10;10;20;8;0;0
38;6;0;10;10;20;8;0;0
39;6;0;10;10;20;8;0;0
40;6;0;10;10;20;8;0;0
41;6;0;10;10;20;8;0;0
42;6;0;10;10;20;8;0;0
43;6;0;10;10;20;8;0;0
44;6;0;10;10;20;8;0;0
45;6;0;10;10;20;8;0;0
46;6;0;10;10;20;8;0;0
47;6;0;10;10;20;8;0;0
48;6;0;10;10;20;8;0;0
49;6;0;10;10;20;8;0;0
50;6;0;10;10;20;8;0;0
51;6;0;10;10;20;8;0;0
52;6;0;10;10;20;8;0;0
53;6;0;10;10;20;8;0;0
54;6;0;10;10;20;8;0;0
55;6;0;10;10;20;8;0;0
56;6;0;10;10;20;8;0;0
57;6;0;10;10;20;8;0;0
58;6;0;10;10;20;8;0;0
59;6;0;10;10;20;8;0;0
60;6;0;10;10;20;8;0;0
61;6;0;10;10;20;8;0;0
62;6;0;10;10;20;8;0;0
63;6;0;10;10;20;8;0;0
64;6;0;10;10;20;8;0;0
65;6;0;10;10;20;8;0;0
66;6;0;10;10;20;8;0;0
67;6;0;10;10;20;8;0;0
68;6;0;10;10;20;8;0;0
69;6;0;10;10;20;8;0;0
70;6;0;10;10;20;8;0;0
71;6;0;10;10;20;8;0;0
72;6;0;10;10;20;8;0;0
73;6;0;10;10;20;8;0;0
74;6;0;10;10;20;8;0;0
75;6;0;10;10;20;8;0;0
76;6;0;10;10;20;8;0;0
77;6;0;10;10;20;8;0;0
78;6;0;10;10;20;8;0;0
79;6;0;10;10;20;8;0;0
80;6;0;10;10;20;8;0;0
81;6;0;10;10;20;8;0;0
82;6;0;10;10;20;8;0;0
83;6;0;10;10;20;8;0;0
84;6;0;10;10;20;8;0;0
85;6;0;10;10;20;8;0;0
86;6;0;10;10;20;8;0;0
87;6;0;10;10;20;8;0;0
88;6;0;10;10;20;8;0;0
89;6;0;10;10;20;8;0;0
90;6;0;10;10;20;8;0;0
91;6;0;10;10;20;8;0;0
92;6;0;10;10;20;8;0;0
93;6;0;10;10;20;8;0;0
94;6;0;10;10;20;8;0;0
95;6;0;10;10;20;8;0;0
96;6;0;10;10;20;8;0;0
97;6;0;10;10;20;8;0;0
98;6;0;10;10;20;8;0;0
99;6;0;10;10;20;8;0;0
0;6;0;10;10;20;8;0;0
1;6;0;10;10;20;8;0;0
2;6;0;10;10;20;8;0;0
3;6;0;10;10;20;8;0;0
4;6;0;10;10;20;8;0;0
5;6;0;10;10;20;8;0;0
6;6;0;10;10;20;8;0;0
7;6;0;10;10;20;8;0;0
8;6;0;10;10;20;8;0;0
9;6;0;10;10;20;8;0;0
10;6;0;10;10;20;8;0;0
11;6;0;10;10;20;8;0;0
12;6;0;10;10;20;8;0;0
13;6;0;10;10;20;8;0;0
14;6;0;10;10;20;8;0;0
15;6;0;10;10;20;8;0;0
16;6;3;10;10;20;8;383694;1726178101553114295
17;6;0;10;10;20;8;0;0
18;6;0;10;10;20;8;0;0
19;6;0;10;10;20;8;0;0
20;6;0;10;10;20;8;0;0
21;6;0;10;10;20;8;0;0
22;6;0;10;10;20;8;0;0
23;6;0;10;10;20;8;0;0
24;6;0;10;10;20;8;0;0
25;6;0;10;10;20;8;0;0
26;6;3;10;10;20;8;267249;1726178101653113249
27;6;0;10;10;20;8;0;0
28;6;0;10;10;20;8;0;0
29;6;0;10;10;20;8;0;0
30;6;0;10;10;20;8;0;0
31;6;0;10;10;20;8;0;0
32;6;0;10;10;20;8;0;0
33;6;0;10;10;20;8;0;0
34;6;0;10;10;20;8;0;0
35;6;0;10;10;20;8;0;0
36;6;0;10;10;20;8;0;0
37;6;0;10;10;20;8;0;0
38;6;0;10;10;20;8;0;0
39;6;0;10;10;20;8;0;0
40;6;0;10;10;20;8;0;0
41;6;0;10;10;20;8;0;0
42;6;0;10;10;20;8;0;0
43;6;0;10;10;20;8;0;0
44;6;0;10;10;20;8;0;0
45;6;0;10;10;20;8;0;0
46;6;0;10;10;20;8;0;0
47;6;0;10;10;20;8;0;0
48;6;0;10;10;20;8;0;0
49;6;0;10;10;20;8;0;0
50;6;0;10;10;20;8;0;0
51;6;0;10;10;20;8;0;0
52;6;0;10;10;20;8;0;0
53;6;0;10;10;20;8;0;0
54;6;0;10;10;20;8;0;0
55;6;0;10;10;20;8;0;0
56;6;0;10;10;20;8;0;0
57;6;0;10;10;20;8;0;0
58;6;0;10;10;20;8;0;0
59;6;0;10;10;20;8;0;0
60;6;0;10;10;20;8;0;0
61;6;0;10;10;20;8;0;0
62;6;0;10;10;20;8;0;0
63;6;0;10;10;20;8;0;0
64;6;0;10;10;20;8;0;0
65;6;0;10;10;20;8;0;0
66;6;3;10;10;20;8;288798;1726178102053138956
67;6;0;10;10;20;8;0;0
68;6;0;10;10;20;8;0;0
69;6;0;10;10;20;8;0;0
70;6;0;10;10;20;8;0;0
71;6;0;10;10;20;8;0;0
72;6;0;10;10;20;8;0;0
73;6;0;10;10;20;8;0;0
74;6;0;10;10;20;8;0;0
75;6;0;10;10;20;8;0;0
76;6;3;10;10;20;8;299428;1726178102153137437
77;6;0;10;10;20;8;0;0
78;6;0;10;10;20;8;0;0
79;6;0;10;10;20;8;0;0
80;6;0;10;10;20;8;0;0
81;6;0;10;10;20;8;0;0
82;6;0;10;10;20;8;0;0
83;6;0;10;10;20;8;0;0
84;6;0;10;10;20;8;0;0
85;6;0;10;10;20;8;0;0
86;6;3;10;10;20;8;247718;1726178102253139106
87;6;0;10;10;20;8;0;0
88;6;0;10;10;20;8;0;0
89;6;0;10;10;20;8;0;0
90;6;0;10;10;20;8;0;0
91;6;0;10;10;20;8;0;0
92;6;0;10;10;20;8;0;0
93;6;0;10;10;20;8;0;0
94;6;0;10;10;20;8;0;0
95;6;0;10;10;20;8;0;0
96;6;0;10;10;20;8;0;0
97;6;0;10;10;20;8;0;0
98;6;0;10;10;20;8;0;0
99;6;0;10;10;20;8;0;0
0;6;0;10;10;20;8;0;0
1;6;0;10;10;20;8;0;0
2;6;0;10;10;20;8;0;0
3;6;0;10;10;20;8;0;0
4;6;0;10;10;20;8;0;0
5;6;0;10;10;20;8;0;0
6;6;0;10;10;20;8;0;0
7;6;0;10;10;20;8;0;0
8;6;0;10;10;20;8;0;0
9;6;0;10;10;20;8;0;0
10;6;0;10;10;20;8;0;0
11;6;0;10;10;20;8;0;0
12;6;0;10;10;20;8;0;0
13;6;0;10;10;20;8;0;0
14;6;0;10;10;20;8;0;0
15;6;0;10;10;20;8;0;0
16;6;0;10;10;20;8;0;0
17;6;0;10;10;20;8;0;0
18;6;0;10;10;20;8;0;0
19;6;0;10;10;20;8;0;0
20;6;0;10;10;20;8;0;0
21;6;0;10;10;20;8;0;0
22;6;0;10;10;20;8;0;0
23;6;0;10;10;20;8;0;0
24;6;0;10;10;20;8;0;0
25;6;0;10;10;20;8;0;0
26;6;0;10;10;20;8;0;0
27;6;0;10;10;20;8;0;0
28;6;0;10;10;20;8;0;0
29;6;0;10;10;20;8;0;0
30;6;0;10;10;20;8;0;0
31;6;0;10;10;20;8;0;0
32;6;0;10;10;20;8;0;0
33;6;0;10;10;20;8;0;0
34;6;0;10;10;20;8;0;0
35;6;0;10;10;20;8;0;0
36;6;4;10;10;20;8;315066;1726178101753142727
37;6;0;10;10;20;8;0;0
38;6;0;10;10;20;8;0;0
39;6;0;10;10;20;8;0;0
40;6;0;10;10;20;8;0;0
41;6;0;10;10;20;8;0;0
42;6;0;10;10;20;8;0;0
43;6;0;10;10;20;8;0;0
44;6;0;10;10;20;8;0;0
45;6;0;10;10;20;8;0;0
46;6;0;10;10;20;8;0;0
47;6;0;10;10;20;8;0;0
48;6;0;10;10;20;8;0;0
49;6;0;10;10;20;8;0;0
50;6;0;10;10;20;8;0;0
51;6;0;10;10;20;8;0;0
52;6;0;10;10;20;8;0;0
53;6;0;10;10;20;8;0;0
54;6;0;10;10;20;8;0;0
55;6;0;10;10;20;8;0;0
56;6;4;10;10;20;8;242763;1726178101953111209
57;6;0;10;10;20;8;0;0
58;6;0;10;10;20;8;0;0
59;6;0;10;10;20;8;0;0
60;6;0;10;10;20;8;0;0
61;6;0;10;10;20;8;0;0
62;6;0;10;10;20;8;0;0
63;6;0;10;10;20;8;0;0
64;6;0;10;10;20;8;0;0
65;6;0;10;10;20;8;0;0
66;6;0;10;10;20;8;0;0
67;6;0;10;10;20;8;0;0
68;6;0;10;10;20;8;0;0
69;6;0;10;10;20;8;0;0
70;6;0;10;10;20;8;0;0
71;6;0;10;10;20;8;0;0
72;6;0;10;10;20;8;0;0
73;6;0;10;10;20;8;0;0
74;6;0;10;10;20;8;0;0
75;6;0;10;10;20;8;0;0
76;6;0;10;10;20;8;0;0
77;6;0;10;10;20;8;0;0
78;6;0;10;10;20;8;0;0
79;6;0;10;10;20;8;0;0
80;6;0;10;10;20;8;0;0
81;6;0;10;10;20;8;0;0
82;6;0;10;10;20;8;0;0
83;6;0;10;10;20;8;0;0
84;6;0;10;10;20;8;0;0
85;6;0;10;10;20;8;0;0
86;6;0;10;10;20;8;0;0
87;6;0;10;10;20;8;0;0
88;6;0;10;10;20;8;0;0
89;6;0;10;10;20;8;0;0
90;6;0;10;10;20;8;0;0
91;6;0;10;10;20;8;0;0
92;6;0;10;10;20;8;0;0
93;6;0;10;10;20;8;0;0
94;6;0;10;10;20;8;0;0
95;6;0;10;10;20;8;0;0
96;6;4;10;10;20;8;257803;1726178102353112209
97;6;0;10;10;20;8;0;0
98;6;0;10;10;20;8;0;0
99;6;0;10;10;20;8;0;0
0;6;0;10;10;20;8;0;0
1;6;0;10;10;20;8;0;0
2;6;0;10;10;20;8;0;0
3;6;0;10;10;20;8;0;0
4;6;0;10;10;20;8;0;0
5;6;0;10;10;20;8;0;0
6;6;0;10;10;20;8;0;0
7;6;0;10;10;20;8;0;0
8;6;0;10;10;20;8;0;0
9;6;0;10;10;20;8;0;0
10;6;0;10;10;20;8;0;0
11;6;0;10;10;20;8;0;0
12;6;0;10;10;20;8;0;0
13;6;0;10;10;20;8;0;0
14;6;0;10;10;20;8;0;0
15;6;0;10;10;20;8;0;0
16;6;0;10;10;20;8;0;0
17;6;0;10;10;20;8;0;0
18;6;0;10;10;20;8;0;0
19;6;0;10;10;20;8;0;0
20;6;0;10;10;20;8;0;0
21;6;0;10;10;20;8;0;0
22;6;0;10;10;20;8;0;0
23;6;0;10;10;20;8;0;0
24;6;0;10;10;20;8;0;0
25;6;0;10;10;20;8;0;0
26;6;0;10;10;20;8;0;0
27;6;0;10;10;20;8;0;0
28;6;0;10;10;20;8;0;0
29;6;0;10;10;20;8;0;0
30;6;0;10;10;20;8;0;0
31;6;0;10;10;20;8;0;0
32;6;0;10;10;20;8;0;0
33;6;0;10;10;20;8;0;0
34;6;0;10;10;20;8;0;0
35;6;0;10;10;20;8;0;0
36;6;0;10;10;20;8;0;0
37;6;0;10;10;20;8;0;0
38;6;0;10;10;20;8;0;0
39;6;0;10;10;20;8;0;0
40;6;0;10;10;20;8;0;0
41;6;0;10;10;20;8;0;0
42;6;0;10;10;20;8;0;0
43;6;0;10;10;20;8;0;0
44;6;0;10;10;20;8;0;0
45;6;0;10;10;20;8;0;0
46;6;0;10;10;20;8;0;0
47;6;0;10;10;20;8;0;0
48;6;0;10;10;20;8;0;0
49;6;0;10;10;20;8;0;0
50;6;0;10;10;20;8;0;0
51;6;0;10;10;20;8;0;0
52;6;0;10;10;20;8;0;0
53;6;0;10;10;20;8;0;0
54;6;0;10;10;20;8;0;0
55;6;0;10;10;20;8;0;0
56;6;0;10;10;20;8;0;0
57;6;0;10;10;20;8;0;0
58;6;0;10;10;20;8;0;0
59;6;0;10;10;20;8;0;0
60;6;0;10;10;20;8;0;0
61;6;0;10;10;20;8;0;0
62;6;0;10;10;20;8;0;0
63;6;0;10;10;20;8;0;0
64;6;0;10;10;20;8;0;0
65;6;0;10;10;20;8;0;0
66;6;0;10;10;20;8;0;0
67;6;0;10;10;20;8;0;0
68;6;0;10;10;20;8;0;0
69;6;0;10;10;20;8;0;0
70;6;0;10;10;20;8;0;0
71;6;0;10;10;20;8;0;0
72;6;0;10;10;20;8;0;0
73;6;0;10;10;20;8;0;0
74;6;0;10;10;20;8;0;0
75;6;0;10;10;20;8;0;0
76;6;0;10;10;20;8;0;0
77;6;0;10;10;20;8;0;0
78;6;0;10;10;20;8;0;0
79;6;0;10;10;20;8;0;0
80;6;0;10;10;20;8;0;0
81;6;0;10;10;20;8;0;0
82;6;0;10;10;20;8;0;0
83;6;0;10;10;20;8;0;0
84;6;0;10;10;20;8;0;0
85;6;0;10;10;20;8;0;0
86;6;0;10;10;20;8;0;0
87;6;0;10;10;20;8;0;0
88;6;0;10;10;20;8;0;0
89;6;0;10;10;20;8;0;0
90;6;0;10;10;20;8;0;0
91;6;0;10;10;20;8;0;0
92;6;0;10;10;20;8;0;0
93;6;0;10;10;20;8;0;0
94;6;0;10;10;20;8;0;0
95;6;0;10;10;20;8;0;0
96;6;0;10;10;20;8;0;0
97;6;0;10;10;20;8;0;0
98;6;0;10;10;20;8;0;0
99;6;0;10;10;20;8;0;0
0;6;0;10;10;20;8;0;0
1;6;0;10;10;20;8;0;0
2;6;0;10;10;20;8;0;0
3;6;0;10;10;20;8;0;0
4;6;0;10;10;20;8;0;0
5;6;0;10;10;20;8;0;0
6;6;0;10;10;20;8;0;0
7;6;0;10;10;20;8;0;0
8;6;0;10;10;20;8;0;0
9;6;0;10;10;20;8;0;0
10;6;0;10;10;20;8;0;0
11;6;0;10;10;20;8;0;0
12;6;0;10;10;20;8;0;0
13;6;0;10;10;20;8;0;0
14;6;0;10;10;20;8;0;0
15;6;0;10;10;20;8;0;0
16;6;0;10;10;20;8;0;0
17;6;0;10;10;20;8;0;0
18;6;0;10;10;20;8;0;0
19;6;0;10;10;20;8;0;0
20;6;0;10;10;20;8;0;0
21;6;0;10;10;20;8;0;0
22;6;0;10;10;20;8;0;0
23;6;0;10;10;20;8;0;0
24;6;0;10;10;20;8;0;0
25;6;0;10;10;20;8;0;0
26;6;0;10;10;20;8;0;0
27;6;0;10;10;20;8;0;0
28;6;0;10;10;20;8;0;0
29;6;0;10;10;20;8;0;0
30;6;0;10;10;20;8;0;0
31;6;0;10;10;20;8;0;0
32;6;0;10;10;20;8;0;0
33;6;0;10;10;20;8;0;0
34;6;0;10;10;20;8;0;0
35;6;0;10;10;20;8;0;0
36;6;0;10;10;20;8;0;0
37;6;0;10;10;20;8;0;0
38;6;0;10;10;20;8;0;0
39;6;0;10;10;20;8;0;0
40;6;0;10;10;20;8;0;0
41;6;0;10;10;20;8;0;0
42;6;0;10;10;20;8;0;0
43;6;0;10;10;20;8;0;0
44;6;0;10;10;20;8;0;0
45;6;0;10;10;20;8;0;0
46;6;0;10;10;20;8;0;0
47;6;0;10;10;20;8;0;0
48;6;0;10;10;20;8;0;0
49;6;0;10;10;20;8;0;0
50;6;0;10;10;20;8;0;0
51;6;0;10;10;20;8;0;0
52;6;0;10;10;20;8;0;0
53;6;0;10;10;20;8;0;0
54;6;0;10;10;20;8;0;0
55;6;0;10;10;20;8;0;0
56;6;0;10;10;20;8;0;0
57;6;0;10;10;20;8;0;0
58;6;0;10;10;20;8;0;0
59;6;0;10;10;20;8;0;0
60;6;0;10;10;20;8;0;0
61;6;0;10;10;20;8;0;0
62;6;0;10;10;20;8;0;0
63;6;0;10;10;20;8;0;0
64;6;0;10;10;20;8;0;0
65;6;0;10;10;20;8;0;0
66;6;0;10;10;20;8;0;0
67;6;0;10;10;20;8;0;0
68;6;0;10;10;20;8;0;0
69;6;0;10;10;20;8;0;0
70;6;0;10;10;20;8;0;0
71;6;0;10;10;20;8;0;0
72;6;0;10;10;20;8;0;0
73;6;0;10;10;20;8;0;0
74;6;0;10;10;20;8;0;0
75;6;0;10;10;20;8;0;0
76;6;0;10;10;20;8;0;0
77;6;0;10;10;20;8;0;0
78;6;0;10;10;20;8;0;0
79;6;0;10;10;20;8;0;0
80;6;0;10;10;20;8;0;0
81;6;0;10;10;20;8;0;0
82;6;0;10;10;20;8;0;0
83;6;0;10;10;20;8;0;0
84;6;0;10;10;20;8;0;0
85;6;0;10;10;20;8;0;0
86;6;0;10;10;20;8;0;0
87;6;0;10;10;20;8;0;0
88;6;0;10;10;20;8;0;0
89;6;0;10;10;20;8;0;0
90;6;0;10;10;20;8;0;0
91;6;0;10;10;20;8;0;0
92;6;0;10;10;20;8;0;0
93;6;0;10;10;20;8;0;0
94;6;0;10;10;20;8;0;0
95;6;0;10;10;20;8;0;0
96;6;0;10;10;20;8;0;0
97;6;0;10;10;20;8;0;0
98;6;0;10;10;20;8;0;0
99;6;0;10;10;20;8;0;0
0;6;0;10;10;20;8;0;0
1;6;0;10;10;20;8;0;0
2;6;0;10;10;20;8;0;0
3;6;0;10;10;20;8;0;0
4;6;0;10;10;20;8;0;0
5;6;0;10;10;20;8;0;0
6;6;0;10;10;20;8;0;0
7;6;0;10;10;20;8;0;0
8;6;0;10;10;20;8;0;0
9;6;0;10;10;20;8;0;0
10;6;0;10;10;20;8;0;0
11;6;0;10;10;20;8;0;0
12;6;0;10;10;20;8;0;0
13;6;0;10;10;20;8;0;0
14;6;0;10;10;20;8;0;0
15;6;0;10;10;20;8;0;0
16;6;0;10;10;20;8;0;0
17;6;0;10;10;20;8;0;0
18;6;0;10;10;20;8;0;0
19;6;0;10;10;20;8;0;0
20;6;0;10;10;20;8;0;0
21;6;0;10;10;20;8;0;0
22;6;0;10;10;20;8;0;0
23;6;0;10;10;20;8;0;0
24;6;0;10;10;20;8;0;0
25;6;0;10;10;20;8;0;0
26;6;0;10;10;20;8;0;0
27;6;0;10;10;20;8;0;0
28;6;0;10;10;20;8;0;0
29;6;0;10;10;20;8;0;0
30;6;0;10;10;20;8;0;0
31;6;0;10;10;20;8;0;0
32;6;0;10;10;20;8;0;0
33;6;0;10;10;20;8;0;0
34;6;0;10;10;20;8;0;0
35;6;0;10;10;20;8;0;0
36;6;0;10;10;20;8;0;0
37;6;0;10;10;20;8;0;0
38;6;0;10;10;20;8;0;0
39;6;0;10;10;20;8;0;0
40;6;0;10;10;20;8;0;0
41;6;0;10;10;20;8;0;0
42;6;0;10;10;20;8;0;0
43;6;0;10;10;20;8;0;0
44;6;0;10;10;20;8;0;0
45;6;0;10;10;20;8;0;0
46;6;0;10;10;20;8;0;0
47;6;0;10;10;20;8;0;0
48;6;0;10;10;20;8;0;0
49;6;0;10;10;20;8;0;0
50;6;0;10;10;20;8;0;0
51;6;0;10;10;20;8;0;0
52;6;0;10;10;20;8;0;0
53;6;0;10;10;20;8;0;0
54;6;0;10;10;20;8;0;0
55;6;0;10;10;20;8;0;0
56;6;0;10;10;20;8;0;0
57;6;0;10;10;20;8;0;0
58;6;0;10;10;20;8;0;0
59;6;0;10;10;20;8;0;0
60;6;0;10;10;20;8;0;0
61;6;0;10;10;20;8;0;0
62;6;0;10;10;20;8;0;0
63;6;0;10;10;20;8;0;0
64;6;0;10;10;20;8;0;0
65;6;0;10;10;20;8;0;0
66;6;0;10;10;20;8;0;0
67;6;0;10;10;20;8;0;0
68;6;0;10;10;20;8;0;0
69;6;0;10;10;20;8;0;0
70;6;0;10;10;20;8;0;0
71;6;0;10;10;20;8;0;0
72;6;0;10;10;20;8;0;0
73;6;0;10;10;20;8;0;0
74;6;0;10;10;20;8;0;0
75;6;0;10;10;20;8;0;0
76;6;0;10;10;20;8;0;0
77;6;0;10;10;20;8;0;0
78;6;0;10;10;20;8;0;0
79;6;0;10;10;20;8;0;0
80;6;0;10;10;20;8;0;0
81;6;0;10;10;20;8;0;0
82;6;0;10;10;20;8;0;0
83;6;0;10;10;20;8;0;0
84;6;0;10;10;20;8;0;0
85;6;0;10;10;20;8;0;0
86;6;0;10;10;20;8;0;0
87;6;0;10;10;20;8;0;0
88;6;0;10;10;20;8;0;0
89;6;0;10;10;20;8;0;0
90;6;0;10;10;20;8;0;0
91;6;0;10;10;20;8;0;0
92;6;0;10;10;20;8;0;0
93;6;0;10;10;20;8;0;0
94;6;0;10;10;20;8;0;0
95;6;0;10;10;20;8;0;0
96;6;0;10;10;20;8;0;0
97;6;0;10;10;20;8;0;0
98;6;0;10;10;20;8;0;0
99;6;0;10;10;20;8;0;0
0;6;0;10;10;20;8;0;0
1;6;0;10;10;20;8;0;0
2;6;0;10;10;20;8;0;0
3;6;8;10;10;20;8;171916;1726178101423177088
4;6;0;10;10;20;8;0;0
5;6;0;10;10;20;8;0;0
6;6;0;10;10;20;8;0;0
7;6;0;10;10;20;8;0;0
8;6;0;10;10;20;8;0;0
9;6;0;10;10;20;8;0;0
10;6;0;10;10;20;8;0;0
11;6;0;10;10;20;8;0;0
12;6;0;10;10;20;8;0;0
13;6;0;10;10;20;8;0;0
14;6;0;10;10;20;8;0;0
15;6;0;10;10;20;8;0;0
16;6;0;10;10;20;8;0;0
17;6;0;10;10;20;8;0;0
18;6;0;10;10;20;8;0;0
19;6;0;10;10;20;8;0;0
20;6;0;10;10;20;8;0;0
21;6;0;10;10;20;8;0;0
22;6;0;10;10;20;8;0;0
23;6;0;10;10;20;8;0;0
24;6;0;10;10;20;8;0;0
25;6;0;10;10;20;8;0;0
26;6;0;10;10;20;8;0;0
27;6;0;10;10;20;8;0;0
28;6;0;10;10;20;8;0;0
29;6;0;10;10;20;8;0;0
30;6;0;10;10;20;8;0;0
31;6;0;10;10;20;8;0;0
32;6;0;10;10;20;8;0;0
33;6;0;10;10;20;8;0;0
34;6;0;10;10;20;8;0;0
35;6;0;10;10;20;8;0;0
36;6;0;10;10;20;8;0;0
37;6;0;10;10;20;8;0;0
38;6;0;10;10;20;8;0;0
39;6;0;10;10;20;8;0;0
40;6;0;10;10;20;8;0;0
41;6;0;10;10;20;8;0;0
42;6;0;10;10;20;8;0;0
43;6;0;10;10;20;8;0;0
44;6;0;10;10;20;8;0;0
45;6;0;10;10;20;8;0;0
46;6;0;10;10;20;8;0;0
47;6;0;10;10;20;8;0;0
48;6;0;10;10;20;8;0;0
49;6;0;10;10;20;8;0;0
50;6;0;10;10;20;8;0;0
51;6;0;10;10;20;8;0;0
52;6;0;10;10;20;8;0;0
53;6;0;10;10;20;8;0;0
54;6;0;10;10;20;8;0;0
55;6;0;10;10;20;8;0;0
56;6;0;10;10;20;8;0;0
57;6;0;10;10;20;8;0;0
58;6;0;10;10;20;8;0;0
59;6;0;10;10;20;8;0;0
60;6;0;10;10;20;8;0;0
61;6;0;10;10;20;8;0;0
62;6;0;10;10;20;8;0;0
63;6;0;10;10;20;8;0;0
64;6;0;10;10;20;8;0;0
65;6;0;10;10;20;8;0;0
66;6;0;10;10;20;8;0;0
67;6;0;10;10;20;8;0;0
68;6;0;10;10;20;8;0;0
69;6;0;10;10;20;8;0;0
70;6;0;10;10;20;8;0;0
71;6;0;10;10;20;8;0;0
72;6;0;10;10;20;8;0;0
73;6;0;10;10;20;8;0;0
74;6;0;10;10;20;8;0;0
75;6;0;10;10;20;8;0;0
76;6;0;10;10;20;8;0;0
77;6;0;10;10;20;8;0;0
78;6;0;10;10;20;8;0;0
79;6;0;10;10;20;8;0;0
80;6;0;10;10;20;8;0;0
81;6;0;10;10;20;8;0;0
82;6;0;10;10;20;8;0;0
83;6;0;10;10;20;8;0;0
84;6;0;10;10;20;8;0;0
85;6;0;10;10;20;8;0;0
86;6;0;10;10;20;8;0;0
87;6;0;10;10;20;8;0;0
88;6;0;10;10;20;8;0;0
89;6;0;10;10;20;8;0;0
90;6;0;10;10;20;8;0;0
91;6;0;10;10;20;8;0;0
92;6;0;10;10;20;8;0;0
93;6;0;10;10;20;8;0;0
94;6;0;10;10;20;8;0;0
95;6;0;10;10;20;8;0;0
96;6;0;10;10;20;8;0;0
97;6;0;10;10;20;8;0;0
98;6;0;10;10;20;8;0;0
99;6;0;10;10;20;8;0;0
0;6;0;10;10;20;8;0;0
1;6;0;10;10;20;8;0;0
2;6;0;10;10;20;8;0;0
3;6;0;10;10;20;8;0;0
4;6;9;10;10;20;8;211813;1726178101433148759
5;6;0;10;10;20;8;0;0
6;6;0;10;10;20;8;0;0
7;6;0;10;10;20;8;0;0
8;6;0;10;10;20;8;0;0
9;6;0;10;10;20;8;0;0
10;6;0;10;10;20;8;0;0
11;6;0;10;10;20;8;0;0
12;6;0;10;10;20;8;0;0
13;6;0;10;10;20;8;0;0
14;6;0;10;10;20;8;0;0
15;6;0;10;10;20;8;0;0
16;6;0;10;10;20;8;0;0
17;6;0;10;10;20;8;0;0
18;6;0;10;10;20;8;0;0
19;6;0;10;10;20;8;0;0
20;6;0;10;10;20;8;0;0
21;6;0;10;10;20;8;0;0
22;6;0;10;10;20;8;0;0
23;6;0;10;10;20;8;0;0
24;6;0;10;10;20;8;0;0
25;6;0;10;10;20;8;0;0
26;6;0;10;10;20;8;0;0
27;6;0;10;10;20;8;0;0
28;6;0;10;10;20;8;0;0
29;6;0;10;10;20;8;0;0
30;6;0;10;10;20;8;0;0
31;6;0;10;10;20;8;0;0
32;6;0;10;10;20;8;0;0
33;6;0;10;10;20;8;0;0
34;6;0;10;10;20;8;0;0
35;6;0;10;10;20;8;0;0
36;6;0;10;10;20;8;0;0
37;6;0;10;10;20;8;0;0
38;6;0;10;10;20;8;0;0
39;6;0;10;10;20;8;0;0
40;6;0;10;10;20;8;0;0
41;6;0;10;10;20;8;0;0
42;6;0;10;10;20;8;0;0
43;6;0;10;10;20;8;0;0
44;6;0;10;10;20;8;0;0
45;6;0;10;10;20;8;0;0
46;6;9;10;10;20;8;445775;1726178101853134178
47;6;0;10;10;20;8;0;0
48;6;0;10;10;20;8;0;0
49;6;0;10;10;20;8;0;0
50;6;0;10;10;20;8;0;0
51;6;0;10;10;20;8;0;0
52;6;0;10;10;20;8;0;0
53;6;0;10;10;20;8;0;0
54;6;0;10;10;20;8;0;0
55;6;0;10;10;20;8;0;0
56;6;0;10;10;20;8;0;0
57;6;0;10;10;20;8;0;0
58;6;0;10;10;20;8;0;0
59;6;0;10;10;20;8;0;0
60;6;0;10;10;20;8;0;0
61;6;0;10;10;20;8;0;0
62;6;0;10;10;20;8;0;0
63;6;0;10;10;20;8;0;0
64;6;0;10;10;20;8;0;0
65;6;0;10;10;20;8;0;0
66;6;0;10;10;20;8;0;0
67;6;0;10;10;20;8;0;0
68;6;0;10;10;20;8;0;0
69;6;0;10;10;20;8;0;0
70;6;0;10;10;20;8;0;0
71;6;0;10;10;20;8;0;0
72;6;0;10;10;20;8;0;0
73;6;0;10;10;20;8;0;0
74;6;0;10;10;20;8;0;0
75;6;0;10;10;20;8;0;0
76;6;0;10;10;20;8;0;0
77;6;0;10;10;20;8;0;0
78;6;0;10;10;20;8;0;0
79;6;0;10;10;20;8;0;0
80;6;0;10;10;20;8;0;0
81;6;0;10;10;20;8;0;0
82;6;0;10;10;20;8;0;0
83;6;0;10;10;20;8;0;0
84;6;0;10;10;20;8;0;0
85;6;0;10;10;20;8;0;0
86;6;0;10;10;20;8;0;0
87;6;0;10;10;20;8;0;0
88;6;0;10;10;20;8;0;0
89;6;0;10;10;20;8;0;0
90;6;0;10;10;20;8;0;0
91;6;0;10;10;20;8;0;0
92;6;0;10;10;20;8;0;0
93;6;0;10;10;20;8;0;0
94;6;0;10;10;20;8;0;0
95;6;0;10;10;20;8;0;0
96;6;0;10;10;20;8;0;0
97;6;0;10;10;20;8;0;0
98;6;0;10;10;20;8;0;0
99;6;0;10;10;20;8;0;0
0;6;10;10;10;20;8;251448;1726178101393323332
1;6;10;10;10;20;8;304580;1726178101403338379
2;6;10;10;10;20;8;272205;1726178101413342275
3;6;10;10;10;20;8;334614;1726178101423197303
4;6;10;10;10;20;8;344606;1726178101433182595
5;6;10;10;10;20;8;172030;1726178101443169908
6;6;10;10;10;20;8;169851;1726178101453084326
7;6;10;10;10;20;8;168446;1726178101463143460
8;6;10;10;10;20;8;201515;1726178101473144057
9;6;10;10;10;20;8;180131;1726178101483153260
10;6;10;10;10;20;8;178034;1726178101493148363
11;6;10;10;10;20;8;204130;1726178101503159692
12;6;10;10;10;20;8;172449;1726178101513158328
13;6;10;10;10;20;8;184669;1726178101523134006
14;6;10;10;10;20;8;190030;1726178101533144548
15;6;10;10;10;20;8;156004;1726178101543172922
16;6;10;10;10;20;8;544794;1726178101553155327
17;6;10;10;10;20;8;163013;1726178101563163703
18;6;10;10;10;20;8;167086;1726178101573162484
19;6;10;10;10;20;8;229156;1726178101583147111
20;6;10;10;10;20;8;181085;1726178101593083895
21;6;10;10;10;20;8;185493;1726178101603155050
22;6;10;10;10;20;8;181558;1726178101613155814
23;6;10;10;10;20;8;176542;1726178101623147069
24;6;10;10;10;20;8;183542;1726178101633155962
25;6;10;10;10;20;8;200716;1726178101643153677
26;6;10;10;10;20;8;409701;1726178101653155813
27;6;10;10;10;20;8;161775;1726178101663159130
28;6;10;10;10;20;8;181001;1726178101673143085
29;6;10;10;10;20;8;225020;1726178101683136709
30;6;10;10;10;20;8;208950;1726178101693145102
31;6;10;10;10;20;8;180723;1726178101703175061
32;6;10;10;10;20;8;180315;1726178101713145858
33;6;10;10;10;20;8;189702;1726178101723144966
34;6;10;10;10;20;8;196567;1726178101733149963
35;6;10;10;10;20;8;203135;1726178101743139541
36;6;10;10;10;20;8;472239;1726178101753179002
37;6;10;10;10;20;8;181729;1726178101763171091
38;6;10;10;10;20;8;160895;1726178101773189544
39;6;10;10;10;20;8;228011;1726178101783173382
40;6;10;10;10;20;8;167498;1726178101793198501
41;6;10;10;10;20;8;176374;1726178101803183498
42;6;10;10;10;20;8;194301;1726178101813176980
43;6;10;10;10;20;8;178915;1726178101823190462
44;6;10;10;10;20;8;164174;1726178101833187376
45;6;10;10;10;20;8;169608;1726178101843185754
46;6;10;10;10;20;8;583702;1726178101853157348
47;6;10;10;10;20;8;161907;1726178101863160165
48;6;10;10;10;20;8;195971;1726178101873144915
49;6;10;10;10;20;8;215030;1726178101883145985
50;6;10;10;10;20;8;174027;1726178101893148149
51;6;10;10;10;20;8;185247;1726178101903147615
52;6;10;10;10;20;8;175273;1726178101913147165
53;6;10;10;10;20;8;188134;1726178101923147141
54;6;10;10;10;20;8;189429;1726178101933149037
55;6;10;10;10;20;8;190722;1726178101943150870
56;6;10;10;10;20;8;401532;1726178101953143241
57;6;10;10;10;20;8;192798;1726178101963149816
58;6;10;10;10;20;8;185042;1726178101973159692
59;6;10;10;10;20;8;202742;1726178101983154243
60;6;10;10;10;20;8;185654;1726178101993155034
61;6;10;10;10;20;8;199190;1726178102003154560
62;6;10;10;10;20;8;191282;1726178102013148018
63;6;10;10;10;20;8;198979;1726178102023152069
64;6;10;10;10;20;8;198619;1726178102033157056
65;6;10;10;10;20;8;202052;1726178102043137771
66;6;10;10;10;20;8;454755;1726178102053175842
67;6;10;10;10;20;8;166181;1726178102063172964
68;6;10;10;10;20;8;156954;1726178102073189528
69;6;10;10;10;20;8;192653;1726178102083187694
70;6;10;10;10;20;8;168042;1726178102093169142
71;6;10;10;10;20;8;125913;1726178102103211332
72;6;10;10;10;20;8;162129;1726178102113176743
73;6;10;10;10;20;8;173435;1726178102123180224
74;6;10;10;10;20;8;179362;1726178102133183764
75;6;10;10;10;20;8;181075;1726178102143180914
76;6;10;10;10;20;8;458942;1726178102153187384
77;6;10;10;10;20;8;182014;1726178102163176200
78;6;10;10;10;20;8;183388;1726178102173177170
79;6;10;10;10;20;8;220194;1726178102183174923
80;6;10;10;10;20;8;162879;1726178102193176823
81;6;10;10;10;20;8;177762;1726178102203183462
82;6;10;10;10;20;8;172971;1726178102213181014
83;6;10;10;10;20;8;157179;1726178102223181298
84;6;10;10;10;20;8;182563;1726178102233179617
85;6;10;10;10;20;8;177543;1726178102243179762
86;6;10;10;10;20;8;393098;1726178102253181576
87;6;10;10;10;20;8;162417;1726178102263178061
88;6;10;10;10;20;8;229197;1726178102273176744
89;6;10;10;10;20;8;205024;1726178102283187913
90;6;10;10;10;20;8;160287;1726178102293178498
91;6;10;10;10;20;8;196759;1726178102303179633
92;6;10;10;10;20;8;179290;1726178102313180383
93;6;10;10;10;20;8;163707;1726178102323187530
94;6;10;10;10;20;8;164306;1726178102333178615
95;6;10;10;10;20;8;196930;1726178102343187588
96;6;10;10;10;20;8;427098;1726178102353145630
97;6;10;10;10;20;8;190246;1726178102363140483
98;6;10;10;10;20;8;161872;1726178102373158562
99;6;10;10;10;20;8;252842;1726178102383144510
0;6;11;10;10;20;8;437077;1726178101393332010
1;6;11;10;10;20;8;502172;1726178101403352636
2;6;11;10;10;20;8;460576;1726178101413354727
3;6;11;10;10;20;8;484147;1726178101423206659
4;6;11;10;10;20;8;494412;1726178101433192032
5;6;11;10;10;20;8;330754;1726178101443176692
6;6;11;10;10;20;8;332718;1726178101453091595
7;6;11;10;10;20;8;329677;1726178101463150813
8;6;11;10;10;20;8;357229;1726178101473157072
9;6;11;10;10;20;8;344573;1726178101483158272
10;6;11;10;10;20;8;342700;1726178101493153863
11;6;11;10;10;20;8;367167;1726178101503166253
12;6;11;10;10;20;8;333162;1726178101513166296
13;6;11;10;10;20;8;348064;1726178101523140722
14;6;11;10;10;20;8;353268;1726178101533152711
15;6;11;10;10;20;8;320324;1726178101543177771
16;6;11;10;10;20;8;687410;1726178101553173317
17;6;11;10;10;20;8;320374;1726178101563171382
18;6;11;10;10;20;8;327716;1726178101573166908
19;6;11;10;10;20;8;391406;1726178101583151474
20;6;11;10;10;20;8;338591;1726178101593091424
21;6;11;10;10;20;8;344850;1726178101603162160
22;6;11;10;10;20;8;339983;1726178101613162717
23;6;11;10;10;20;8;338065;1726178101623150364
24;6;11;10;10;20;8;339113;1726178101633165392
25;6;11;10;10;20;8;352548;1726178101643166885
26;6;11;10;10;20;8;546124;1726178101653180211
27;6;11;10;10;20;8;323046;1726178101663162644
28;6;11;10;10;20;8;339952;1726178101673148925
29;6;11;10;10;20;8;385579;1726178101683140247
30;6;11;10;10;20;8;369167;1726178101693149229
31;6;11;10;10;20;8;333907;1726178101703187616
32;6;11;10;10;20;8;338790;1726178101713152392
33;6;11;10;10;20;8;347648;1726178101723152763
34;6;11;10;10;20;8;356610;1726178101733154707
35;6;11;10;10;20;8;365139;1726178101743143074
36;6;11;10;10;20;8;625774;1726178101753185336
37;6;11;10;10;20;8;339380;1726178101763174983
38;6;11;10;10;20;8;317899;1726178101773194280
39;6;11;10;10;20;8;386774;1726178101783176591
40;6;11;10;10;20;8;323714;1726178101793203104
41;6;11;10;10;20;8;341724;1726178101803194759
42;6;11;10;10;20;8;348647;1726178101813183230
43;6;11;10;10;20;8;350876;1726178101823194699
44;6;11;10;10;20;8;320797;1726178101833190863
45;6;11;10;10;20;8;338904;1726178101843190310
46;6;11;10;10;20;8;732571;1726178101853166241
47;6;11;10;10;20;8;320289;1726178101863166665
48;6;11;10;10;20;8;356032;1726178101873148318
49;6;11;10;10;20;8;370983;1726178101883155748
50;6;11;10;10;20;8;333725;1726178101893152518
51;6;11;10;10;20;8;348222;1726178101903150999
52;6;11;10;10;20;8;337985;1726178101913150960
53;6;11;10;10;20;8;350287;1726178101923150262
54;6;11;10;10;20;8;352055;1726178101933152379
55;6;11;10;10;20;8;354058;1726178101943154286
56;6;11;10;10;20;8;551689;1726178101953152621
57;6;11;10;10;20;8;350566;1726178101963156861
58;6;11;10;10;20;8;341398;1726178101973166809
59;6;11;10;10;20;8;363312;1726178101983159242
60;6;11;10;10;20;8;347685;1726178101993158340
61;6;11;10;10;20;8;347470;1726178102003170871
62;6;11;10;10;20;8;348573;1726178102013156365
63;6;11;10;10;20;8;361006;1726178102023155230
64;6;11;10;10;20;8;353945;1726178102033167035
65;6;11;10;10;20;8;363592;1726178102043141239
66;6;11;10;10;20;8;608538;1726178102053182287
67;6;11;10;10;20;8;334912;1726178102063176970
68;6;11;10;10;20;8;326937;1726178102073195719
69;6;11;10;10;20;8;362574;1726178102083191764
70;6;11;10;10;20;8;325479;1726178102093175658
71;6;11;10;10;20;8;297709;1726178102103215580
72;6;11;10;10;20;8;328446;1726178102113187101
73;6;11;10;10;20;8;341702;1726178102123186356
74;6;11;10;10;20;8;336520;1726178102133187269
75;6;11;10;10;20;8;345759;1726178102143191570
76;6;11;10;10;20;8;591206;1726178102153215638
77;6;11;10;10;20;8;353550;1726178102163179804
78;6;11;10;10;20;8;352145;1726178102173183215
79;6;11;10;10;20;8;373467;1726178102183185434
80;6;11;10;10;20;8;324268;1726178102193181048
81;6;11;10;10;20;8;346736;1726178102203189561
82;6;11;10;10;20;8;343569;1726178102213185906
83;6;11;10;10;20;8;327256;1726178102223185783
84;6;11;10;10;20;8;350786;1726178102233183768
85;6;11;10;10;20;8;345259;1726178102243187277
86;6;11;10;10;20;8;549107;1726178102253186063
87;6;11;10;10;20;8;331545;1726178102263183940
88;6;11;10;10;20;8;383608;1726178102273183357
89;6;11;10;10;20;8;366313;1726178102283191761
90;6;11;10;10;20;8;328431;1726178102293184614
91;6;11;10;10;20;8;351687;1726178102303185596
92;6;11;10;10;20;8;343264;1726178102313188072
93;6;11;10;10;20;8;335596;1726178102323192258
94;6;11;10;10;20;8;319733;1726178102333188712
95;6;11;10;10;20;8;352821;1726178102343194579
96;6;11;10;10;20;8;580426;1726178102353152715
97;6;11;10;10;20;8;352954;1726178102363143680
98;6;11;10;10;20;8;312873;1726178102373173269
99;6;11;10;10;20;8;491339;1726178102383152599
0;6;12;10;10;20;8;581376;1726178101393345922
1;6;12;10;10;20;8;652309;1726178101403363582
2;6;12;10;10;20;8;606691;1726178101413367811
3;6;12;10;10;20;8;651914;1726178101423215062
4;6;12;10;10;20;8;647895;1726178101433196449
5;6;12;10;10;20;8;485836;1726178101443180365
6;6;12;10;10;20;8;493275;1726178101453095431
7;6;12;10;10;20;8;481745;1726178101463161126
8;6;12;10;10;20;8;516206;1726178101473160913
9;6;12;10;10;20;8;500859;1726178101483164691
10;6;12;10;10;20;8;498315;1726178101493161816
11;6;12;10;10;20;8;523333;1726178101503173459
12;6;12;10;10;20;8;490358;1726178101513171635
13;6;12;10;10;20;8;503691;1726178101523147579
14;6;12;10;10;20;8;508431;1726178101533160765
15;6;12;10;10;20;8;478794;1726178101543181324
16;6;12;10;10;20;8;816448;1726178101553202013
17;6;12;10;10;20;8;466252;1726178101563185169
18;6;12;10;10;20;8;482913;1726178101573170356
19;6;12;10;10;20;8;557446;1726178101583156604
20;6;12;10;10;20;8;484976;1726178101593103867
21;6;12;10;10;20;8;497165;1726178101603168908
22;6;12;10;10;20;8;490585;1726178101613170005
23;6;12;10;10;20;8;492703;1726178101623153736
24;6;12;10;10;20;8;493579;1726178101633170504
25;6;12;10;10;20;8;502453;1726178101643174951
26;6;12;10;10;20;8;699073;1726178101653185566
27;6;12;10;10;20;8;474482;1726178101663168678
28;6;12;10;10;20;8;491037;1726178101673157209
29;6;12;10;10;20;8;522974;1726178101683161615
30;6;12;10;10;20;8;515614;1726178101693159661
31;6;12;10;10;20;8;487783;1726178101703192433
32;6;12;10;10;20;8;489300;1726178101713160860
33;6;12;10;10;20;8;496050;1726178101723163399
34;6;12;10;10;20;8;505625;1726178101733163141
35;6;12;10;10;20;8;511514;1726178101743154633
36;6;12;10;10;20;8;777188;1726178101753191418
37;6;12;10;10;20;8;483664;1726178101763185007
38;6;12;10;10;20;8;470349;1726178101773198032
39;6;12;10;10;20;8;582607;1726178101783180168
40;6;12;10;10;20;8;475902;1726178101793206465
41;6;12;10;10;20;8;486623;1726178101803204605
42;6;12;10;10;20;8;496550;1726178101813190108
43;6;12;10;10;20;8;515521;1726178101823201959
44;6;12;10;10;20;8;472918;1726178101833194102
45;6;12;10;10;20;8;488264;1726178101843196048
46;6;12;10;10;20;8;881732;1726178101853173916
47;6;12;10;10;20;8;473429;1726178101863172627
48;6;12;10;10;20;8;512146;1726178101873151664
49;6;12;10;10;20;8;521988;1726178101883162644
50;6;12;10;10;20;8;488734;1726178101893156590
51;6;12;10;10;20;8;503656;1726178101903154335
52;6;12;10;10;20;8;490304;1726178101913159244
53;6;12;10;10;20;8;506269;1726178101923154217
54;6;12;10;10;20;8;507329;1726178101933156404
55;6;12;10;10;20;8;510500;1726178101943157683
56;6;12;10;10;20;8;706546;1726178101953156368
57;6;12;10;10;20;8;501052;1726178101963166122
58;6;12;10;10;20;8;494128;1726178101973173075
59;6;12;10;10;20;8;514894;1726178101983166383
60;6;12;10;10;20;8;502012;1726178101993162107
61;6;12;10;10;20;8;502306;1726178102003175437
62;6;12;10;10;20;8;499971;1726178102013163426
63;6;12;10;10;20;8;516349;1726178102023158993
64;6;12;10;10;20;8;502737;1726178102033176509
65;6;12;10;10;20;8;519425;1726178102043144529
66;6;12;10;10;20;8;733676;1726178102053215189
67;6;12;10;10;20;8;481428;1726178102063184366
68;6;12;10;10;20;8;476342;1726178102073202112
69;6;12;10;10;20;8;535288;1726178102083196092
70;6;12;10;10;20;8;477872;1726178102093182339
71;6;12;10;10;20;8;449093;1726178102103219469
72;6;12;10;10;20;8;479932;1726178102113191661
73;6;12;10;10;20;8;490254;1726178102123193844
74;6;12;10;10;20;8;486925;1726178102133190502
75;6;12;10;10;20;8;494090;1726178102143197512
76;6;12;10;10;20;8;738869;1726178102153225316
77;6;12;10;10;20;8;502289;1726178102163185932
78;6;12;10;10;20;8;501352;1726178102173189235
79;6;12;10;10;20;8;540916;1726178102183193031
80;6;12;10;10;20;8;475909;1726178102193188640
81;6;12;10;10;20;8;492572;1726178102203199859
82;6;12;10;10;20;8;492331;1726178102213192017
83;6;12;10;10;20;8;474180;1726178102223193604
84;6;12;10;10;20;8;500575;1726178102233187784
85;6;12;10;10;20;8;495055;1726178102243191129
86;6;12;10;10;20;8;704096;1726178102253189819
87;6;12;10;10;20;8;478155;1726178102263190577
88;6;12;10;10;20;8;531652;1726178102273189344
89;6;12;10;10;20;8;535415;1726178102283197450
90;6;12;10;10;20;8;474366;1726178102293194652
91;6;12;10;10;20;8;501383;1726178102303190366
92;6;12;10;10;20;8;492670;1726178102313192621
93;6;12;10;10;20;8;485372;1726178102323198369
94;6;12;10;10;20;8;487542;1726178102333192718
95;6;12;10;10;20;8;531166;1726178102343199205
96;6;12;10;10;20;8;731191;1726178102353160281
97;6;12;10;10;20;8;500245;1726178102363154941
98;6;12;10;10;20;8;467326;1726178102373177584
99;6;12;10;10;20;8;723559;1726178102383161734
0;6;13;10;10;20;8;728546;1726178101393356014
1;6;13;10;10;20;8;800933;1726178101403373613
2;6;13;10;10;20;8;751786;1726178101413380581
3;6;13;10;10;20;8;799311;1726178101423224781
4;6;13;10;10;20;8;799672;1726178101433203197
5;6;13;10;10;20;8;651096;1726178101443188345
6;6;13;10;10;20;8;648741;1726178101453101983
7;6;13;10;10;20;8;645322;1726178101463167385
8;6;13;10;10;20;8;670015;1726178101473168316
9;6;13;10;10;20;8;669953;1726178101483173099
10;6;13;10;10;20;8;653443;1726178101493168165
11;6;13;10;10;20;8;697545;1726178101503180216
12;6;13;10;10;20;8;644638;1726178101513178558
13;6;13;10;10;20;8;680149;1726178101523153995
14;6;13;10;10;20;8;662659;1726178101533167925
15;6;13;10;10;20;8;651875;1726178101543185201
16;6;13;10;10;20;8;967601;1726178101553209054
17;6;13;10;10;20;8;660572;1726178101563192946
18;6;13;10;10;20;8;637428;1726178101573173788
19;6;13;10;10;20;8;713920;1726178101583163739
20;6;13;10;10;20;8;650055;1726178101593112833
21;6;13;10;10;20;8;694196;1726178101603177836
22;6;13;10;10;20;8;638413;1726178101613179807
23;6;13;10;10;20;8;662554;1726178101623157138
24;6;13;10;10;20;8;644192;1726178101633178696
25;6;13;10;10;20;8;668439;1726178101643181509
26;6;13;10;10;20;8;853545;1726178101653189321
27;6;13;10;10;20;8;650376;1726178101663175423
28;6;13;10;10;20;8;638509;1726178101673166266
29;6;13;10;10;20;8;679164;1726178101683169514
30;6;13;10;10;20;8;663859;1726178101693166778
31;6;13;10;10;20;8;658953;1726178101703196259
32;6;13;10;10;20;8;638646;1726178101713169913
33;6;13;10;10;20;8;658346;1726178101723174128
34;6;13;10;10;20;8;657143;1726178101733169726
35;6;13;10;10;20;8;679724;1726178101743162830
36;6;13;10;10;20;8;904742;1726178101753221793
37;6;13;10;10;20;8;684727;1726178101763188704
38;6;13;10;10;20;8;621954;1726178101773201433
39;6;13;10;10;20;8;732627;1726178101783183976
40;6;13;10;10;20;8;626390;1726178101793209553
41;6;13;10;10;20;8;645099;1726178101803208759
42;6;13;10;10;20;8;644127;1726178101813196327
43;6;13;10;10;20;8;668706;1726178101823208711
44;6;13;10;10;20;8;624056;1726178101833197688
45;6;13;10;10;20;8;674504;1726178101843206616
46;6;13;10;10;20;8;1027319;1726178101853185099
47;6;13;10;10;20;8;687511;1726178101863183951
48;6;13;10;10;20;8;657408;1726178101873163581
49;6;13;10;10;20;8;684701;1726178101883166444
50;6;13;10;10;20;8;643541;1726178101893160079
51;6;13;10;10;20;8;666122;1726178101903165906
52;6;13;10;10;20;8;641939;1726178101913166108
53;6;13;10;10;20;8;678132;1726178101923157504
54;6;13;10;10;20;8;661805;1726178101933160221
55;6;13;10;10;20;8;672252;1726178101943171650
56;6;13;10;10;20;8;856827;1726178101953163780
57;6;13;10;10;20;8;671095;1726178101963170142
58;6;13;10;10;20;8;640682;1726178101973184375
59;6;13;10;10;20;8;684771;1726178101983170384
60;6;13;10;10;20;8;655381;1726178101993165403
61;6;13;10;10;20;8;663851;1726178102003179198
62;6;13;10;10;20;8;649688;1726178102013171140
63;6;13;10;10;20;8;686157;1726178102023162210
64;6;13;10;10;20;8;653557;1726178102033183172
65;6;13;10;10;20;8;676340;1726178102043152543
66;6;13;10;10;20;8;882295;1726178102053223660
67;6;13;10;10;20;8;671598;1726178102063191042
68;6;13;10;10;20;8;624728;1726178102073208528
69;6;13;10;10;20;8;696524;1726178102083202550
70;6;13;10;10;20;8;628141;1726178102093188313
71;6;13;10;10;20;8;644614;1726178102103225073
72;6;13;10;10;20;8;626736;1726178102113198179
73;6;13;10;10;20;8;655932;1726178102123198426
74;6;13;10;10;20;8;636530;1726178102133194070
75;6;13;10;10;20;8;658508;1726178102143204020
76;6;13;10;10;20;8;883410;1726178102153237839
77;6;13;10;10;20;8;692054;1726178102163194206
78;6;13;10;10;20;8;650025;1726178102173195853
79;6;13;10;10;20;8;700972;1726178102183200785
80;6;13;10;10;20;8;628478;1726178102193193372
81;6;13;10;10;20;8;678535;1726178102203204115
82;6;13;10;10;20;8;635141;1726178102213203416
83;6;13;10;10;20;8;637182;1726178102223200112
84;6;13;10;10;20;8;647878;1726178102233194523
85;6;13;10;10;20;8;656871;1726178102243197484
86;6;13;10;10;20;8;833618;1726178102253218108
87;6;13;10;10;20;8;667327;1726178102263196721
88;6;13;10;10;20;8;677051;1726178102273197684
89;6;13;10;10;20;8;684301;1726178102283207544
90;6;13;10;10;20;8;625597;1726178102293198844
91;6;13;10;10;20;8;665880;1726178102303196886
92;6;13;10;10;20;8;639954;1726178102313198977
93;6;13;10;10;20;8;675375;1726178102323205284
94;6;13;10;10;20;8;637277;1726178102333196615
95;6;13;10;10;20;8;695868;1726178102343205107
96;6;13;10;10;20;8;850655;1726178102353198018
97;6;13;10;10;20;8;710350;1726178102363159126
98;6;13;10;10;20;8;622161;1726178102373180983
99;6;13;10;10;20;8;926272;1726178102383175746
0;6;14;10;10;20;8;875592;1726178101393365772
1;6;14;10;10;20;8;948691;1726178101403385381
2;6;14;10;10;20;8;884070;1726178101413406338
3;6;14;10;10;20;8;944261;1726178101423236760
4;6;14;10;10;20;8;942483;1726178101433216511
5;6;14;10;10;20;8;802553;1726178101443194296
6;6;14;10;10;20;8;826943;1726178101453108597
7;6;14;10;10;20;8;801615;1726178101463173463
8;6;14;10;10;20;8;824309;1726178101473174620
9;6;14;10;10;20;8;827820;1726178101483177313
10;6;14;10;10;20;8;803865;1726178101493179709
11;6;14;10;10;20;8;852484;1726178101503187239
12;6;14;10;10;20;8;799149;1726178101513185824
13;6;14;10;10;20;8;831989;1726178101523164728
14;6;14;10;10;20;8;816785;1726178101533174430
15;6;14;10;10;20;8;810101;1726178101543188964
16;6;14;10;10;20;8;1120913;1726178101553213114
17;6;14;10;10;20;8;814967;1726178101563198449
18;6;14;10;10;20;8;790939;1726178101573177356
19;6;14;10;10;20;8;859279;1726178101583174383
20;6;14;10;10;20;8;804020;1726178101593116506
21;6;14;10;10;20;8;845838;1726178101603184550
22;6;14;10;10;20;8;792588;1726178101613183753
23;6;14;10;10;20;8;812536;1726178101623165205
24;6;14;10;10;20;8;795758;1726178101633184729
25;6;14;10;10;20;8;820204;1726178101643187323
26;6;14;10;10;20;8;1007050;1726178101653192684
27;6;14;10;10;20;8;804740;1726178101663180175
28;6;14;10;10;20;8;791556;1726178101673170094
29;6;14;10;10;20;8;830009;1726178101683175950
30;6;14;10;10;20;8;814013;1726178101693171585
31;6;14;10;10;20;8;814225;1726178101703199891
32;6;14;10;10;20;8;788904;1726178101713176728
33;6;14;10;10;20;8;812534;1726178101723178099
34;6;14;10;10;20;8;807109;1726178101733177337
35;6;14;10;10;20;8;833530;1726178101743166770
36;6;14;10;10;20;8;1055662;1726178101753227907
37;6;14;10;10;20;8;834114;1726178101763194529
38;6;14;10;10;20;8;771996;1726178101773204756
39;6;14;10;10;20;8;882339;1726178101783187553
40;6;14;10;10;20;8;777097;1726178101793213204
41;6;14;10;10;20;8;794791;1726178101803212306
42;6;14;10;10;20;8;790236;1726178101813203694
43;6;14;10;10;20;8;815805;1726178101823212603
44;6;14;10;10;20;8;773970;1726178101833201291
45;6;14;10;10;20;8;837933;1726178101843210193
46;6;14;10;10;20;8;1176726;1726178101853192308
47;6;14;10;10;20;8;840667;1726178101863188865
48;6;14;10;10;20;8;807259;1726178101873171114
49;6;14;10;10;20;8;835012;1726178101883173526
50;6;14;10;10;20;8;791929;1726178101893168541
51;6;14;10;10;20;8;814266;1726178101903176548
52;6;14;10;10;20;8;790415;1726178101913176057
53;6;14;10;10;20;8;833571;1726178101923161079
54;6;14;10;10;20;8;810233;1726178101933168628
55;6;14;10;10;20;8;826504;1726178101943176818
56;6;14;10;10;20;8;1009334;1726178101953168059
57;6;14;10;10;20;8;826565;1726178101963173652
58;6;14;10;10;20;8;793715;1726178101973188592
59;6;14;10;10;20;8;835518;1726178101983176881
60;6;14;10;10;20;8;810109;1726178101993168947
61;6;14;10;10;20;8;817689;1726178102003182739
62;6;14;10;10;20;8;800598;1726178102013177630
63;6;14;10;10;20;8;839364;1726178102023165825
64;6;14;10;10;20;8;804283;1726178102033189252
65;6;14;10;10;20;8;829282;1726178102043156820
66;6;14;10;10;20;8;1031720;1726178102053229451
67;6;14;10;10;20;8;819395;1726178102063197025
68;6;14;10;10;20;8;770969;1726178102073214879
69;6;14;10;10;20;8;839016;1726178102083213696
70;6;14;10;10;20;8;779105;1726178102093194576
71;6;14;10;10;20;8;792002;1726178102103231596
72;6;14;10;10;20;8;774442;1726178102113203978
73;6;14;10;10;20;8;803348;1726178102123204625
74;6;14;10;10;20;8;785212;1726178102133197613
75;6;14;10;10;20;8;805286;1726178102143210201
76;6;14;10;10;20;8;1036578;1726178102153242287
77;6;14;10;10;20;8;840877;1726178102163197959
78;6;14;10;10;20;8;798889;1726178102173200548
79;6;14;10;10;20;8;849856;1726178102183204658
80;6;14;10;10;20;8;772003;1726178102193205760
81;6;14;10;10;20;8;826994;1726178102203209666
82;6;14;10;10;20;8;782428;1726178102213209103
83;6;14;10;10;20;8;783751;1726178102223206586
84;6;14;10;10;20;8;795276;1726178102233200868
85;6;14;10;10;20;8;801807;1726178102243205100
86;6;14;10;10;20;8;983227;1726178102253224613
87;6;14;10;10;20;8;815535;1726178102263202429
88;6;14;10;10;20;8;826724;1726178102273201390
89;6;14;10;10;20;8;836195;1726178102283211602
90;6;14;10;10;20;8;772237;1726178102293204979
91;6;14;10;10;20;8;811649;1726178102303204175
92;6;14;10;10;20;8;786734;1726178102313205072
93;6;14;10;10;20;8;824605;1726178102323210867
94;6;14;10;10;20;8;784314;1726178102333202929
95;6;14;10;10;20;8;855961;1726178102343211410
96;6;14;10;10;20;8;1003773;1726178102353202226
97;6;14;10;10;20;8;862335;1726178102363166526
98;6;14;10;10;20;8;775461;1726178102373184505
99;6;14;10;10;20;8;1099135;1726178102383180252
0;6;15;10;10;20;8;1021991;1726178101393376077
1;6;15;10;10;20;8;1089343;1726178101403403718
2;6;15;10;10;20;8;1028218;1726178101413420490
3;6;15;10;10;20;8;1092458;1726178101423245261
4;6;15;10;10;20;8;1094887;1726178101433221518
5;6;15;10;10;20;8;971624;1726178101443197883
6;6;15;10;10;20;8;988859;1726178101453114996
7;6;15;10;10;20;8;958544;1726178101463179962
8;6;15;10;10;20;8;977509;1726178101473182042
9;6;15;10;10;20;8;984463;1726178101483181931
10;6;15;10;10;20;8;960972;1726178101493184265
11;6;15;10;10;20;8;1009282;1726178101503192352
12;6;15;10;10;20;8;951578;1726178101513195264
13;6;15;10;10;20;8;988479;1726178101523168624
14;6;15;10;10;20;8;970876;1726178101533180980
15;6;15;10;10;20;8;975389;1726178101543192913
16;6;15;10;10;20;8;1274285;1726178101553216726
17;6;15;10;10;20;8;967102;1726178101563204887
18;6;15;10;10;20;8;946157;1726178101573180717
19;6;15;10;10;20;8;1007856;1726178101583181308
20;6;15;10;10;20;8;955636;1726178101593120338
21;6;15;10;10;20;8;997146;1726178101603190824
22;6;15;10;10;20;8;946265;1726178101613188148
23;6;15;10;10;20;8;966069;1726178101623169313
24;6;15;10;10;20;8;942001;1726178101633196201
25;6;15;10;10;20;8;971345;1726178101643193568
26;6;15;10;10;20;8;1136697;1726178101653220470
27;6;15;10;10;20;8;954710;1726178101663186785
28;6;15;10;10;20;8;942422;1726178101673176388
29;6;15;10;10;20;8;981177;1726178101683181105
30;6;15;10;10;20;8;962925;1726178101693178236
31;6;15;10;10;20;8;963156;1726178101703208133
32;6;15;10;10;20;8;938021;1726178101713183821
33;6;15;10;10;20;8;963012;1726178101723184097
34;6;15;10;10;20;8;952631;1726178101733189766
35;6;15;10;10;20;8;992262;1726178101743173984
36;6;15;10;10;20;8;1205875;1726178101753233496
37;6;15;10;10;20;8;983818;1726178101763199310
38;6;15;10;10;20;8;920929;1726178101773208436
39;6;15;10;10;20;8;1031827;1726178101783191543
40;6;15;10;10;20;8;924305;1726178101793217557
41;6;15;10;10;20;8;943394;1726178101803218243
42;6;15;10;10;20;8;952600;1726178101813210108
43;6;15;10;10;20;8;961371;1726178101823218585
44;6;15;10;10;20;8;924282;1726178101833204581
45;6;15;10;10;20;8;990108;1726178101843214141
46;6;15;10;10;20;8;1327385;1726178101853198548
47;6;15;10;10;20;8;988717;1726178101863197853
48;6;15;10;10;20;8;955118;1726178101873179888
49;6;15;10;10;20;8;985572;1726178101883179685
50;6;15;10;10;20;8;937011;1726178101893180286
51;6;15;10;10;20;8;967330;1726178101903180478
52;6;15;10;10;20;8;943725;1726178101913180440
53;6;15;10;10;20;8;987311;1726178101923164320
54;6;15;10;10;20;8;961832;1726178101933173056
55;6;15;10;10;20;8;968839;1726178101943192404
56;6;15;10;10;20;8;1137071;1726178101953197077
57;6;15;10;10;20;8;976802;1726178101963179571
58;6;15;10;10;20;8;943049;1726178101973196057
59;6;15;10;10;20;8;980935;1726178101983188646
60;6;15;10;10;20;8;964012;1726178101993172387
61;6;15;10;10;20;8;967958;1726178102003189326
62;6;15;10;10;20;8;948656;1726178102013187811
63;6;15;10;10;20;8;993725;1726178102023169431
64;6;15;10;10;20;8;954476;1726178102033195097
65;6;15;10;10;20;8;987681;1726178102043164633
66;6;15;10;10;20;8;1177458;1726178102053239976
67;6;15;10;10;20;8;965889;1726178102063202964
68;6;15;10;10;20;8;919745;1726178102073220748
69;6;15;10;10;20;8;988666;1726178102083217261
70;6;15;10;10;20;8;929449;1726178102093200835
71;6;15;10;10;20;8;937615;1726178102103238920
72;6;15;10;10;20;8;920798;1726178102113211686
73;6;15;10;10;20;8;945439;1726178102123214957
74;6;15;10;10;20;8;935027;1726178102133200873
75;6;15;10;10;20;8;952569;1726178102143216154
76;6;15;10;10;20;8;1185589;1726178102153251049
77;6;15;10;10;20;8;990931;1726178102163201388
78;6;15;10;10;20;8;946056;1726178102173206336
79;6;15;10;10;20;8;996019;1726178102183210783
80;6;15;10;10;20;8;912491;1726178102193220992
81;6;15;10;10;20;8;969098;1726178102203223978
82;6;15;10;10;20;8;929709;1726178102213215184
83;6;15;10;10;20;8;925627;1726178102223217620
84;6;15;10;10;20;8;940517;1726178102233208717
85;6;15;10;10;20;8;947448;1726178102243213269
86;6;15;10;10;20;8;1132100;1726178102253232119
87;6;15;10;10;20;8;962934;1726178102263208705
88;6;15;10;10;20;8;974020;1726178102273207137
89;6;15;10;10;20;8;989891;1726178102283215686
90;6;15;10;10;20;8;919688;1726178102293210794
91;6;15;10;10;20;8;959106;1726178102303208900
92;6;15;10;10;20;8;931123;1726178102313213201
93;6;15;10;10;20;8;971030;1726178102323217386
94;6;15;10;10;20;8;929146;1726178102333210250
95;6;15;10;10;20;8;1006640;1726178102343217945
96;6;15;10;10;20;8;1157299;1726178102353206345
97;6;15;10;10;20;8;1015215;1726178102363170350
98;6;15;10;10;20;8;928855;1726178102373187853
99;6;15;10;10;20;8;1329737;1726178102383184027
0;6;16;10;10;20;8;1160326;1726178101393395647
1;6;16;10;10;20;8;1225130;1726178101403426806
2;6;16;10;10;20;8;1170954;1726178101413435403
3;6;16;10;10;20;8;1244228;1726178101423251577
4;6;16;10;10;20;8;1245159;1726178101433228626
5;6;16;10;10;20;8;1127258;1726178101443204164
6;6;16;10;10;20;8;1143316;1726178101453121751
7;6;16;10;10;20;8;1111244;1726178101463190319
8;6;16;10;10;20;8;1132725;1726178101473188509
9;6;16;10;10;20;8;1139132;1726178101483188636
10;6;16;10;10;20;8;1114893;1726178101493191863
11;6;16;10;10;20;8;1165028;1726178101503198260
12;6;16;10;10;20;8;1108965;1726178101513199332
13;6;16;10;10;20;8;1144677;1726178101523174815
14;6;16;10;10;20;8;1124505;1726178101533187734
15;6;16;10;10;20;8;1128452;1726178101543196660
16;6;16;10;10;20;8;1407794;1726178101553240070
17;6;16;10;10;20;8;1116339;1726178101563213819
18;6;16;10;10;20;8;1100034;1726178101573184342
19;6;16;10;10;20;8;1159390;1726178101583185801
20;6;16;10;10;20;8;1096517;1726178101593135039
21;6;16;10;10;20;8;1146392;1726178101603197600
22;6;16;10;10;20;8;1098119;1726178101613194154
23;6;16;10;10;20;8;1116956;1726178101623175700
24;6;16;10;10;20;8;1092245;1726178101633203785
25;6;16;10;10;20;8;1120814;1726178101643201934
26;6;16;10;10;20;8;1290763;1726178101653224469
27;6;16;10;10;20;8;1102506;1726178101663195409
28;6;16;10;10;20;8;1088020;1726178101673187529
29;6;16;10;10;20;8;1131365;1726178101683187390
30;6;16;10;10;20;8;1110642;1726178101693185999
31;6;16;10;10;20;8;1109081;1726178101703220080
32;6;16;10;10;20;8;1084639;1726178101713192828
33;6;16;10;10;20;8;1115293;1726178101723187993
34;6;16;10;10;20;8;1106164;1726178101733193697
35;6;16;10;10;20;8;1137730;1726178101743180767
36;6;16;10;10;20;8;1356333;1726178101753239824
37;6;16;10;10;20;8;1132251;1726178101763204741
38;6;16;10;10;20;8;1070457;1726178101773211723
39;6;16;10;10;20;8;1162283;1726178101783214011
40;6;16;10;10;20;8;1072697;1726178101793221459
41;6;16;10;10;20;8;1089572;1726178101803225057
42;6;16;10;10;20;8;1112025;1726178101813216259
43;6;16;10;10;20;8;1107333;1726178101823225265
44;6;16;10;10;20;8;1074528;1726178101833208292
45;6;16;10;10;20;8;1124329;1726178101843235495
46;6;16;10;10;20;8;1475317;1726178101853208005
47;6;16;10;10;20;8;1142316;1726178101863201590
48;6;16;10;10;20;8;1108112;1726178101873184024
49;6;16;10;10;20;8;1135336;1726178101883186422
50;6;16;10;10;20;8;1088415;1726178101893186875
51;6;16;10;10;20;8;1117107;1726178101903187434
52;6;16;10;10;20;8;1090234;1726178101913191090
53;6;16;10;10;20;8;1141541;1726178101923167954
54;6;16;10;10;20;8;1112292;1726178101933179572
55;6;16;10;10;20;8;1122541;1726178101943196770
56;6;16;10;10;20;8;1287418;1726178101953203453
57;6;16;10;10;20;8;1127706;1726178101963186732
58;6;16;10;10;20;8;1095122;1726178101973200943
59;6;16;10;10;20;8;1129105;1726178101983196455
60;6;16;10;10;20;8;1118743;1726178101993175643
61;6;16;10;10;20;8;1117480;1726178102003197080
62;6;16;10;10;20;8;1101396;1726178102013191850
63;6;16;10;10;20;8;1146977;1726178102023172719
64;6;16;10;10;20;8;1104776;1726178102033202135
65;6;16;10;10;20;8;1135493;1726178102043168504
66;6;16;10;10;20;8;1326703;1726178102053248387
67;6;16;10;10;20;8;1110104;1726178102063212474
68;6;16;10;10;20;8;1069064;1726178102073227033
69;6;16;10;10;20;8;1122223;1726178102083236731
70;6;16;10;10;20;8;1081371;1726178102093205960
71;6;16;10;10;20;8;1082919;1726178102103246777
72;6;16;10;10;20;8;1069510;1726178102113217664
73;6;16;10;10;20;8;1091156;1726178102123221262
74;6;16;10;10;20;8;1084013;1726178102133204488
75;6;16;10;10;20;8;1099209;1726178102143222102
76;6;16;10;10;20;8;1337760;1726178102153256370
77;6;16;10;10;20;8;1138248;1726178102163206520
78;6;16;10;10;20;8;1092245;1726178102173213133
79;6;16;10;10;20;8;1140579;1726178102183218347
80;6;16;10;10;20;8;1064039;1726178102193226389
81;6;16;10;10;20;8;1118964;1726178102203228978
82;6;16;10;10;20;8;1073312;1726178102213225753
83;6;16;10;10;20;8;1071800;1726178102223224203
84;6;16;10;10;20;8;1086213;1726178102233214379
85;6;16;10;10;20;8;1096525;1726178102243216836
86;6;16;10;10;20;8;1284907;1726178102253236538
87;6;16;10;10;20;8;1105161;1726178102263218723
88;6;16;10;10;20;8;1109138;1726178102273224247
89;6;16;10;10;20;8;1126077;1726178102283236811
90;6;16;10;10;20;8;1068003;1726178102293217076
91;6;16;10;10;20;8;1104920;1726178102303215102
92;6;16;10;10;20;8;1078081;1726178102313219339
93;6;16;10;10;20;8;1118001;1726178102323223740
94;6;16;10;10;20;8;1078471;1726178102333214960
95;6;16;10;10;20;8;1158356;1726178102343224435
96;6;16;10;10;20;8;1312016;1726178102353210161
97;6;16;10;10;20;8;1167023;1726178102363176520
98;6;16;10;10;20;8;1082525;1726178102373191403
99;6;16;10;10;20;8;1502990;1726178102383187421
0;6;17;10;10;20;8;1305578;1726178101393407596
1;6;17;10;10;20;8;1376047;1726178101403434436
2;6;17;10;10;20;8;1317670;1726178101413446274
3;6;17;10;10;20;8;1394008;1726178101423260388
4;6;17;10;10;20;8;1386304;1726178101433245785
5;6;17;10;10;20;8;1276718;1726178101443215365
6;6;17;10;10;20;8;1298774;1726178101453128010
7;6;17;10;10;20;8;1264445;1726178101463199068
8;6;17;10;10;20;8;1288118;1726178101473194797
9;6;17;10;10;20;8;1288843;1726178101483199512
10;6;17;10;10;20;8;1268610;1726178101493200245
11;6;17;10;10;20;8;1320965;1726178101503203468
12;6;17;10;10;20;8;1262732;1726178101513206487
13;6;17;10;10;20;8;1299643;1726178101523181516
14;6;17;10;10;20;8;1278162;1726178101533194502
15;6;17;10;10;20;8;1282713;1726178101543200280
16;6;17;10;10;20;8;1540592;1726178101553263864
17;6;17;10;10;20;8;1266413;1726178101563222268
18;6;17;10;10;20;8;1255306;1726178101573187678
19;6;17;10;10;20;8;1309035;1726178101583191949
20;6;17;10;10;20;8;1247193;1726178101593139780
21;6;17;10;10;20;8;1295890;1726178101603204046
22;6;17;10;10;20;8;1245078;1726178101613205162
23;6;17;10;10;20;8;1268966;1726178101623182007
24;6;17;10;10;20;8;1241563;1726178101633211645
25;6;17;10;10;20;8;1273715;1726178101643206022
26;6;17;10;10;20;8;1444646;1726178101653228174
27;6;17;10;10;20;8;1255106;1726178101663199506
28;6;17;10;10;20;8;1239104;1726178101673194682
29;6;17;10;10;20;8;1282106;1726178101683193457
30;6;17;10;10;20;8;1263307;1726178101693190007
31;6;17;10;10;20;8;1263326;1726178101703224254
32;6;17;10;10;20;8;1233615;1726178101713200101
33;6;17;10;10;20;8;1266110;1726178101723194771
34;6;17;10;10;20;8;1259273;1726178101733197455
35;6;17;10;10;20;8;1279452;1726178101743192055
36;6;17;10;10;20;8;1508007;1726178101753245776
37;6;17;10;10;20;8;1279024;1726178101763212661
38;6;17;10;10;20;8;1220770;1726178101773215423
39;6;17;10;10;20;8;1293946;1726178101783235959
40;6;17;10;10;20;8;1222108;1726178101793224836
41;6;17;10;10;20;8;1235198;1726178101803231624
42;6;17;10;10;20;8;1259291;1726178101813221068
43;6;17;10;10;20;8;1254958;1726178101823231734
44;6;17;10;10;20;8;1224986;1726178101833211648
45;6;17;10;10;20;8;1275286;1726178101843240036
46;6;17;10;10;20;8;1607646;1726178101853231835
47;6;17;10;10;20;8;1293685;1726178101863207792
48;6;17;10;10;20;8;1257358;1726178101873190043
49;6;17;10;10;20;8;1279914;1726178101883197830
50;6;17;10;10;20;8;1235460;1726178101893198006
51;6;17;10;10;20;8;1267416;1726178101903193739
52;6;17;10;10;20;8;1242504;1726178101913196870
53;6;17;10;10;20;8;1297964;1726178101923171512
54;6;17;10;10;20;8;1261927;1726178101933187017
55;6;17;10;10;20;8;1274189;1726178101943202817
56;6;17;10;10;20;8;1431271;1726178101953217806
57;6;17;10;10;20;8;1281316;1726178101963191512
58;6;17;10;10;20;8;1247900;1726178101973207126
59;6;17;10;10;20;8;1267818;1726178101983215711
60;6;17;10;10;20;8;1273002;1726178101993179232
61;6;17;10;10;20;8;1270990;1726178102003201317
62;6;17;10;10;20;8;1244161;1726178102013206257
63;6;17;10;10;20;8;1301347;1726178102023176357
64;6;17;10;10;20;8;1255681;1726178102033208322
65;6;17;10;10;20;8;1280723;1726178102043175610
66;6;17;10;10;20;8;1476852;1726178102053255897
67;6;17;10;10;20;8;1259183;1726178102063216497
68;6;17;10;10;20;8;1216343;1726178102073233422
69;6;17;10;10;20;8;1271674;1726178102083240673
70;6;17;10;10;20;8;1232961;1726178102093211693
71;6;17;10;10;20;8;1228676;1726178102103254317
72;6;17;10;10;20;8;1217084;1726178102113223608
73;6;17;10;10;20;8;1239504;1726178102123225118
74;6;17;10;10;20;8;1234002;1726178102133207879
75;6;17;10;10;20;8;1244871;1726178102143228568
76;6;17;10;10;20;8;1487155;1726178102153263237
77;6;17;10;10;20;8;1284621;1726178102163212702
78;6;17;10;10;20;8;1241221;1726178102173217162
79;6;17;10;10;20;8;1272020;1726178102183237936
80;6;17;10;10;20;8;1209703;1726178102193236931
81;6;17;10;10;20;8;1267188;1726178102203234546
82;6;17;10;10;20;8;1221535;1726178102213231715
83;6;17;10;10;20;8;1221365;1726178102223228082
84;6;17;10;10;20;8;1232730;1726178102233220680
85;6;17;10;10;20;8;1242128;1726178102243223239
86;6;17;10;10;20;8;1432553;1726178102253246723
87;6;17;10;10;20;8;1250476;1726178102263226204
88;6;17;10;10;20;8;1257073;1726178102273228887
89;6;17;10;10;20;8;1274238;1726178102283244678
90;6;17;10;10;20;8;1215664;1726178102293223398
91;6;17;10;10;20;8;1251431;1726178102303221365
92;6;17;10;10;20;8;1227152;1726178102313223825
93;6;17;10;10;20;8;1264226;1726178102323229904
94;6;17;10;10;20;8;1225657;1726178102333221580
95;6;17;10;10;20;8;1308900;1726178102343231051
96;6;17;10;10;20;8;1457682;1726178102353221924
97;6;17;10;10;20;8;1314871;1726178102363185866
98;6;17;10;10;20;8;1235718;1726178102373194913
99;6;17;10;10;20;8;1683356;1726178102383194206
0;6;18;10;10;20;8;1447533;1726178101393424706
1;6;18;10;10;20;8;1510616;1726178101403458533
2;6;18;10;10;20;8;1459012;1726178101413463861
3;6;18;10;10;20;8;1542466;1726178101423268567
4;6;18;10;10;20;8;1538263;1726178101433251508
5;6;18;10;10;20;8;1429915;1726178101443223235
6;6;18;10;10;20;8;1454648;1726178101453134574
7;6;18;10;10;20;8;1413343;1726178101463213158
8;6;18;10;10;20;8;1439010;1726178101473205267
9;6;18;10;10;20;8;1439010;1726178101483209681
10;6;18;10;10;20;8;1425300;1726178101493204583
11;6;18;10;10;20;8;1476303;1726178101503209596
12;6;18;10;10;20;8;1416805;1726178101513213369
13;6;18;10;10;20;8;1453404;1726178101523188807
14;6;18;10;10;20;8;1433598;1726178101533201018
15;6;18;10;10;20;8;1435938;1726178101543204404
16;6;18;10;10;20;8;1691033;1726178101553270449
17;6;18;10;10;20;8;1417275;1726178101563230087
18;6;18;10;10;20;8;1410425;1726178101573190947
19;6;18;10;10;20;8;1456091;1726178101583201627
20;6;18;10;10;20;8;1400140;1726178101593143695
21;6;18;10;10;20;8;1445233;1726178101603210521
22;6;18;10;10;20;8;1398275;1726178101613209275
23;6;18;10;10;20;8;1411347;1726178101623196983
24;6;18;10;10;20;8;1392087;1726178101633218511
25;6;18;10;10;20;8;1421946;1726178101643214515
26;6;18;10;10;20;8;1585711;1726178101653246041
27;6;18;10;10;20;8;1405234;1726178101663205764
28;6;18;10;10;20;8;1391571;1726178101673200599
29;6;18;10;10;20;8;1435540;1726178101683197221
30;6;18;10;10;20;8;1417944;1726178101693193622
31;6;18;10;10;20;8;1415791;1726178101703230289
32;6;18;10;10;20;8;1383136;1726178101713207455
33;6;18;10;10;20;8;1417176;1726178101723201086
34;6;18;10;10;20;8;1403358;1726178101733210532
35;6;18;10;10;20;8;1428008;1726178101743196045
36;6;18;10;10;20;8;1658806;1726178101753252530
37;6;18;10;10;20;8;1430056;1726178101763216479
38;6;18;10;10;20;8;1370839;1726178101773219322
39;6;18;10;10;20;8;1438763;1726178101783244408
40;6;18;10;10;20;8;1371765;1726178101793228452
41;6;18;10;10;20;8;1377000;1726178101803242136
42;6;18;10;10;20;8;1406039;1726178101813227887
43;6;18;10;10;20;8;1401959;1726178101823238047
44;6;18;10;10;20;8;1374667;1726178101833215455
45;6;18;10;10;20;8;1423639;1726178101843247967
46;6;18;10;10;20;8;1739016;1726178101853257525
47;6;18;10;10;20;8;1446105;1726178101863213678
48;6;18;10;10;20;8;1407261;1726178101873196411
49;6;18;10;10;20;8;1411478;1726178101883222759
50;6;18;10;10;20;8;1389282;1726178101893201982
51;6;18;10;10;20;8;1418212;1726178101903200169
52;6;18;10;10;20;8;1393259;1726178101913203156
53;6;18;10;10;20;8;1453070;1726178101923175232
54;6;18;10;10;20;8;1408842;1726178101933197600
55;6;18;10;10;20;8;1423054;1726178101943211377
56;6;18;10;10;20;8;1583431;1726178101953222748
57;6;18;10;10;20;8;1429712;1726178101963201564
58;6;18;10;10;20;8;1394712;1726178101973218244
59;6;18;10;10;20;8;1420438;1726178101983222086
60;6;18;10;10;20;8;1427284;1726178101993182786
61;6;18;10;10;20;8;1424390;1726178102003205722
62;6;18;10;10;20;8;1397039;1726178102013210893
63;6;18;10;10;20;8;1455066;1726178102023180325
64;6;18;10;10;20;8;1407679;1726178102033215095
65;6;18;10;10;20;8;1426365;1726178102043182114
66;6;18;10;10;20;8;1629052;1726178102053262151
67;6;18;10;10;20;8;1408037;1726178102063220990
68;6;18;10;10;20;8;1363793;1726178102073239618
69;6;18;10;10;20;8;1421274;1726178102083244351
70;6;18;10;10;20;8;1370925;1726178102093230698
71;6;18;10;10;20;8;1371604;1726178102103265966
72;6;18;10;10;20;8;1365239;1726178102113229602
73;6;18;10;10;20;8;1386061;1726178102123231034
74;6;18;10;10;20;8;1383293;1726178102133211608
75;6;18;10;10;20;8;1390999;1726178102143234254
76;6;18;10;10;20;8;1636835;1726178102153270033
77;6;18;10;10;20;8;1430971;1726178102163219577
78;6;18;10;10;20;8;1388820;1726178102173223368
79;6;18;10;10;20;8;1421534;1726178102183241954
80;6;18;10;10;20;8;1359550;1726178102193243859
81;6;18;10;10;20;8;1411832;1726178102203242834
82;6;18;10;10;20;8;1368976;1726178102213237732
83;6;18;10;10;20;8;1369306;1726178102223234436
84;6;18;10;10;20;8;1376896;1726178102233229779
85;6;18;10;10;20;8;1387729;1726178102243230465
86;6;18;10;10;20;8;1583730;1726178102253253456
87;6;18;10;10;20;8;1400214;1726178102263229707
88;6;18;10;10;20;8;1406369;1726178102273232206
89;6;18;10;10;20;8;1424515;1726178102283251298
90;6;18;10;10;20;8;1361347;1726178102293231375
91;6;18;10;10;20;8;1397422;1726178102303227726
92;6;18;10;10;20;8;1374068;1726178102313230050
93;6;18;10;10;20;8;1411939;1726178102323236187
94;6;18;10;10;20;8;1372818;1726178102333228252
95;6;18;10;10;20;8;1458982;1726178102343237542
96;6;18;10;10;20;8;1609980;1726178102353226263
97;6;18;10;10;20;8;1466183;1726178102363191572
98;6;18;10;10;20;8;1390022;1726178102373198163
99;6;18;10;10;20;8;1853735;1726178102383202901
0;6;19;10;10;20;8;1592256;1726178101393438675
1;6;19;10;10;20;8;1661281;1726178101403468922
2;6;19;10;10;20;8;1606148;1726178101413475825
3;6;19;10;10;20;8;1692789;1726178101423276195
4;6;19;10;10;20;8;1687527;1726178101433261854
5;6;19;10;10;20;8;1587397;1726178101443227274
6;6;19;10;10;20;8;1610518;1726178101453140530
7;6;19;10;10;20;8;1566874;1726178101463222199
8;6;19;10;10;20;8;1591814;1726178101473214327
9;6;19;10;10;20;8;1593947;1726178101483215968
10;6;19;10;10;20;8;1583136;1726178101493209076
11;6;19;10;10;20;8;1630502;1726178101503217457
12;6;19;10;10;20;8;1570694;1726178101513221615
13;6;19;10;10;20;8;1608907;1726178101523195071
14;6;19;10;10;20;8;1589682;1726178101533207482
15;6;19;10;10;20;8;1589934;1726178101543208439
16;6;19;10;10;20;8;1842467;1726178101553277057
17;6;19;10;10;20;8;1571966;1726178101563233866
18;6;19;10;10;20;8;1565260;1726178101573194669
19;6;19;10;10;20;8;1590629;1726178101583224795
20;6;19;10;10;20;8;1551819;1726178101593148436
21;6;19;10;10;20;8;1596065;1726178101603217207
22;6;19;10;10;20;8;1552728;1726178101613213197
23;6;19;10;10;20;8;1565075;1726178101623201556
24;6;19;10;10;20;8;1543770;1726178101633224896
25;6;19;10;10;20;8;1575797;1726178101643218911
26;6;19;10;10;20;8;1739392;1726178101653252088
27;6;19;10;10;20;8;1556375;1726178101663212335
28;6;19;10;10;20;8;1543674;1726178101673206912
29;6;19;10;10;20;8;1587855;1726178101683202770
30;6;19;10;10;20;8;1572166;1726178101693197001
31;6;19;10;10;20;8;1567413;1726178101703236723
32;6;19;10;10;20;8;1533915;1726178101713213698
33;6;19;10;10;20;8;1567767;1726178101723207984
34;6;19;10;10;20;8;1555332;1726178101733215453
35;6;19;10;10;20;8;1577839;1726178101743200282
36;6;19;10;10;20;8;1812312;1726178101753258522
37;6;19;10;10;20;8;1582064;1726178101763219761
38;6;19;10;10;20;8;1521556;1726178101773222905
39;6;19;10;10;20;8;1585828;1726178101783251106
40;6;19;10;10;20;8;1521962;1726178101793231789
41;6;19;10;10;20;8;1524823;1726178101803248552
42;6;19;10;10;20;8;1553761;1726178101813234258
43;6;19;10;10;20;8;1550533;1726178101823244093
44;6;19;10;10;20;8;1524809;1726178101833219168
45;6;19;10;10;20;8;1570921;1726178101843256746
46;6;19;10;10;20;8;1891295;1726178101853264925
47;6;19;10;10;20;8;1598948;1726178101863219603
48;6;19;10;10;20;8;1557914;1726178101873203911
49;6;19;10;10;20;8;1561216;1726178101883230222
50;6;19;10;10;20;8;1544583;1726178101893205316
51;6;19;10;10;20;8;1567992;1726178101903207704
52;6;19;10;10;20;8;1544081;1726178101913211368
53;6;19;10;10;20;8;1608494;1726178101923179219
54;6;19;10;10;20;8;1561976;1726178101933203160
55;6;19;10;10;20;8;1575982;1726178101943216444
56;6;19;10;10;20;8;1737962;1726178101953226506
57;6;19;10;10;20;8;1581619;1726178101963208302
58;6;19;10;10;20;8;1544132;1726178101973227675
59;6;19;10;10;20;8;1571055;1726178101983229027
60;6;19;10;10;20;8;1582508;1726178101993186146
61;6;19;10;10;20;8;1576133;1726178102003212112
62;6;19;10;10;20;8;1551760;1726178102013214313
63;6;19;10;10;20;8;1609865;1726178102023184203
64;6;19;10;10;20;8;1558571;1726178102033222179
65;6;19;10;10;20;8;1572520;1726178102043189262
66;6;19;10;10;20;8;1782089;1726178102053268282
67;6;19;10;10;20;8;1556291;1726178102063227149
68;6;19;10;10;20;8;1512901;1726178102073245538
69;6;19;10;10;20;8;1565078;1726178102083254713
70;6;19;10;10;20;8;1520454;1726178102093238673
71;6;19;10;10;20;8;1520707;1726178102103272703
72;6;19;10;10;20;8;1513442;1726178102113235367
73;6;19;10;10;20;8;1533347;1726178102123237463
74;6;19;10;10;20;8;1532034;1726178102133215477
75;6;19;10;10;20;8;1535375;1726178102143243200
76;6;19;10;10;20;8;1777453;1726178102153288032
77;6;19;10;10;20;8;1581866;1726178102163222970
78;6;19;10;10;20;8;1549502;1726178102173230678
79;6;19;10;10;20;8;1551346;1726178102183263910
80;6;19;10;10;20;8;1510263;1726178102193251206
81;6;19;10;10;20;8;1559592;1726178102203250106
82;6;19;10;10;20;8;1520101;1726178102213241937
83;6;19;10;10;20;8;1512752;1726178102223244680
84;6;19;10;10;20;8;1523092;1726178102233237360
85;6;19;10;10;20;8;1531566;1726178102243239734
86;6;19;10;10;20;8;1737188;1726178102253260040
87;6;19;10;10;20;8;1548158;1726178102263235759
88;6;19;10;10;20;8;1556204;1726178102273235313
89;6;19;10;10;20;8;1577773;1726178102283256233
90;6;19;10;10;20;8;1510115;1726178102293237245
91;6;19;10;10;20;8;1545298;1726178102303234111
92;6;19;10;10;20;8;1522762;1726178102313236682
93;6;19;10;10;20;8;1559847;1726178102323242387
94;6;19;10;10;20;8;1533938;1726178102333237793
95;6;19;10;10;20;8;1612267;1726178102343243753
96;6;19;10;10;20;8;1760457;1726178102353234715
97;6;19;10;10;20;8;1619258;1726178102363195955
98;6;19;10;10;20;8;1544781;1726178102373201841
99;6;19;10;10;20;8;1997503;1726178102383221802
0;7;0;10;10;20;8;0;0
1;7;0;10;10;20;8;0;0
2;7;0;10;10;20;8;0;0
3;7;0;10;10;20;8;0;0
4;7;0;10;10;20;8;0;0
5;7;0;10;10;20;8;0;0
6;7;0;10;10;20;8;0;0
7;7;0;10;10;20;8;0;0
8;7;0;10;10;20;8;0;0
9;7;0;10;10;20;8;0;0
10;7;0;10;10;20;8;0;0
11;7;0;10;10;20;8;0;0
12;7;0;10;10;20;8;0;0
13;7;0;10;10;20;8;0;0
14;7;0;10;10;20;8;0;0
15;7;0;10;10;20;8;0;0
16;7;0;10;10;20;8;0;0
17;7;0;10;10;20;8;0;0
18;7;0;10;10;20;8;0;0
19;7;0;10;10;20;8;0;0
20;7;0;10;10;20;8;0;0
21;7;0;10;10;20;8;0;0
22;7;0;10;10;20;8;0;0
23;7;0;10;10;20;8;0;0
24;7;0;10;10;20;8;0;0
25;7;0;10;10;20;8;0;0
26;7;0;10;10;20;8;0;0
27;7;0;10;10;20;8;0;0
28;7;0;10;10;20;8;0;0
29;7;0;10;10;20;8;0;0
30;7;0;10;10;20;8;0;0
31;7;0;10;10;20;8;0;0
32;7;0;10;10;20;8;0;0
33;7;0;10;10;20;8;0;0
34;7;0;10;10;20;8;0;0
35;7;0;10;10;20;8;0;0
36;7;0;10;10;20;8;0;0
37;7;0;10;10;20;8;0;0
38;7;0;10;10;20;8;0;0
39;7;0;10;10;20;8;0;0
40;7;0;10;10;20;8;0;0
41;7;0;10;10;20;8;0;0
42;7;0;10;10;20;8;0;0
43;7;0;10;10;20;8;0;0
44;7;0;10;10;20;8;0;0
45;7;0;10;10;20;8;0;0
46;7;0;10;10;20;8;0;0
47;7;0;10;10;20;8;0;0
48;7;0;10;10;20;8;0;0
49;7;0;10;10;20;8;0;0
50;7;0;10;10;20;8;0;0
51;7;0;10;10;20;8;0;0
52;7;0;10;10;20;8;0;0
53;7;0;10;10;20;8;0;0
54;7;0;10;10;20;8;0;0
55;7;0;10;10;20;8;0;0
56;7;0;10;10;20;8;0;0
57;7;0;10;10;20;8;0;0
58;7;0;10;10;20;8;0;0
59;7;0;10;10;20;8;0;0
60;7;0;10;10;20;8;0;0
61;7;0;10;10;20;8;0;0
62;7;0;10;10;20;8;0;0
63;7;0;10;10;20;8;0;0
64;7;0;10;10;20;8;0;0
65;7;0;10;10;20;8;0;0
66;7;0;10;10;20;8;0;0
67;7;0;10;10;20;8;0;0
68;7;0;10;10;20;8;0;0
69;7;0;10;10;20;8;0;0
70;7;0;10;10;20;8;0;0
71;7;0;10;10;20;8;0;0
72;7;0;10;10;20;8;0;0
73;7;0;10;10;20;8;0;0
74;7;0;10;10;20;8;0;0
75;7;0;10;10;20;8;0;0
76;7;0;10;10;20;8;0;0
77;7;0;10;10;20;8;0;0
78;7;0;10;10;20;8;0;0
79;7;0;10;10;20;8;0;0
80;7;0;10;10;20;8;0;0
81;7;0;10;10;20;8;0;0
82;7;0;10;10;20;8;0;0
83;7;0;10;10;20;8;0;0
84;7;0;10;10;20;8;0;0
85;7;0;10;10;20;8;0;0
86;7;0;10;10;20;8;0;0
87;7;0;10;10;20;8;0;0
88;7;0;10;10;20;8;0;0
89;7;0;10;10;20;8;0;0
90;7;0;10;10;20;8;0;0
91;7;0;10;10;20;8;0;0
92;7;0;10;10;20;8;0;0
93;7;0;10;10;20;8;0;0
94;7;0;10;10;20;8;0;0
95;7;0;10;10;20;8;0;0
96;7;0;10;10;20;8;0;0
97;7;0;10;10;20;8;0;0
98;7;0;10;10;20;8;0;0
99;7;0;10;10;20;8;0;0
0;7;0;10;10;20;8;0;0
1;7;0;10;10;20;8;0;0
2;7;0;10;10;20;8;0;0
3;7;0;10;10;20;8;0;0
4;7;0;10;10;20;8;0;0
5;7;0;10;10;20;8;0;0
6;7;0;10;10;20;8;0;0
7;7;0;10;10;20;8;0;0
8;7;0;10;10;20;8;0;0
9;7;0;10;10;20;8;0;0
10;7;0;10;10;20;8;0;0
11;7;0;10;10;20;8;0;0
12;7;0;10;10;20;8;0;0
13;7;0;10;10;20;8;0;0
14;7;0;10;10;20;8;0;0
15;7;0;10;10;20;8;0;0
16;7;0;10;10;20;8;0;0
17;7;0;10;10;20;8;0;0
18;7;0;10;10;20;8;0;0
19;7;0;10;10;20;8;0;0
20;7;0;10;10;20;8;0;0
21;7;0;10;10;20;8;0;0
22;7;0;10;10;20;8;0;0
23;7;0;10;10;20;8;0;0
24;7;0;10;10;20;8;0;0
25;7;0;10;10;20;8;0;0
26;7;0;10;10;20;8;0;0
27;7;0;10;10;20;8;0;0
28;7;0;10;10;20;8;0;0
29;7;0;10;10;20;8;0;0
30;7;0;10;10;20;8;0;0
31;7;0;10;10;20;8;0;0
32;7;0;10;10;20;8;0;0
33;7;0;10;10;20;8;0;0
34;7;0;10;10;20;8;0;0
35;7;0;10;10;20;8;0;0
36;7;0;10;10;20;8;0;0
37;7;0;10;10;20;8;0;0
38;7;0;10;10;20;8;0;0
39;7;0;10;10;20;8;0;0
40;7;0;10;10;20;8;0;0
41;7;0;10;10;20;8;0;0
42;7;0;10;10;20;8;0;0
43;7;0;10;10;20;8;0;0
44;7;0;10;10;20;8;0;0
45;7;0;10;10;20;8;0;0
46;7;1;10;10;20;8;292217;1726178101853063027
47;7;0;10;10;20;8;0;0
48;7;0;10;10;20;8;0;0
49;7;0;10;10;20;8;0;0
50;7;0;10;10;20;8;0;0
51;7;0;10;10;20;8;0;0
52;7;0;10;10;20;8;0;0
53;7;0;10;10;20;8;0;0
54;7;0;10;10;20;8;0;0
55;7;0;10;10;20;8;0;0
56;7;0;10;10;20;8;0;0
57;7;0;10;10;20;8;0;0
58;7;0;10;10;20;8;0;0
59;7;0;10;10;20;8;0;0
60;7;0;10;10;20;8;0;0
61;7;0;10;10;20;8;0;0
62;7;0;10;10;20;8;0;0
63;7;0;10;10;20;8;0;0
64;7;0;10;10;20;8;0;0
65;7;0;10;10;20;8;0;0
66;7;0;10;10;20;8;0;0
67;7;0;10;10;20;8;0;0
68;7;0;10;10;20;8;0;0
69;7;0;10;10;20;8;0;0
70;7;0;10;10;20;8;0;0
71;7;0;10;10;20;8;0;0
72;7;0;10;10;20;8;0;0
73;7;0;10;10;20;8;0;0
74;7;0;10;10;20;8;0;0
75;7;0;10;10;20;8;0;0
76;7;0;10;10;20;8;0;0
77;7;0;10;10;20;8;0;0
78;7;0;10;10;20;8;0;0
79;7;0;10;10;20;8;0;0
80;7;0;10;10;20;8;0;0
81;7;0;10;10;20;8;0;0
82;7;0;10;10;20;8;0;0
83;7;0;10;10;20;8;0;0
84;7;0;10;10;20;8;0;0
85;7;0;10;10;20;8;0;0
86;7;0;10;10;20;8;0;0
87;7;0;10;10;20;8;0;0
88;7;0;10;10;20;8;0;0
89;7;0;10;10;20;8;0;0
90;7;0;10;10;20;8;0;0
91;7;0;10;10;20;8;0;0
92;7;0;10;10;20;8;0;0
93;7;0;10;10;20;8;0;0
94;7;0;10;10;20;8;0;0
95;7;0;10;10;20;8;0;0
96;7;0;10;10;20;8;0;0
97;7;0;10;10;20;8;0;0
98;7;0;10;10;20;8;0;0
99;7;0;10;10;20;8;0;0
0;7;0;10;10;20;8;0;0
1;7;0;10;10;20;8;0;0
2;7;0;10;10;20;8;0;0
3;7;0;10;10;20;8;0;0
4;7;0;10;10;20;8;0;0
5;7;0;10;10;20;8;0;0
6;7;0;10;10;20;8;0;0
7;7;0;10;10;20;8;0;0
8;7;0;10;10;20;8;0;0
9;7;0;10;10;20;8;0;0
10;7;0;10;10;20;8;0;0
11;7;0;10;10;20;8;0;0
12;7;0;10;10;20;8;0;0
13;7;0;10;10;20;8;0;0
14;7;0;10;10;20;8;0;0
15;7;0;10;10;20;8;0;0
16;7;0;10;10;20;8;0;0
17;7;0;10;10;20;8;0;0
18;7;0;10;10;20;8;0;0
19;7;0;10;10;20;8;0;0
20;7;0;10;10;20;8;0;0
21;7;0;10;10;20;8;0;0
22;7;0;10;10;20;8;0;0
23;7;0;10;10;20;8;0;0
24;7;0;10;10;20;8;0;0
25;7;0;10;10;20;8;0;0
26;7;0;10;10;20;8;0;0
27;7;0;10;10;20;8;0;0
28;7;0;10;10;20;8;0;0
29;7;0;10;10;20;8;0;0
30;7;0;10;10;20;8;0;0
31;7;0;10;10;20;8;0;0
32;7;0;10;10;20;8;0;0
33;7;0;10;10;20;8;0;0
34;7;0;10;10;20;8;0;0
35;7;0;10;10;20;8;0;0
36;7;0;10;10;20;8;0;0
37;7;0;10;10;20;8;0;0
38;7;0;10;10;20;8;0;0
39;7;0;10;10;20;8;0;0
40;7;0;10;10;20;8;0;0
41;7;0;10;10;20;8;0;0
42;7;0;10;10;20;8;0;0
43;7;0;10;10;20;8;0;0
44;7;0;10;10;20;8;0;0
45;7;0;10;10;20;8;0;0
46;7;0;10;10;20;8;0;0
47;7;0;10;10;20;8;0;0
48;7;0;10;10;20;8;0;0
49;7;0;10;10;20;8;0;0
50;7;0;10;10;20;8;0;0
51;7;0;10;10;20;8;0;0
52;7;0;10;10;20;8;0;0
53;7;0;10;10;20;8;0;0
54;7;0;10;10;20;8;0;0
55;7;0;10;10;20;8;0;0
56;7;0;10;10;20;8;0;0
57;7;0;10;10;20;8;0;0
58;7;0;10;10;20;8;0;0
59;7;0;10;10;20;8;0;0
60;7;0;10;10;20;8;0;0
61;7;0;10;10;20;8;0;0
62;7;0;10;10;20;8;0;0
63;7;0;10;10;20;8;0;0
64;7;0;10;10;20;8;0;0
65;7;0;10;10;20;8;0;0
66;7;0;10;10;20;8;0;0
67;7;0;10;10;20;8;0;0
68;7;0;10;10;20;8;0;0
69;7;0;10;10;20;8;0;0
70;7;0;10;10;20;8;0;0
71;7;0;10;10;20;8;0;0
72;7;0;10;10;20;8;0;0
73;7;0;10;10;20;8;0;0
74;7;0;10;10;20;8;0;0
75;7;0;10;10;20;8;0;0
76;7;0;10;10;20;8;0;0
77;7;0;10;10;20;8;0;0
78;7;0;10;10;20;8;0;0
79;7;0;10;10;20;8;0;0
80;7;0;10;10;20;8;0;0
81;7;0;10;10;20;8;0;0
82;7;0;10;10;20;8;0;0
83;7;0;10;10;20;8;0;0
84;7;0;10;10;20;8;0;0
85;7;0;10;10;20;8;0;0
86;7;0;10;10;20;8;0;0
87;7;0;10;10;20;8;0;0
88;7;0;10;10;20;8;0;0
89;7;0;10;10;20;8;0;0
90;7;0;10;10;20;8;0;0
91;7;0;10;10;20;8;0;0
92;7;0;10;10;20;8;0;0
93;7;0;10;10;20;8;0;0
94;7;0;10;10;20;8;0;0
95;7;0;10;10;20;8;0;0
96;7;0;10;10;20;8;0;0
97;7;0;10;10;20;8;0;0
98;7;0;10;10;20;8;0;0
99;7;0;10;10;20;8;0;0
0;7;0;10;10;20;8;0;0
1;7;0;10;10;20;8;0;0
2;7;0;10;10;20;8;0;0
3;7;0;10;10;20;8;0;0
4;7;0;10;10;20;8;0;0
5;7;0;10;10;20;8;0;0
6;7;0;10;10;20;8;0;0
7;7;0;10;10;20;8;0;0
8;7;0;10;10;20;8;0;0
9;7;0;10;10;20;8;0;0
10;7;0;10;10;20;8;0;0
11;7;0;10;10;20;8;0;0
12;7;0;10;10;20;8;0;0
13;7;0;10;10;20;8;0;0
14;7;0;10;10;20;8;0;0
15;7;0;10;10;20;8;0;0
16;7;0;10;10;20;8;0;0
17;7;0;10;10;20;8;0;0
18;7;0;10;10;20;8;0;0
19;7;0;10;10;20;8;0;0
20;7;0;10;10;20;8;0;0
21;7;0;10;10;20;8;0;0
22;7;0;10;10;20;8;0;0
23;7;0;10;10;20;8;0;0
24;7;0;10;10;20;8;0;0
25;7;0;10;10;20;8;0;0
26;7;3;10;10;20;8;279962;1726178101653113249
27;7;0;10;10;20;8;0;0
28;7;0;10;10;20;8;0;0
29;7;0;10;10;20;8;0;0
30;7;0;10;10;20;8;0;0
31;7;0;10;10;20;8;0;0
32;7;0;10;10;20;8;0;0
33;7;0;10;10;20;8;0;0
34;7;0;10;10;20;8;0;0
35;7;0;10;10;20;8;0;0
36;7;0;10;10;20;8;0;0
37;7;0;10;10;20;8;0;0
38;7;0;10;10;20;8;0;0
39;7;0;10;10;20;8;0;0
40;7;0;10;10;20;8;0;0
41;7;0;10;10;20;8;0;0
42;7;0;10;10;20;8;0;0
43;7;0;10;10;20;8;0;0
44;7;0;10;10;20;8;0;0
45;7;0;10;10;20;8;0;0
46;7;0;10;10;20;8;0;0
47;7;0;10;10;20;8;0;0
48;7;0;10;10;20;8;0;0
49;7;0;10;10;20;8;0;0
50;7;0;10;10;20;8;0;0
51;7;0;10;10;20;8;0;0
52;7;0;10;10;20;8;0;0
53;7;0;10;10;20;8;0;0
54;7;0;10;10;20;8;0;0
55;7;0;10;10;20;8;0;0
56;7;0;10;10;20;8;0;0
57;7;0;10;10;20;8;0;0
58;7;0;10;10;20;8;0;0
59;7;0;10;10;20;8;0;0
60;7;0;10;10;20;8;0;0
61;7;0;10;10;20;8;0;0
62;7;0;10;10;20;8;0;0
63;7;0;10;10;20;8;0;0
64;7;0;10;10;20;8;0;0
65;7;0;10;10;20;8;0;0
66;7;0;10;10;20;8;0;0
67;7;0;10;10;20;8;0;0
68;7;0;10;10;20;8;0;0
69;7;0;10;10;20;8;0;0
70;7;0;10;10;20;8;0;0
71;7;0;10;10;20;8;0;0
72;7;0;10;10;20;8;0;0
73;7;0;10;10;20;8;0;0
74;7;0;10;10;20;8;0;0
75;7;0;10;10;20;8;0;0
76;7;0;10;10;20;8;0;0
77;7;0;10;10;20;8;0;0
78;7;0;10;10;20;8;0;0
79;7;0;10;10;20;8;0;0
80;7;0;10;10;20;8;0;0
81;7;0;10;10;20;8;0;0
82;7;0;10;10;20;8;0;0
83;7;0;10;10;20;8;0;0
84;7;0;10;10;20;8;0;0
85;7;0;10;10;20;8;0;0
86;7;0;10;10;20;8;0;0
87;7;0;10;10;20;8;0;0
88;7;0;10;10;20;8;0;0
89;7;0;10;10;20;8;0;0
90;7;0;10;10;20;8;0;0
91;7;0;10;10;20;8;0;0
92;7;0;10;10;20;8;0;0
93;7;0;10;10;20;8;0;0
94;7;0;10;10;20;8;0;0
95;7;0;10;10;20;8;0;0
96;7;0;10;10;20;8;0;0
97;7;0;10;10;20;8;0;0
98;7;0;10;10;20;8;0;0
99;7;0;10;10;20;8;0;0
0;7;0;10;10;20;8;0;0
1;7;0;10;10;20;8;0;0
2;7;0;10;10;20;8;0;0
3;7;0;10;10;20;8;0;0
4;7;0;10;10;20;8;0;0
5;7;0;10;10;20;8;0;0
6;7;0;10;10;20;8;0;0
7;7;0;10;10;20;8;0;0
8;7;0;10;10;20;8;0;0
9;7;0;10;10;20;8;0;0
10;7;0;10;10;20;8;0;0
11;7;0;10;10;20;8;0;0
12;7;0;10;10;20;8;0;0
13;7;0;10;10;20;8;0;0
14;7;0;10;10;20;8;0;0
15;7;0;10;10;20;8;0;0
16;7;4;10;10;20;8;396552;1726178101553117748
17;7;0;10;10;20;8;0;0
18;7;0;10;10;20;8;0;0
19;7;0;10;10;20;8;0;0
20;7;0;10;10;20;8;0;0
21;7;0;10;10;20;8;0;0
22;7;0;10;10;20;8;0;0
23;7;0;10;10;20;8;0;0
24;7;0;10;10;20;8;0;0
25;7;0;10;10;20;8;0;0
26;7;0;10;10;20;8;0;0
27;7;0;10;10;20;8;0;0
28;7;0;10;10;20;8;0;0
29;7;0;10;10;20;8;0;0
30;7;0;10;10;20;8;0;0
31;7;0;10;10;20;8;0;0
32;7;0;10;10;20;8;0;0
33;7;0;10;10;20;8;0;0
34;7;0;10;10;20;8;0;0
35;7;0;10;10;20;8;0;0
36;7;0;10;10;20;8;0;0
37;7;0;10;10;20;8;0;0
38;7;0;10;10;20;8;0;0
39;7;0;10;10;20;8;0;0
40;7;0;10;10;20;8;0;0
41;7;0;10;10;20;8;0;0
42;7;0;10;10;20;8;0;0
43;7;0;10;10;20;8;0;0
44;7;0;10;10;20;8;0;0
45;7;0;10;10;20;8;0;0
46;7;0;10;10;20;8;0;0
47;7;0;10;10;20;8;0;0
48;7;0;10;10;20;8;0;0
49;7;0;10;10;20;8;0;0
50;7;0;10;10;20;8;0;0
51;7;0;10;10;20;8;0;0
52;7;0;10;10;20;8;0;0
53;7;0;10;10;20;8;0;0
54;7;0;10;10;20;8;0;0
55;7;0;10;10;20;8;0;0
56;7;0;10;10;20;8;0;0
57;7;0;10;10;20;8;0;0
58;7;0;10;10;20;8;0;0
59;7;0;10;10;20;8;0;0
60;7;0;10;10;20;8;0;0
61;7;0;10;10;20;8;0;0
62;7;0;10;10;20;8;0;0
63;7;0;10;10;20;8;0;0
64;7;0;10;10;20;8;0;0
65;7;0;10;10;20;8;0;0
66;7;4;10;10;20;8;298280;1726178102053142746
67;7;0;10;10;20;8;0;0
68;7;0;10;10;20;8;0;0
69;7;0;10;10;20;8;0;0
70;7;0;10;10;20;8;0;0
71;7;0;10;10;20;8;0;0
72;7;0;10;10;20;8;0;0
73;7;0;10;10;20;8;0;0
74;7;0;10;10;20;8;0;0
75;7;0;10;10;20;8;0;0
76;7;4;10;10;20;8;320918;1726178102153145306
77;7;0;10;10;20;8;0;0
78;7;0;10;10;20;8;0;0
79;7;0;10;10;20;8;0;0
80;7;0;10;10;20;8;0;0
81;7;0;10;10;20;8;0;0
82;7;0;10;10;20;8;0;0
83;7;0;10;10;20;8;0;0
84;7;0;10;10;20;8;0;0
85;7;0;10;10;20;8;0;0
86;7;4;10;10;20;8;257019;1726178102253142823
87;7;0;10;10;20;8;0;0
88;7;0;10;10;20;8;0;0
89;7;0;10;10;20;8;0;0
90;7;0;10;10;20;8;0;0
91;7;0;10;10;20;8;0;0
92;7;0;10;10;20;8;0;0
93;7;0;10;10;20;8;0;0
94;7;0;10;10;20;8;0;0
95;7;0;10;10;20;8;0;0
96;7;0;10;10;20;8;0;0
97;7;0;10;10;20;8;0;0
98;7;0;10;10;20;8;0;0
99;7;0;10;10;20;8;0;0
0;7;0;10;10;20;8;0;0
1;7;0;10;10;20;8;0;0
2;7;0;10;10;20;8;0;0
3;7;0;10;10;20;8;0;0
4;7;0;10;10;20;8;0;0
5;7;0;10;10;20;8;0;0
6;7;0;10;10;20;8;0;0
7;7;0;10;10;20;8;0;0
8;7;0;10;10;20;8;0;0
9;7;0;10;10;20;8;0;0
10;7;0;10;10;20;8;0;0
11;7;0;10;10;20;8;0;0
12;7;0;10;10;20;8;0;0
13;7;0;10;10;20;8;0;0
14;7;0;10;10;20;8;0;0
15;7;0;10;10;20;8;0;0
16;7;0;10;10;20;8;0;0
17;7;0;10;10;20;8;0;0
18;7;0;10;10;20;8;0;0
19;7;0;10;10;20;8;0;0
20;7;0;10;10;20;8;0;0
21;7;0;10;10;20;8;0;0
22;7;0;10;10;20;8;0;0
23;7;0;10;10;20;8;0;0
24;7;0;10;10;20;8;0;0
25;7;0;10;10;20;8;0;0
26;7;0;10;10;20;8;0;0
27;7;0;10;10;20;8;0;0
28;7;0;10;10;20;8;0;0
29;7;0;10;10;20;8;0;0
30;7;0;10;10;20;8;0;0
31;7;0;10;10;20;8;0;0
32;7;0;10;10;20;8;0;0
33;7;0;10;10;20;8;0;0
34;7;0;10;10;20;8;0;0
35;7;0;10;10;20;8;0;0
36;7;5;10;10;20;8;325998;1726178101753146414
37;7;0;10;10;20;8;0;0
38;7;0;10;10;20;8;0;0
39;7;0;10;10;20;8;0;0
40;7;0;10;10;20;8;0;0
41;7;0;10;10;20;8;0;0
42;7;0;10;10;20;8;0;0
43;7;0;10;10;20;8;0;0
44;7;0;10;10;20;8;0;0
45;7;0;10;10;20;8;0;0
46;7;0;10;10;20;8;0;0
47;7;0;10;10;20;8;0;0
48;7;0;10;10;20;8;0;0
49;7;0;10;10;20;8;0;0
50;7;0;10;10;20;8;0;0
51;7;0;10;10;20;8;0;0
52;7;0;10;10;20;8;0;0
53;7;0;10;10;20;8;0;0
54;7;0;10;10;20;8;0;0
55;7;0;10;10;20;8;0;0
56;7;5;10;10;20;8;252593;1726178101953114347
57;7;0;10;10;20;8;0;0
58;7;0;10;10;20;8;0;0
59;7;0;10;10;20;8;0;0
60;7;0;10;10;20;8;0;0
61;7;0;10;10;20;8;0;0
62;7;0;10;10;20;8;0;0
63;7;0;10;10;20;8;0;0
64;7;0;10;10;20;8;0;0
65;7;0;10;10;20;8;0;0
66;7;0;10;10;20;8;0;0
67;7;0;10;10;20;8;0;0
68;7;0;10;10;20;8;0;0
69;7;0;10;10;20;8;0;0
70;7;0;10;10;20;8;0;0
71;7;0;10;10;20;8;0;0
72;7;0;10;10;20;8;0;0
73;7;0;10;10;20;8;0;0
74;7;0;10;10;20;8;0;0
75;7;0;10;10;20;8;0;0
76;7;0;10;10;20;8;0;0
77;7;0;10;10;20;8;0;0
78;7;0;10;10;20;8;0;0
79;7;0;10;10;20;8;0;0
80;7;0;10;10;20;8;0;0
81;7;0;10;10;20;8;0;0
82;7;0;10;10;20;8;0;0
83;7;0;10;10;20;8;0;0
84;7;0;10;10;20;8;0;0
85;7;0;10;10;20;8;0;0
86;7;0;10;10;20;8;0;0
87;7;0;10;10;20;8;0;0
88;7;0;10;10;20;8;0;0
89;7;0;10;10;20;8;0;0
90;7;0;10;10;20;8;0;0
91;7;0;10;10;20;8;0;0
92;7;0;10;10;20;8;0;0
93;7;0;10;10;20;8;0;0
94;7;0;10;10;20;8;0;0
95;7;0;10;10;20;8;0;0
96;7;5;10;10;20;8;270822;1726178102353115487
97;7;0;10;10;20;8;0;0
98;7;0;10;10;20;8;0;0
99;7;0;10;10;20;8;0;0
0;7;0;10;10;20;8;0;0
1;7;0;10;10;20;8;0;0
2;7;0;10;10;20;8;0;0
3;7;0;10;10;20;8;0;0
4;7;0;10;10;20;8;0;0
5;7;0;10;10;20;8;0;0
6;7;0;10;10;20;8;0;0
7;7;0;10;10;20;8;0;0
8;7;0;10;10;20;8;0;0
9;7;0;10;10;20;8;0;0
10;7;0;10;10;20;8;0;0
11;7;0;10;10;20;8;0;0
12;7;0;10;10;20;8;0;0
13;7;0;10;10;20;8;0;0
14;7;0;10;10;20;8;0;0
15;7;0;10;10;20;8;0;0
16;7;0;10;10;20;8;0;0
17;7;0;10;10;20;8;0;0
18;7;0;10;10;20;8;0;0
19;7;0;10;10;20;8;0;0
20;7;0;10;10;20;8;0;0
21;7;0;10;10;20;8;0;0
22;7;0;10;10;20;8;0;0
23;7;0;10;10;20;8;0;0
24;7;0;10;10;20;8;0;0
25;7;0;10;10;20;8;0;0
26;7;0;10;10;20;8;0;0
27;7;0;10;10;20;8;0;0
28;7;0;10;10;20;8;0;0
29;7;0;10;10;20;8;0;0
30;7;0;10;10;20;8;0;0
31;7;0;10;10;20;8;0;0
32;7;0;10;10;20;8;0;0
33;7;0;10;10;20;8;0;0
34;7;0;10;10;20;8;0;0
35;7;0;10;10;20;8;0;0
36;7;0;10;10;20;8;0;0
37;7;0;10;10;20;8;0;0
38;7;0;10;10;20;8;0;0
39;7;0;10;10;20;8;0;0
40;7;0;10;10;20;8;0;0
41;7;0;10;10;20;8;0;0
42;7;0;10;10;20;8;0;0
43;7;0;10;10;20;8;0;0
44;7;0;10;10;20;8;0;0
45;7;0;10;10;20;8;0;0
46;7;0;10;10;20;8;0;0
47;7;0;10;10;20;8;0;0
48;7;0;10;10;20;8;0;0
49;7;0;10;10;20;8;0;0
50;7;0;10;10;20;8;0;0
51;7;0;10;10;20;8;0;0
52;7;0;10;10;20;8;0;0
53;7;0;10;10;20;8;0;0
54;7;0;10;10;20;8;0;0
55;7;0;10;10;20;8;0;0
56;7;0;10;10;20;8;0;0
57;7;0;10;10;20;8;0;0
58;7;0;10;10;20;8;0;0
59;7;0;10;10;20;8;0;0
60;7;0;10;10;20;8;0;0
61;7;0;10;10;20;8;0;0
62;7;0;10;10;20;8;0;0
63;7;0;10;10;20;8;0;0
64;7;0;10;10;20;8;0;0
65;7;0;10;10;20;8;0;0
66;7;0;10;10;20;8;0;0
67;7;0;10;10;20;8;0;0
68;7;0;10;10;20;8;0;0
69;7;0;10;10;20;8;0;0
70;7;0;10;10;20;8;0;0
71;7;0;10;10;20;8;0;0
72;7;0;10;10;20;8;0;0
73;7;0;10;10;20;8;0;0
74;7;0;10;10;20;8;0;0
75;7;0;10;10;20;8;0;0
76;7;0;10;10;20;8;0;0
77;7;0;10;10;20;8;0;0
78;7;0;10;10;20;8;0;0
79;7;0;10;10;20;8;0;0
80;7;0;10;10;20;8;0;0
81;7;0;10;10;20;8;0;0
82;7;0;10;10;20;8;0;0
83;7;0;10;10;20;8;0;0
84;7;0;10;10;20;8;0;0
85;7;0;10;10;20;8;0;0
86;7;0;10;10;20;8;0;0
87;7;0;10;10;20;8;0;0
88;7;0;10;10;20;8;0;0
89;7;0;10;10;20;8;0;0
90;7;0;10;10;20;8;0;0
91;7;0;10;10;20;8;0;0
92;7;0;10;10;20;8;0;0
93;7;0;10;10;20;8;0;0
94;7;0;10;10;20;8;0;0
95;7;0;10;10;20;8;0;0
96;7;0;10;10;20;8;0;0
97;7;0;10;10;20;8;0;0
98;7;0;10;10;20;8;0;0
99;7;0;10;10;20;8;0;0
0;7;0;10;10;20;8;0;0
1;7;0;10;10;20;8;0;0
2;7;0;10;10;20;8;0;0
3;7;0;10;10;20;8;0;0
4;7;0;10;10;20;8;0;0
5;7;0;10;10;20;8;0;0
6;7;0;10;10;20;8;0;0
7;7;0;10;10;20;8;0;0
8;7;0;10;10;20;8;0;0
9;7;0;10;10;20;8;0;0
10;7;0;10;10;20;8;0;0
11;7;0;10;10;20;8;0;0
12;7;0;10;10;20;8;0;0
13;7;0;10;10;20;8;0;0
14;7;0;10;10;20;8;0;0
15;7;0;10;10;20;8;0;0
16;7;0;10;10;20;8;0;0
17;7;0;10;10;20;8;0;0
18;7;0;10;10;20;8;0;0
19;7;0;10;10;20;8;0;0
20;7;0;10;10;20;8;0;0
21;7;0;10;10;20;8;0;0
22;7;0;10;10;20;8;0;0
23;7;0;10;10;20;8;0;0
24;7;0;10;10;20;8;0;0
25;7;0;10;10;20;8;0;0
26;7;0;10;10;20;8;0;0
27;7;0;10;10;20;8;0;0
28;7;0;10;10;20;8;0;0
29;7;0;10;10;20;8;0;0
30;7;0;10;10;20;8;0;0
31;7;0;10;10;20;8;0;0
32;7;0;10;10;20;8;0;0
33;7;0;10;10;20;8;0;0
34;7;0;10;10;20;8;0;0
35;7;0;10;10;20;8;0;0
36;7;0;10;10;20;8;0;0
37;7;0;10;10;20;8;0;0
38;7;0;10;10;20;8;0;0
39;7;0;10;10;20;8;0;0
40;7;0;10;10;20;8;0;0
41;7;0;10;10;20;8;0;0
42;7;0;10;10;20;8;0;0
43;7;0;10;10;20;8;0;0
44;7;0;10;10;20;8;0;0
45;7;0;10;10;20;8;0;0
46;7;0;10;10;20;8;0;0
47;7;0;10;10;20;8;0;0
48;7;0;10;10;20;8;0;0
49;7;0;10;10;20;8;0;0
50;7;0;10;10;20;8;0;0
51;7;0;10;10;20;8;0;0
52;7;0;10;10;20;8;0;0
53;7;0;10;10;20;8;0;0
54;7;0;10;10;20;8;0;0
55;7;0;10;10;20;8;0;0
56;7;0;10;10;20;8;0;0
57;7;0;10;10;20;8;0;0
58;7;0;10;10;20;8;0;0
59;7;0;10;10;20;8;0;0
60;7;0;10;10;20;8;0;0
61;7;0;10;10;20;8;0;0
62;7;0;10;10;20;8;0;0
63;7;0;10;10;20;8;0;0
64;7;0;10;10;20;8;0;0
65;7;0;10;10;20;8;0;0
66;7;0;10;10;20;8;0;0
67;7;0;10;10;20;8;0;0
68;7;0;10;10;20;8;0;0
69;7;0;10;10;20;8;0;0
70;7;0;10;10;20;8;0;0
71;7;0;10;10;20;8;0;0
72;7;0;10;10;20;8;0;0
73;7;0;10;10;20;8;0;0
74;7;0;10;10;20;8;0;0
75;7;0;10;10;20;8;0;0
76;7;0;10;10;20;8;0;0
77;7;0;10;10;20;8;0;0
78;7;0;10;10;20;8;0;0
79;7;0;10;10;20;8;0;0
80;7;0;10;10;20;8;0;0
81;7;0;10;10;20;8;0;0
82;7;0;10;10;20;8;0;0
83;7;0;10;10;20;8;0;0
84;7;0;10;10;20;8;0;0
85;7;0;10;10;20;8;0;0
86;7;0;10;10;20;8;0;0
87;7;0;10;10;20;8;0;0
88;7;0;10;10;20;8;0;0
89;7;0;10;10;20;8;0;0
90;7;0;10;10;20;8;0;0
91;7;0;10;10;20;8;0;0
92;7;0;10;10;20;8;0;0
93;7;0;10;10;20;8;0;0
94;7;0;10;10;20;8;0;0
95;7;0;10;10;20;8;0;0
96;7;0;10;10;20;8;0;0
97;7;0;10;10;20;8;0;0
98;7;0;10;10;20;8;0;0
99;7;0;10;10;20;8;0;0
0;7;0;10;10;20;8;0;0
1;7;0;10;10;20;8;0;0
2;7;0;10;10;20;8;0;0
3;7;0;10;10;20;8;0;0
4;7;0;10;10;20;8;0;0
5;7;0;10;10;20;8;0;0
6;7;0;10;10;20;8;0;0
7;7;0;10;10;20;8;0;0
8;7;0;10;10;20;8;0;0
9;7;0;10;10;20;8;0;0
10;7;0;10;10;20;8;0;0
11;7;0;10;10;20;8;0;0
12;7;0;10;10;20;8;0;0
13;7;0;10;10;20;8;0;0
14;7;0;10;10;20;8;0;0
15;7;0;10;10;20;8;0;0
16;7;0;10;10;20;8;0;0
17;7;0;10;10;20;8;0;0
18;7;0;10;10;20;8;0;0
19;7;0;10;10;20;8;0;0
20;7;0;10;10;20;8;0;0
21;7;0;10;10;20;8;0;0
22;7;0;10;10;20;8;0;0
23;7;0;10;10;20;8;0;0
24;7;0;10;10;20;8;0;0
25;7;0;10;10;20;8;0;0
26;7;0;10;10;20;8;0;0
27;7;0;10;10;20;8;0;0
28;7;0;10;10;20;8;0;0
29;7;0;10;10;20;8;0;0
30;7;0;10;10;20;8;0;0
31;7;0;10;10;20;8;0;0
32;7;0;10;10;20;8;0;0
33;7;0;10;10;20;8;0;0
34;7;0;10;10;20;8;0;0
35;7;0;10;10;20;8;0;0
36;7;0;10;10;20;8;0;0
37;7;0;10;10;20;8;0;0
38;7;0;10;10;20;8;0;0
39;7;0;10;10;20;8;0;0
40;7;0;10;10;20;8;0;0
41;7;0;10;10;20;8;0;0
42;7;0;10;10;20;8;0;0
43;7;0;10;10;20;8;0;0
44;7;0;10;10;20;8;0;0
45;7;0;10;10;20;8;0;0
46;7;0;10;10;20;8;0;0
47;7;0;10;10;20;8;0;0
48;7;0;10;10;20;8;0;0
49;7;0;10;10;20;8;0;0
50;7;0;10;10;20;8;0;0
51;7;0;10;10;20;8;0;0
52;7;0;10;10;20;8;0;0
53;7;0;10;10;20;8;0;0
54;7;0;10;10;20;8;0;0
55;7;0;10;10;20;8;0;0
56;7;0;10;10;20;8;0;0
57;7;0;10;10;20;8;0;0
58;7;0;10;10;20;8;0;0
59;7;0;10;10;20;8;0;0
60;7;0;10;10;20;8;0;0
61;7;0;10;10;20;8;0;0
62;7;0;10;10;20;8;0;0
63;7;0;10;10;20;8;0;0
64;7;0;10;10;20;8;0;0
65;7;0;10;10;20;8;0;0
66;7;0;10;10;20;8;0;0
67;7;0;10;10;20;8;0;0
68;7;0;10;10;20;8;0;0
69;7;0;10;10;20;8;0;0
70;7;0;10;10;20;8;0;0
71;7;0;10;10;20;8;0;0
72;7;0;10;10;20;8;0;0
73;7;0;10;10;20;8;0;0
74;7;0;10;10;20;8;0;0
75;7;0;10;10;20;8;0;0
76;7;0;10;10;20;8;0;0
77;7;0;10;10;20;8;0;0
78;7;0;10;10;20;8;0;0
79;7;0;10;10;20;8;0;0
80;7;0;10;10;20;8;0;0
81;7;0;10;10;20;8;0;0
82;7;0;10;10;20;8;0;0
83;7;0;10;10;20;8;0;0
84;7;0;10;10;20;8;0;0
85;7;0;10;10;20;8;0;0
86;7;0;10;10;20;8;0;0
87;7;0;10;10;20;8;0;0
88;7;0;10;10;20;8;0;0
89;7;0;10;10;20;8;0;0
90;7;0;10;10;20;8;0;0
91;7;0;10;10;20;8;0;0
92;7;0;10;10;20;8;0;0
93;7;0;10;10;20;8;0;0
94;7;0;10;10;20;8;0;0
95;7;0;10;10;20;8;0;0
96;7;0;10;10;20;8;0;0
97;7;0;10;10;20;8;0;0
98;7;0;10;10;20;8;0;0
99;7;0;10;10;20;8;0;0
0;7;0;10;10;20;8;0;0
1;7;0;10;10;20;8;0;0
2;7;0;10;10;20;8;0;0
3;7;0;10;10;20;8;0;0
4;7;0;10;10;20;8;0;0
5;7;0;10;10;20;8;0;0
6;7;0;10;10;20;8;0;0
7;7;0;10;10;20;8;0;0
8;7;0;10;10;20;8;0;0
9;7;0;10;10;20;8;0;0
10;7;0;10;10;20;8;0;0
11;7;0;10;10;20;8;0;0
12;7;0;10;10;20;8;0;0
13;7;0;10;10;20;8;0;0
14;7;0;10;10;20;8;0;0
15;7;0;10;10;20;8;0;0
16;7;0;10;10;20;8;0;0
17;7;0;10;10;20;8;0;0
18;7;0;10;10;20;8;0;0
19;7;0;10;10;20;8;0;0
20;7;0;10;10;20;8;0;0
21;7;0;10;10;20;8;0;0
22;7;0;10;10;20;8;0;0
23;7;0;10;10;20;8;0;0
24;7;0;10;10;20;8;0;0
25;7;0;10;10;20;8;0;0
26;7;0;10;10;20;8;0;0
27;7;0;10;10;20;8;0;0
28;7;0;10;10;20;8;0;0
29;7;0;10;10;20;8;0;0
30;7;0;10;10;20;8;0;0
31;7;0;10;10;20;8;0;0
32;7;0;10;10;20;8;0;0
33;7;0;10;10;20;8;0;0
34;7;0;10;10;20;8;0;0
35;7;0;10;10;20;8;0;0
36;7;0;10;10;20;8;0;0
37;7;0;10;10;20;8;0;0
38;7;0;10;10;20;8;0;0
39;7;0;10;10;20;8;0;0
40;7;0;10;10;20;8;0;0
41;7;0;10;10;20;8;0;0
42;7;0;10;10;20;8;0;0
43;7;0;10;10;20;8;0;0
44;7;0;10;10;20;8;0;0
45;7;0;10;10;20;8;0;0
46;7;9;10;10;20;8;458333;1726178101853134178
47;7;0;10;10;20;8;0;0
48;7;0;10;10;20;8;0;0
49;7;0;10;10;20;8;0;0
50;7;0;10;10;20;8;0;0
51;7;0;10;10;20;8;0;0
52;7;0;10;10;20;8;0;0
53;7;0;10;10;20;8;0;0
54;7;0;10;10;20;8;0;0
55;7;0;10;10;20;8;0;0
56;7;0;10;10;20;8;0;0
57;7;0;10;10;20;8;0;0
58;7;0;10;10;20;8;0;0
59;7;0;10;10;20;8;0;0
60;7;0;10;10;20;8;0;0
61;7;0;10;10;20;8;0;0
62;7;0;10;10;20;8;0;0
63;7;0;10;10;20;8;0;0
64;7;0;10;10;20;8;0;0
65;7;0;10;10;20;8;0;0
66;7;0;10;10;20;8;0;0
67;7;0;10;10;20;8;0;0
68;7;0;10;10;20;8;0;0
69;7;0;10;10;20;8;0;0
70;7;0;10;10;20;8;0;0
71;7;0;10;10;20;8;0;0
72;7;0;10;10;20;8;0;0
73;7;0;10;10;20;8;0;0
74;7;0;10;10;20;8;0;0
75;7;0;10;10;20;8;0;0
76;7;0;10;10;20;8;0;0
77;7;0;10;10;20;8;0;0
78;7;0;10;10;20;8;0;0
79;7;0;10;10;20;8;0;0
80;7;0;10;10;20;8;0;0
81;7;0;10;10;20;8;0;0
82;7;0;10;10;20;8;0;0
83;7;0;10;10;20;8;0;0
84;7;0;10;10;20;8;0;0
85;7;0;10;10;20;8;0;0
86;7;0;10;10;20;8;0;0
87;7;0;10;10;20;8;0;0
88;7;0;10;10;20;8;0;0
89;7;0;10;10;20;8;0;0
90;7;0;10;10;20;8;0;0
91;7;0;10;10;20;8;0;0
92;7;0;10;10;20;8;0;0
93;7;0;10;10;20;8;0;0
94;7;0;10;10;20;8;0;0
95;7;0;10;10;20;8;0;0
96;7;0;10;10;20;8;0;0
97;7;0;10;10;20;8;0;0
98;7;0;10;10;20;8;0;0
99;7;0;10;10;20;8;0;0
0;7;10;10;10;20;8;264781;1726178101393323332
1;7;10;10;10;20;8;317677;1726178101403338379
2;7;10;10;10;20;8;285889;1726178101413342275
3;7;10;10;10;20;8;166737;1726178101423197303
4;7;10;10;10;20;8;191080;1726178101433182595
5;7;10;10;10;20;8;184714;1726178101443169908
6;7;10;10;10;20;8;183073;1726178101453084326
7;7;10;10;10;20;8;181403;1726178101463143460
8;7;10;10;10;20;8;214301;1726178101473144057
9;7;10;10;10;20;8;193224;1726178101483153260
10;7;10;10;10;20;8;191165;1726178101493148363
11;7;10;10;10;20;8;217065;1726178101503159692
12;7;10;10;10;20;8;185436;1726178101513158328
13;7;10;10;10;20;8;197581;1726178101523134006
14;7;10;10;10;20;8;202943;1726178101533144548
15;7;10;10;10;20;8;168952;1726178101543172922
16;7;10;10;10;20;8;557175;1726178101553155327
17;7;10;10;10;20;8;175606;1726178101563163703
18;7;10;10;10;20;8;179798;1726178101573162484
19;7;10;10;10;20;8;241961;1726178101583147111
20;7;10;10;10;20;8;193716;1726178101593083895
21;7;10;10;10;20;8;197922;1726178101603155050
22;7;10;10;10;20;8;194259;1726178101613155814
23;7;10;10;10;20;8;189234;1726178101623147069
24;7;10;10;10;20;8;196047;1726178101633155962
25;7;10;10;10;20;8;213434;1726178101643153677
26;7;10;10;10;20;8;422338;1726178101653155813
27;7;10;10;10;20;8;174416;1726178101663159130
28;7;10;10;10;20;8;193569;1726178101673143085
29;7;10;10;10;20;8;237574;1726178101683136709
30;7;10;10;10;20;8;221454;1726178101693145102
31;7;10;10;10;20;8;193470;1726178101703175061
32;7;10;10;10;20;8;193163;1726178101713145858
33;7;10;10;10;20;8;202365;1726178101723144966
34;7;10;10;10;20;8;209258;1726178101733149963
35;7;10;10;10;20;8;215679;1726178101743139541
36;7;10;10;10;20;8;484583;1726178101753179002
37;7;10;10;10;20;8;193889;1726178101763171091
38;7;10;10;10;20;8;173195;1726178101773189544
39;7;10;10;10;20;8;240361;1726178101783173382
40;7;10;10;10;20;8;179667;1726178101793198501
41;7;10;10;10;20;8;188864;1726178101803183498
42;7;10;10;10;20;8;206565;1726178101813176980
43;7;10;10;10;20;8;191566;1726178101823190462
44;7;10;10;10;20;8;176343;1726178101833187376
45;7;10;10;10;20;8;182377;1726178101843185754
46;7;10;10;10;20;8;596087;1726178101853157348
47;7;10;10;10;20;8;174448;1726178101863160165
48;7;10;10;10;20;8;208350;1726178101873144915
49;7;10;10;10;20;8;227524;1726178101883145985
50;7;10;10;10;20;8;186668;1726178101893148149
51;7;10;10;10;20;8;197745;1726178101903147615
52;7;10;10;10;20;8;187911;1726178101913147165
53;7;10;10;10;20;8;200378;1726178101923147141
54;7;10;10;10;20;8;202195;1726178101933149037
55;7;10;10;10;20;8;203284;1726178101943150870
56;7;10;10;10;20;8;413966;1726178101953143241
57;7;10;10;10;20;8;205321;1726178101963149816
58;7;10;10;10;20;8;197433;1726178101973159692
59;7;10;10;10;20;8;215361;1726178101983154243
60;7;10;10;10;20;8;198436;1726178101993155034
61;7;10;10;10;20;8;211746;1726178102003154560
62;7;10;10;10;20;8;204130;1726178102013148018
63;7;10;10;10;20;8;211458;1726178102023152069
64;7;10;10;10;20;8;211117;1726178102033157056
65;7;10;10;10;20;8;214616;1726178102043137771
66;7;10;10;10;20;8;467289;1726178102053175842
67;7;10;10;10;20;8;190914;1726178102063172964
68;7;10;10;10;20;8;169323;1726178102073189528
69;7;10;10;10;20;8;217354;1726178102083187694
70;7;10;10;10;20;8;180683;1726178102093169142
71;7;10;10;10;20;8;138586;1726178102103211332
72;7;10;10;10;20;8;174843;1726178102113176743
73;7;10;10;10;20;8;198312;1726178102123180224
74;7;10;10;10;20;8;191567;1726178102133183764
75;7;10;10;10;20;8;193393;1726178102143180914
76;7;10;10;10;20;8;471618;1726178102153187384
77;7;10;10;10;20;8;206979;1726178102163176200
78;7;10;10;10;20;8;195984;1726178102173177170
79;7;10;10;10;20;8;232651;1726178102183174923
80;7;10;10;10;20;8;175473;1726178102193176823
81;7;10;10;10;20;8;202370;1726178102203183462
82;7;10;10;10;20;8;185415;1726178102213181014
83;7;10;10;10;20;8;170000;1726178102223181298
84;7;10;10;10;20;8;206960;1726178102233179617
85;7;10;10;10;20;8;190147;1726178102243179762
86;7;10;10;10;20;8;405616;1726178102253181576
87;7;10;10;10;20;8;175131;1726178102263178061
88;7;10;10;10;20;8;241232;1726178102273176744
89;7;10;10;10;20;8;217678;1726178102283187913
90;7;10;10;10;20;8;173400;1726178102293178498
91;7;10;10;10;20;8;209079;1726178102303179633
92;7;10;10;10;20;8;203873;1726178102313180383
93;7;10;10;10;20;8;176360;1726178102323187530
94;7;10;10;10;20;8;176707;1726178102333178615
95;7;10;10;10;20;8;209241;1726178102343187588
96;7;10;10;10;20;8;439562;1726178102353145630
97;7;10;10;10;20;8;203067;1726178102363140483
98;7;10;10;10;20;8;174442;1726178102373158562
99;7;10;10;10;20;8;278211;1726178102383144510
0;7;11;10;10;20;8;449575;1726178101393332010
1;7;11;10;10;20;8;514658;1726178101403352636
2;7;11;10;10;20;8;473675;1726178101413354727
3;7;11;10;10;20;8;337717;1726178101423206659
4;7;11;10;10;20;8;347806;1726178101433192032
5;7;11;10;10;20;8;343258;1726178101443176692
6;7;11;10;10;20;8;345563;1726178101453091595
7;7;11;10;10;20;8;342391;1726178101463150813
8;7;11;10;10;20;8;370216;1726178101473157072
9;7;11;10;10;20;8;357283;1726178101483158272
10;7;11;10;10;20;8;355581;1726178101493153863
11;7;11;10;10;20;8;379749;1726178101503166253
12;7;11;10;10;20;8;345969;1726178101513166296
13;7;11;10;10;20;8;360641;1726178101523140722
14;7;11;10;10;20;8;366186;1726178101533152711
15;7;11;10;10;20;8;332896;1726178101543177771
16;7;11;10;10;20;8;699674;1726178101553173317
17;7;11;10;10;20;8;332703;1726178101563171382
18;7;11;10;10;20;8;340113;1726178101573166908
19;7;11;10;10;20;8;403819;1726178101583151474
20;7;11;10;10;20;8;351192;1726178101593091424
21;7;11;10;10;20;8;357526;1726178101603162160
22;7;11;10;10;20;8;352257;1726178101613162717
23;7;11;10;10;20;8;350493;1726178101623150364
24;7;11;10;10;20;8;351402;1726178101633165392
25;7;11;10;10;20;8;364898;1726178101643166885
26;7;11;10;10;20;8;558412;1726178101653180211
27;7;11;10;10;20;8;335457;1726178101663162644
28;7;11;10;10;20;8;352215;1726178101673148925
29;7;11;10;10;20;8;397822;1726178101683140247
30;7;11;10;10;20;8;381481;1726178101693149229
31;7;11;10;10;20;8;346138;1726178101703187616
32;7;11;10;10;20;8;350953;1726178101713152392
33;7;11;10;10;20;8;360063;1726178101723152763
34;7;11;10;10;20;8;368864;1726178101733154707
35;7;11;10;10;20;8;377704;1726178101743143074
36;7;11;10;10;20;8;638151;1726178101753185336
37;7;11;10;10;20;8;351489;1726178101763174983
38;7;11;10;10;20;8;329913;1726178101773194280
39;7;11;10;10;20;8;398912;1726178101783176591
40;7;11;10;10;20;8;335964;1726178101793203104
41;7;11;10;10;20;8;354052;1726178101803194759
42;7;11;10;10;20;8;360562;1726178101813183230
43;7;11;10;10;20;8;363242;1726178101823194699
44;7;11;10;10;20;8;332849;1726178101833190863
45;7;11;10;10;20;8;350984;1726178101843190310
46;7;11;10;10;20;8;745026;1726178101853166241
47;7;11;10;10;20;8;332793;1726178101863166665
48;7;11;10;10;20;8;368178;1726178101873148318
49;7;11;10;10;20;8;383350;1726178101883155748
50;7;11;10;10;20;8;345920;1726178101893152518
51;7;11;10;10;20;8;360769;1726178101903150999
52;7;11;10;10;20;8;350676;1726178101913150960
53;7;11;10;10;20;8;362573;1726178101923150262
54;7;11;10;10;20;8;364520;1726178101933152379
55;7;11;10;10;20;8;366698;1726178101943154286
56;7;11;10;10;20;8;563984;1726178101953152621
57;7;11;10;10;20;8;362840;1726178101963156861
58;7;11;10;10;20;8;353796;1726178101973166809
59;7;11;10;10;20;8;375863;1726178101983159242
60;7;11;10;10;20;8;360022;1726178101993158340
61;7;11;10;10;20;8;359650;1726178102003170871
62;7;11;10;10;20;8;360893;1726178102013156365
63;7;11;10;10;20;8;373447;1726178102023155230
64;7;11;10;10;20;8;366146;1726178102033167035
65;7;11;10;10;20;8;375930;1726178102043141239
66;7;11;10;10;20;8;620931;1726178102053182287
67;7;11;10;10;20;8;347026;1726178102063176970
68;7;11;10;10;20;8;339038;1726178102073195719
69;7;11;10;10;20;8;374557;1726178102083191764
70;7;11;10;10;20;8;337944;1726178102093175658
71;7;11;10;10;20;8;310007;1726178102103215580
72;7;11;10;10;20;8;340677;1726178102113187101
73;7;11;10;10;20;8;353726;1726178102123186356
74;7;11;10;10;20;8;348767;1726178102133187269
75;7;11;10;10;20;8;357829;1726178102143191570
76;7;11;10;10;20;8;603495;1726178102153215638
77;7;11;10;10;20;8;365945;1726178102163179804
78;7;11;10;10;20;8;364235;1726178102173183215
79;7;11;10;10;20;8;385646;1726178102183185434
80;7;11;10;10;20;8;336715;1726178102193181048
81;7;11;10;10;20;8;358982;1726178102203189561
82;7;11;10;10;20;8;355635;1726178102213185906
83;7;11;10;10;20;8;339443;1726178102223185783
84;7;11;10;10;20;8;363034;1726178102233183768
85;7;11;10;10;20;8;357348;1726178102243187277
86;7;11;10;10;20;8;561515;1726178102253186063
87;7;11;10;10;20;8;343365;1726178102263183940
88;7;11;10;10;20;8;395843;1726178102273183357
89;7;11;10;10;20;8;378584;1726178102283191761
90;7;11;10;10;20;8;340547;1726178102293184614
91;7;11;10;10;20;8;363776;1726178102303185596
92;7;11;10;10;20;8;355372;1726178102313188072
93;7;11;10;10;20;8;347856;1726178102323192258
94;7;11;10;10;20;8;332241;1726178102333188712
95;7;11;10;10;20;8;365028;1726178102343194579
96;7;11;10;10;20;8;592943;1726178102353152715
97;7;11;10;10;20;8;365290;1726178102363143680
98;7;11;10;10;20;8;325150;1726178102373173269
99;7;11;10;10;20;8;503691;1726178102383152599
0;7;12;10;10;20;8;593690;1726178101393345922
1;7;12;10;10;20;8;664901;1726178101403363582
2;7;12;10;10;20;8;619089;1726178101413367811
3;7;12;10;10;20;8;502144;1726178101423215062
4;7;12;10;10;20;8;502466;1726178101433196449
5;7;12;10;10;20;8;498145;1726178101443180365
6;7;12;10;10;20;8;506198;1726178101453095431
7;7;12;10;10;20;8;494240;1726178101463161126
8;7;12;10;10;20;8;528871;1726178101473160913
9;7;12;10;10;20;8;513516;1726178101483164691
10;7;12;10;10;20;8;510980;1726178101493161816
11;7;12;10;10;20;8;552636;1726178101503173459
12;7;12;10;10;20;8;502946;1726178101513171635
13;7;12;10;10;20;8;516404;1726178101523147579
14;7;12;10;10;20;8;520903;1726178101533160765
15;7;12;10;10;20;8;491190;1726178101543181324
16;7;12;10;10;20;8;828700;1726178101553202013
17;7;12;10;10;20;8;478555;1726178101563185169
18;7;12;10;10;20;8;495287;1726178101573170356
19;7;12;10;10;20;8;573996;1726178101583156604
20;7;12;10;10;20;8;497311;1726178101593103867
21;7;12;10;10;20;8;509390;1726178101603168908
22;7;12;10;10;20;8;502916;1726178101613170005
23;7;12;10;10;20;8;505060;1726178101623153736
24;7;12;10;10;20;8;505986;1726178101633170504
25;7;12;10;10;20;8;514696;1726178101643174951
26;7;12;10;10;20;8;711729;1726178101653185566
27;7;12;10;10;20;8;486810;1726178101663168678
28;7;12;10;10;20;8;503579;1726178101673157209
29;7;12;10;10;20;8;535306;1726178101683161615
30;7;12;10;10;20;8;527807;1726178101693159661
31;7;12;10;10;20;8;500095;1726178101703192433
32;7;12;10;10;20;8;501689;1726178101713160860
33;7;12;10;10;20;8;508422;1726178101723163399
34;7;12;10;10;20;8;517989;1726178101733163141
35;7;12;10;10;20;8;523783;1726178101743154633
36;7;12;10;10;20;8;789516;1726178101753191418
37;7;12;10;10;20;8;495750;1726178101763185007
38;7;12;10;10;20;8;482679;1726178101773198032
39;7;12;10;10;20;8;594846;1726178101783180168
40;7;12;10;10;20;8;488020;1726178101793206465
41;7;12;10;10;20;8;504775;1726178101803204605
42;7;12;10;10;20;8;508535;1726178101813190108
43;7;12;10;10;20;8;532411;1726178101823201959
44;7;12;10;10;20;8;485028;1726178101833194102
45;7;12;10;10;20;8;500491;1726178101843196048
46;7;12;10;10;20;8;893925;1726178101853173916
47;7;12;10;10;20;8;485717;1726178101863172627
48;7;12;10;10;20;8;524629;1726178101873151664
49;7;12;10;10;20;8;534415;1726178101883162644
50;7;12;10;10;20;8;501270;1726178101893156590
51;7;12;10;10;20;8;516020;1726178101903154335
52;7;12;10;10;20;8;502836;1726178101913159244
53;7;12;10;10;20;8;518669;1726178101923154217
54;7;12;10;10;20;8;519827;1726178101933156404
55;7;12;10;10;20;8;522939;1726178101943157683
56;7;12;10;10;20;8;718907;1726178101953156368
57;7;12;10;10;20;8;513448;1726178101963166122
58;7;12;10;10;20;8;506401;1726178101973173075
59;7;12;10;10;20;8;527230;1726178101983166383
60;7;12;10;10;20;8;514288;1726178101993162107
61;7;12;10;10;20;8;514570;1726178102003175437
62;7;12;10;10;20;8;512469;1726178102013163426
63;7;12;10;10;20;8;528855;1726178102023158993
64;7;12;10;10;20;8;514971;1726178102033176509
65;7;12;10;10;20;8;531877;1726178102043144529
66;7;12;10;10;20;8;746007;1726178102053215189
67;7;12;10;10;20;8;493405;1726178102063184366
68;7;12;10;10;20;8;488724;1726178102073202112
69;7;12;10;10;20;8;548257;1726178102083196092
70;7;12;10;10;20;8;490059;1726178102093182339
71;7;12;10;10;20;8;461479;1726178102103219469
72;7;12;10;10;20;8;491983;1726178102113191661
73;7;12;10;10;20;8;502550;1726178102123193844
74;7;12;10;10;20;8;498935;1726178102133190502
75;7;12;10;10;20;8;520026;1726178102143197512
76;7;12;10;10;20;8;751311;1726178102153225316
77;7;12;10;10;20;8;541810;1726178102163185932
78;7;12;10;10;20;8;513638;1726178102173189235
79;7;12;10;10;20;8;553637;1726178102183193031
80;7;12;10;10;20;8;488443;1726178102193188640
81;7;12;10;10;20;8;525447;1726178102203199859
82;7;12;10;10;20;8;504411;1726178102213192017
83;7;12;10;10;20;8;486277;1726178102223193604
84;7;12;10;10;20;8;512691;1726178102233187784
85;7;12;10;10;20;8;506944;1726178102243191129
86;7;12;10;10;20;8;716476;1726178102253189819
87;7;12;10;10;20;8;490206;1726178102263190577
88;7;12;10;10;20;8;543759;1726178102273189344
89;7;12;10;10;20;8;548292;1726178102283197450
90;7;12;10;10;20;8;486732;1726178102293194652
91;7;12;10;10;20;8;527835;1726178102303190366
92;7;12;10;10;20;8;504714;1726178102313192621
93;7;12;10;10;20;8;497415;1726178102323198369
94;7;12;10;10;20;8;499505;1726178102333192718
95;7;12;10;10;20;8;558684;1726178102343199205
96;7;12;10;10;20;8;743772;1726178102353160281
97;7;12;10;10;20;8;512747;1726178102363154941
98;7;12;10;10;20;8;479586;1726178102373177584
99;7;12;10;10;20;8;736365;1726178102383161734
0;7;13;10;10;20;8;741269;1726178101393356014
1;7;13;10;10;20;8;813356;1726178101403373613
2;7;13;10;10;20;8;764361;1726178101413380581
3;7;13;10;10;20;8;654415;1726178101423224781
4;7;13;10;10;20;8;653810;1726178101433203197
5;7;13;10;10;20;8;663412;1726178101443188345
6;7;13;10;10;20;8;661494;1726178101453101983
7;7;13;10;10;20;8;658388;1726178101463167385
8;7;13;10;10;20;8;682384;1726178101473168316
9;7;13;10;10;20;8;682777;1726178101483173099
10;7;13;10;10;20;8;665962;1726178101493168165
11;7;13;10;10;20;8;710124;1726178101503180216
12;7;13;10;10;20;8;657278;1726178101513178558
13;7;13;10;10;20;8;693035;1726178101523153995
14;7;13;10;10;20;8;675191;1726178101533167925
15;7;13;10;10;20;8;664598;1726178101543185201
16;7;13;10;10;20;8;980156;1726178101553209054
17;7;13;10;10;20;8;673269;1726178101563192946
18;7;13;10;10;20;8;649780;1726178101573173788
19;7;13;10;10;20;8;726070;1726178101583163739
20;7;13;10;10;20;8;662381;1726178101593112833
21;7;13;10;10;20;8;706480;1726178101603177836
22;7;13;10;10;20;8;650881;1726178101613179807
23;7;13;10;10;20;8;675042;1726178101623157138
24;7;13;10;10;20;8;656604;1726178101633178696
25;7;13;10;10;20;8;680697;1726178101643181509
26;7;13;10;10;20;8;865843;1726178101653189321
27;7;13;10;10;20;8;663056;1726178101663175423
28;7;13;10;10;20;8;650878;1726178101673166266
29;7;13;10;10;20;8;691486;1726178101683169514
30;7;13;10;10;20;8;675903;1726178101693166778
31;7;13;10;10;20;8;671475;1726178101703196259
32;7;13;10;10;20;8;650900;1726178101713169913
33;7;13;10;10;20;8;670655;1726178101723174128
34;7;13;10;10;20;8;669600;1726178101733169726
35;7;13;10;10;20;8;692210;1726178101743162830
36;7;13;10;10;20;8;917081;1726178101753221793
37;7;13;10;10;20;8;696906;1726178101763188704
38;7;13;10;10;20;8;634049;1726178101773201433
39;7;13;10;10;20;8;744569;1726178101783183976
40;7;13;10;10;20;8;638287;1726178101793209553
41;7;13;10;10;20;8;657387;1726178101803208759
42;7;13;10;10;20;8;656061;1726178101813196327
43;7;13;10;10;20;8;680677;1726178101823208711
44;7;13;10;10;20;8;636316;1726178101833197688
45;7;13;10;10;20;8;686488;1726178101843206616
46;7;13;10;10;20;8;1039794;1726178101853185099
47;7;13;10;10;20;8;699943;1726178101863183951
48;7;13;10;10;20;8;669700;1726178101873163581
49;7;13;10;10;20;8;697029;1726178101883166444
50;7;13;10;10;20;8;655891;1726178101893160079
51;7;13;10;10;20;8;678535;1726178101903165906
52;7;13;10;10;20;8;654451;1726178101913166108
53;7;13;10;10;20;8;690664;1726178101923157504
54;7;13;10;10;20;8;674071;1726178101933160221
55;7;13;10;10;20;8;684897;1726178101943171650
56;7;13;10;10;20;8;869119;1726178101953163780
57;7;13;10;10;20;8;683365;1726178101963170142
58;7;13;10;10;20;8;652916;1726178101973184375
59;7;13;10;10;20;8;696984;1726178101983170384
60;7;13;10;10;20;8;667818;1726178101993165403
61;7;13;10;10;20;8;675986;1726178102003179198
62;7;13;10;10;20;8;662123;1726178102013171140
63;7;13;10;10;20;8;698257;1726178102023162210
64;7;13;10;10;20;8;665891;1726178102033183172
65;7;13;10;10;20;8;688643;1726178102043152543
66;7;13;10;10;20;8;894692;1726178102053223660
67;7;13;10;10;20;8;683586;1726178102063191042
68;7;13;10;10;20;8;636778;1726178102073208528
69;7;13;10;10;20;8;708609;1726178102083202550
70;7;13;10;10;20;8;640514;1726178102093188313
71;7;13;10;10;20;8;656556;1726178102103225073
72;7;13;10;10;20;8;638718;1726178102113198179
73;7;13;10;10;20;8;667916;1726178102123198426
74;7;13;10;10;20;8;648429;1726178102133194070
75;7;13;10;10;20;8;670463;1726178102143204020
76;7;13;10;10;20;8;895751;1726178102153237839
77;7;13;10;10;20;8;704045;1726178102163194206
78;7;13;10;10;20;8;662219;1726178102173195853
79;7;13;10;10;20;8;713095;1726178102183200785
80;7;13;10;10;20;8;640725;1726178102193193372
81;7;13;10;10;20;8;690718;1726178102203204115
82;7;13;10;10;20;8;647168;1726178102213203416
83;7;13;10;10;20;8;649046;1726178102223200112
84;7;13;10;10;20;8;659924;1726178102233194523
85;7;13;10;10;20;8;668893;1726178102243197484
86;7;13;10;10;20;8;845937;1726178102253218108
87;7;13;10;10;20;8;679222;1726178102263196721
88;7;13;10;10;20;8;689181;1726178102273197684
89;7;13;10;10;20;8;696394;1726178102283207544
90;7;13;10;10;20;8;637694;1726178102293198844
91;7;13;10;10;20;8;677700;1726178102303196886
92;7;13;10;10;20;8;651941;1726178102313198977
93;7;13;10;10;20;8;687583;1726178102323205284
94;7;13;10;10;20;8;649351;1726178102333196615
95;7;13;10;10;20;8;707982;1726178102343205107
96;7;13;10;10;20;8;863130;1726178102353198018
97;7;13;10;10;20;8;722815;1726178102363159126
98;7;13;10;10;20;8;634590;1726178102373180983
99;7;13;10;10;20;8;938758;1726178102383175746
0;7;14;10;10;20;8;888119;1726178101393365772
1;7;14;10;10;20;8;961308;1726178101403385381
2;7;14;10;10;20;8;896774;1726178101413406338
3;7;14;10;10;20;8;799661;1726178101423236760
4;7;14;10;10;20;8;798811;1726178101433216511
5;7;14;10;10;20;8;814952;1726178101443194296
6;7;14;10;10;20;8;839885;1726178101453108597
7;7;14;10;10;20;8;814461;1726178101463173463
8;7;14;10;10;20;8;836950;1726178101473174620
9;7;14;10;10;20;8;840405;1726178101483177313
10;7;14;10;10;20;8;816529;1726178101493179709
11;7;14;10;10;20;8;865058;1726178101503187239
12;7;14;10;10;20;8;811831;1726178101513185824
13;7;14;10;10;20;8;844689;1726178101523164728
14;7;14;10;10;20;8;829331;1726178101533174430
15;7;14;10;10;20;8;822761;1726178101543188964
16;7;14;10;10;20;8;1133351;1726178101553213114
17;7;14;10;10;20;8;827677;1726178101563198449
18;7;14;10;10;20;8;803475;1726178101573177356
19;7;14;10;10;20;8;871431;1726178101583174383
20;7;14;10;10;20;8;816224;1726178101593116506
21;7;14;10;10;20;8;858105;1726178101603184550
22;7;14;10;10;20;8;805052;1726178101613183753
23;7;14;10;10;20;8;824812;1726178101623165205
24;7;14;10;10;20;8;808086;1726178101633184729
25;7;14;10;10;20;8;832362;1726178101643187323
26;7;14;10;10;20;8;1019414;1726178101653192684
27;7;14;10;10;20;8;817178;1726178101663180175
28;7;14;10;10;20;8;803857;1726178101673170094
29;7;14;10;10;20;8;842348;1726178101683175950
30;7;14;10;10;20;8;826026;1726178101693171585
31;7;14;10;10;20;8;826616;1726178101703199891
32;7;14;10;10;20;8;800949;1726178101713176728
33;7;14;10;10;20;8;824911;1726178101723178099
34;7;14;10;10;20;8;819459;1726178101733177337
35;7;14;10;10;20;8;845939;1726178101743166770
36;7;14;10;10;20;8;1068117;1726178101753227907
37;7;14;10;10;20;8;846261;1726178101763194529
38;7;14;10;10;20;8;784001;1726178101773204756
39;7;14;10;10;20;8;894365;1726178101783187553
40;7;14;10;10;20;8;789181;1726178101793213204
41;7;14;10;10;20;8;806861;1726178101803212306
42;7;14;10;10;20;8;802242;1726178101813203694
43;7;14;10;10;20;8;827598;1726178101823212603
44;7;14;10;10;20;8;786045;1726178101833201291
45;7;14;10;10;20;8;850261;1726178101843210193
46;7;14;10;10;20;8;1189345;1726178101853192308
47;7;14;10;10;20;8;852825;1726178101863188865
48;7;14;10;10;20;8;819349;1726178101873171114
49;7;14;10;10;20;8;847243;1726178101883173526
50;7;14;10;10;20;8;804292;1726178101893168541
51;7;14;10;10;20;8;826443;1726178101903176548
52;7;14;10;10;20;8;802985;1726178101913176057
53;7;14;10;10;20;8;845929;1726178101923161079
54;7;14;10;10;20;8;822452;1726178101933168628
55;7;14;10;10;20;8;838914;1726178101943176818
56;7;14;10;10;20;8;1021807;1726178101953168059
57;7;14;10;10;20;8;838789;1726178101963173652
58;7;14;10;10;20;8;806229;1726178101973188592
59;7;14;10;10;20;8;847630;1726178101983176881
60;7;14;10;10;20;8;822527;1726178101993168947
61;7;14;10;10;20;8;830065;1726178102003182739
62;7;14;10;10;20;8;812947;1726178102013177630
63;7;14;10;10;20;8;851701;1726178102023165825
64;7;14;10;10;20;8;816522;1726178102033189252
65;7;14;10;10;20;8;841569;1726178102043156820
66;7;14;10;10;20;8;1044084;1726178102053229451
67;7;14;10;10;20;8;831376;1726178102063197025
68;7;14;10;10;20;8;783052;1726178102073214879
69;7;14;10;10;20;8;850982;1726178102083213696
70;7;14;10;10;20;8;791395;1726178102093194576
71;7;14;10;10;20;8;803951;1726178102103231596
72;7;14;10;10;20;8;786501;1726178102113203978
73;7;14;10;10;20;8;815294;1726178102123204625
74;7;14;10;10;20;8;797168;1726178102133197613
75;7;14;10;10;20;8;817172;1726178102143210201
76;7;14;10;10;20;8;1049046;1726178102153242287
77;7;14;10;10;20;8;852665;1726178102163197959
78;7;14;10;10;20;8;810917;1726178102173200548
79;7;14;10;10;20;8;861832;1726178102183204658
80;7;14;10;10;20;8;784299;1726178102193205760
81;7;14;10;10;20;8;838948;1726178102203209666
82;7;14;10;10;20;8;794380;1726178102213209103
83;7;14;10;10;20;8;795494;1726178102223206586
84;7;14;10;10;20;8;807604;1726178102233200868
85;7;14;10;10;20;8;813854;1726178102243205100
86;7;14;10;10;20;8;995557;1726178102253224613
87;7;14;10;10;20;8;827644;1726178102263202429
88;7;14;10;10;20;8;838926;1726178102273201390
89;7;14;10;10;20;8;848465;1726178102283211602
90;7;14;10;10;20;8;784317;1726178102293204979
91;7;14;10;10;20;8;823567;1726178102303204175
92;7;14;10;10;20;8;798803;1726178102313205072
93;7;14;10;10;20;8;836577;1726178102323210867
94;7;14;10;10;20;8;796364;1726178102333202929
95;7;14;10;10;20;8;868345;1726178102343211410
96;7;14;10;10;20;8;1016272;1726178102353202226
97;7;14;10;10;20;8;874708;1726178102363166526
98;7;14;10;10;20;8;787711;1726178102373184505
99;7;14;10;10;20;8;1124632;1726178102383180252
0;7;15;10;10;20;8;1034611;1726178101393376077
1;7;15;10;10;20;8;1101970;1726178101403403718
2;7;15;10;10;20;8;1040876;1726178101413420490
3;7;15;10;10;20;8;947993;1726178101423245261
4;7;15;10;10;20;8;949911;1726178101433221518
5;7;15;10;10;20;8;984267;1726178101443197883
6;7;15;10;10;20;8;1001221;1726178101453114996
7;7;15;10;10;20;8;971504;1726178101463179962
8;7;15;10;10;20;8;990172;1726178101473182042
9;7;15;10;10;20;8;997183;1726178101483181931
10;7;15;10;10;20;8;973602;1726178101493184265
11;7;15;10;10;20;8;1021902;1726178101503192352
12;7;15;10;10;20;8;964099;1726178101513195264
13;7;15;10;10;20;8;1001093;1726178101523168624
14;7;15;10;10;20;8;983288;1726178101533180980
15;7;15;10;10;20;8;987538;1726178101543192913
16;7;15;10;10;20;8;1286600;1726178101553216726
17;7;15;10;10;20;8;979593;1726178101563204887
18;7;15;10;10;20;8;958630;1726178101573180717
19;7;15;10;10;20;8;1020171;1726178101583181308
20;7;15;10;10;20;8;967787;1726178101593120338
21;7;15;10;10;20;8;1009344;1726178101603190824
22;7;15;10;10;20;8;958437;1726178101613188148
23;7;15;10;10;20;8;978436;1726178101623169313
24;7;15;10;10;20;8;954711;1726178101633196201
25;7;15;10;10;20;8;983739;1726178101643193568
26;7;15;10;10;20;8;1149213;1726178101653220470
27;7;15;10;10;20;8;967071;1726178101663186785
28;7;15;10;10;20;8;954708;1726178101673176388
29;7;15;10;10;20;8;993267;1726178101683181105
30;7;15;10;10;20;8;975105;1726178101693178236
31;7;15;10;10;20;8;975642;1726178101703208133
32;7;15;10;10;20;8;950207;1726178101713183821
33;7;15;10;10;20;8;975259;1726178101723184097
34;7;15;10;10;20;8;964994;1726178101733189766
35;7;15;10;10;20;8;1004204;1726178101743173984
36;7;15;10;10;20;8;1218067;1726178101753233496
37;7;15;10;10;20;8;996018;1726178101763199310
38;7;15;10;10;20;8;932868;1726178101773208436
39;7;15;10;10;20;8;1043852;1726178101783191543
40;7;15;10;10;20;8;936313;1726178101793217557
41;7;15;10;10;20;8;955485;1726178101803218243
42;7;15;10;10;20;8;964834;1726178101813210108
43;7;15;10;10;20;8;973426;1726178101823218585
44;7;15;10;10;20;8;936355;1726178101833204581
45;7;15;10;10;20;8;1002233;1726178101843214141
46;7;15;10;10;20;8;1339790;1726178101853198548
47;7;15;10;10;20;8;1001175;1726178101863197853
48;7;15;10;10;20;8;967430;1726178101873179888
49;7;15;10;10;20;8;997763;1726178101883179685
50;7;15;10;10;20;8;949244;1726178101893180286
51;7;15;10;10;20;8;979828;1726178101903180478
52;7;15;10;10;20;8;955947;1726178101913180440
53;7;15;10;10;20;8;999697;1726178101923164320
54;7;15;10;10;20;8;974068;1726178101933173056
55;7;15;10;10;20;8;981336;1726178101943192404
56;7;15;10;10;20;8;1149296;1726178101953197077
57;7;15;10;10;20;8;989213;1726178101963179571
58;7;15;10;10;20;8;955441;1726178101973196057
59;7;15;10;10;20;8;993148;1726178101983188646
60;7;15;10;10;20;8;976498;1726178101993172387
61;7;15;10;10;20;8;980176;1726178102003189326
62;7;15;10;10;20;8;961136;1726178102013187811
63;7;15;10;10;20;8;1005985;1726178102023169431
64;7;15;10;10;20;8;966684;1726178102033195097
65;7;15;10;10;20;8;999604;1726178102043164633
66;7;15;10;10;20;8;1189750;1726178102053239976
67;7;15;10;10;20;8;977742;1726178102063202964
68;7;15;10;10;20;8;931924;1726178102073220748
69;7;15;10;10;20;8;1000670;1726178102083217261
70;7;15;10;10;20;8;941920;1726178102093200835
71;7;15;10;10;20;8;949684;1726178102103238920
72;7;15;10;10;20;8;933041;1726178102113211686
73;7;15;10;10;20;8;957223;1726178102123214957
74;7;15;10;10;20;8;946947;1726178102133200873
75;7;15;10;10;20;8;964652;1726178102143216154
76;7;15;10;10;20;8;1198082;1726178102153251049
77;7;15;10;10;20;8;1002854;1726178102163201388
78;7;15;10;10;20;8;958246;1726178102173206336
79;7;15;10;10;20;8;1007918;1726178102183210783
80;7;15;10;10;20;8;924759;1726178102193220992
81;7;15;10;10;20;8;981324;1726178102203223978
82;7;15;10;10;20;8;941647;1726178102213215184
83;7;15;10;10;20;8;937617;1726178102223217620
84;7;15;10;10;20;8;952334;1726178102233208717
85;7;15;10;10;20;8;959420;1726178102243213269
86;7;15;10;10;20;8;1144411;1726178102253232119
87;7;15;10;10;20;8;975065;1726178102263208705
88;7;15;10;10;20;8;985925;1726178102273207137
89;7;15;10;10;20;8;1002218;1726178102283215686
90;7;15;10;10;20;8;931908;1726178102293210794
91;7;15;10;10;20;8;970890;1726178102303208900
92;7;15;10;10;20;8;943203;1726178102313213201
93;7;15;10;10;20;8;983023;1726178102323217386
94;7;15;10;10;20;8;941265;1726178102333210250
95;7;15;10;10;20;8;1018919;1726178102343217945
96;7;15;10;10;20;8;1169761;1726178102353206345
97;7;15;10;10;20;8;1027494;1726178102363170350
98;7;15;10;10;20;8;941266;1726178102373187853
99;7;15;10;10;20;8;1357124;1726178102383184027
0;7;16;10;10;20;8;1172917;1726178101393395647
1;7;16;10;10;20;8;1237834;1726178101403426806
2;7;16;10;10;20;8;1183731;1726178101413435403
3;7;16;10;10;20;8;1098580;1726178101423251577
4;7;16;10;10;20;8;1100214;1726178101433228626
5;7;16;10;10;20;8;1139939;1726178101443204164
6;7;16;10;10;20;8;1156143;1726178101453121751
7;7;16;10;10;20;8;1124086;1726178101463190319
8;7;16;10;10;20;8;1145441;1726178101473188509
9;7;16;10;10;20;8;1151747;1726178101483188636
10;7;16;10;10;20;8;1127527;1726178101493191863
11;7;16;10;10;20;8;1177598;1726178101503198260
12;7;16;10;10;20;8;1121648;1726178101513199332
13;7;16;10;10;20;8;1157506;1726178101523174815
14;7;16;10;10;20;8;1137115;1726178101533187734
15;7;16;10;10;20;8;1140694;1726178101543196660
16;7;16;10;10;20;8;1420134;1726178101553240070
17;7;16;10;10;20;8;1128927;1726178101563213819
18;7;16;10;10;20;8;1112333;1726178101573184342
19;7;16;10;10;20;8;1171638;1726178101583185801
20;7;16;10;10;20;8;1108773;1726178101593135039
21;7;16;10;10;20;8;1158740;1726178101603197600
22;7;16;10;10;20;8;1110526;1726178101613194154
23;7;16;10;10;20;8;1129261;1726178101623175700
24;7;16;10;10;20;8;1104573;1726178101633203785
25;7;16;10;10;20;8;1133173;1726178101643201934
26;7;16;10;10;20;8;1303057;1726178101653224469
27;7;16;10;10;20;8;1114821;1726178101663195409
28;7;16;10;10;20;8;1100392;1726178101673187529
29;7;16;10;10;20;8;1143478;1726178101683187390
30;7;16;10;10;20;8;1122822;1726178101693185999
31;7;16;10;10;20;8;1121545;1726178101703220080
32;7;16;10;10;20;8;1096805;1726178101713192828
33;7;16;10;10;20;8;1127683;1726178101723187993
34;7;16;10;10;20;8;1118633;1726178101733193697
35;7;16;10;10;20;8;1149678;1726178101743180767
36;7;16;10;10;20;8;1368760;1726178101753239824
37;7;16;10;10;20;8;1144323;1726178101763204741
38;7;16;10;10;20;8;1082635;1726178101773211723
39;7;16;10;10;20;8;1174294;1726178101783214011
40;7;16;10;10;20;8;1084838;1726178101793221459
41;7;16;10;10;20;8;1101567;1726178101803225057
42;7;16;10;10;20;8;1123911;1726178101813216259
43;7;16;10;10;20;8;1119264;1726178101823225265
44;7;16;10;10;20;8;1086598;1726178101833208292
45;7;16;10;10;20;8;1136658;1726178101843235495
46;7;16;10;10;20;8;1487422;1726178101853208005
47;7;16;10;10;20;8;1154680;1726178101863201590
48;7;16;10;10;20;8;1120352;1726178101873184024
49;7;16;10;10;20;8;1147663;1726178101883186422
50;7;16;10;10;20;8;1100894;1726178101893186875
51;7;16;10;10;20;8;1129415;1726178101903187434
52;7;16;10;10;20;8;1102846;1726178101913191090
53;7;16;10;10;20;8;1153951;1726178101923167954
54;7;16;10;10;20;8;1124730;1726178101933179572
55;7;16;10;10;20;8;1135087;1726178101943196770
56;7;16;10;10;20;8;1299967;1726178101953203453
57;7;16;10;10;20;8;1139995;1726178101963186732
58;7;16;10;10;20;8;1107411;1726178101973200943
59;7;16;10;10;20;8;1141493;1726178101983196455
60;7;16;10;10;20;8;1131145;1726178101993175643
61;7;16;10;10;20;8;1129926;1726178102003197080
62;7;16;10;10;20;8;1114123;1726178102013191850
63;7;16;10;10;20;8;1159318;1726178102023172719
64;7;16;10;10;20;8;1117087;1726178102033202135
65;7;16;10;10;20;8;1147357;1726178102043168504
66;7;16;10;10;20;8;1339109;1726178102053248387
67;7;16;10;10;20;8;1122130;1726178102063212474
68;7;16;10;10;20;8;1081286;1726178102073227033
69;7;16;10;10;20;8;1134270;1726178102083236731
70;7;16;10;10;20;8;1093690;1726178102093205960
71;7;16;10;10;20;8;1094904;1726178102103246777
72;7;16;10;10;20;8;1081690;1726178102113217664
73;7;16;10;10;20;8;1103238;1726178102123221262
74;7;16;10;10;20;8;1095996;1726178102133204488
75;7;16;10;10;20;8;1111367;1726178102143222102
76;7;16;10;10;20;8;1350160;1726178102153256370
77;7;16;10;10;20;8;1150037;1726178102163206520
78;7;16;10;10;20;8;1104293;1726178102173213133
79;7;16;10;10;20;8;1152431;1726178102183218347
80;7;16;10;10;20;8;1076322;1726178102193226389
81;7;16;10;10;20;8;1130983;1726178102203228978
82;7;16;10;10;20;8;1085338;1726178102213225753
83;7;16;10;10;20;8;1083805;1726178102223224203
84;7;16;10;10;20;8;1098249;1726178102233214379
85;7;16;10;10;20;8;1108622;1726178102243216836
86;7;16;10;10;20;8;1297295;1726178102253236538
87;7;16;10;10;20;8;1116998;1726178102263218723
88;7;16;10;10;20;8;1121152;1726178102273224247
89;7;16;10;10;20;8;1138383;1726178102283236811
90;7;16;10;10;20;8;1080181;1726178102293217076
91;7;16;10;10;20;8;1116909;1726178102303215102
92;7;16;10;10;20;8;1090132;1726178102313219339
93;7;16;10;10;20;8;1129944;1726178102323223740
94;7;16;10;10;20;8;1090650;1726178102333214960
95;7;16;10;10;20;8;1170827;1726178102343224435
96;7;16;10;10;20;8;1324619;1726178102353210161
97;7;16;10;10;20;8;1179337;1726178102363176520
98;7;16;10;10;20;8;1094764;1726178102373191403
99;7;16;10;10;20;8;1520135;1726178102383187421
0;7;17;10;10;20;8;1318287;1726178101393407596
1;7;17;10;10;20;8;1388666;1726178101403434436
2;7;17;10;10;20;8;1330522;1726178101413446274
3;7;17;10;10;20;8;1248036;1726178101423260388
4;7;17;10;10;20;8;1240532;1726178101433245785
5;7;17;10;10;20;8;1289239;1726178101443215365
6;7;17;10;10;20;8;1311885;1726178101453128010
7;7;17;10;10;20;8;1277339;1726178101463199068
8;7;17;10;10;20;8;1300918;1726178101473194797
9;7;17;10;10;20;8;1301392;1726178101483199512
10;7;17;10;10;20;8;1281445;1726178101493200245
11;7;17;10;10;20;8;1333485;1726178101503203468
12;7;17;10;10;20;8;1275591;1726178101513206487
13;7;17;10;10;20;8;1312472;1726178101523181516
14;7;17;10;10;20;8;1290966;1726178101533194502
15;7;17;10;10;20;8;1295007;1726178101543200280
16;7;17;10;10;20;8;1552944;1726178101553263864
17;7;17;10;10;20;8;1278822;1726178101563222268
18;7;17;10;10;20;8;1267920;1726178101573187678
19;7;17;10;10;20;8;1321521;1726178101583191949
20;7;17;10;10;20;8;1259553;1726178101593139780
21;7;17;10;10;20;8;1308218;1726178101603204046
22;7;17;10;10;20;8;1257627;1726178101613205162
23;7;17;10;10;20;8;1281560;1726178101623182007
24;7;17;10;10;20;8;1254095;1726178101633211645
25;7;17;10;10;20;8;1286019;1726178101643206022
26;7;17;10;10;20;8;1457240;1726178101653228174
27;7;17;10;10;20;8;1267409;1726178101663199506
28;7;17;10;10;20;8;1251702;1726178101673194682
29;7;17;10;10;20;8;1294382;1726178101683193457
30;7;17;10;10;20;8;1275686;1726178101693190007
31;7;17;10;10;20;8;1275885;1726178101703224254
32;7;17;10;10;20;8;1245972;1726178101713200101
33;7;17;10;10;20;8;1278589;1726178101723194771
34;7;17;10;10;20;8;1271634;1726178101733197455
35;7;17;10;10;20;8;1291635;1726178101743192055
36;7;17;10;10;20;8;1520524;1726178101753245776
37;7;17;10;10;20;8;1291186;1726178101763212661
38;7;17;10;10;20;8;1232999;1726178101773215423
39;7;17;10;10;20;8;1306142;1726178101783235959
40;7;17;10;10;20;8;1234320;1726178101793224836
41;7;17;10;10;20;8;1247382;1726178101803231624
42;7;17;10;10;20;8;1271112;1726178101813221068
43;7;17;10;10;20;8;1267330;1726178101823231734
44;7;17;10;10;20;8;1237130;1726178101833211648
45;7;17;10;10;20;8;1287571;1726178101843240036
46;7;17;10;10;20;8;1620094;1726178101853231835
47;7;17;10;10;20;8;1306285;1726178101863207792
48;7;17;10;10;20;8;1269599;1726178101873190043
49;7;17;10;10;20;8;1292241;1726178101883197830
50;7;17;10;10;20;8;1247703;1726178101893198006
51;7;17;10;10;20;8;1279850;1726178101903193739
52;7;17;10;10;20;8;1254777;1726178101913196870
53;7;17;10;10;20;8;1310738;1726178101923171512
54;7;17;10;10;20;8;1274361;1726178101933187017
55;7;17;10;10;20;8;1286546;1726178101943202817
56;7;17;10;10;20;8;1443660;1726178101953217806
57;7;17;10;10;20;8;1293740;1726178101963191512
58;7;17;10;10;20;8;1260292;1726178101973207126
59;7;17;10;10;20;8;1280406;1726178101983215711
60;7;17;10;10;20;8;1285683;1726178101993179232
61;7;17;10;10;20;8;1283565;1726178102003201317
62;7;17;10;10;20;8;1256722;1726178102013206257
63;7;17;10;10;20;8;1313861;1726178102023176357
64;7;17;10;10;20;8;1268004;1726178102033208322
65;7;17;10;10;20;8;1292777;1726178102043175610
66;7;17;10;10;20;8;1489340;1726178102053255897
67;7;17;10;10;20;8;1271152;1726178102063216497
68;7;17;10;10;20;8;1228725;1726178102073233422
69;7;17;10;10;20;8;1283540;1726178102083240673
70;7;17;10;10;20;8;1245323;1726178102093211693
71;7;17;10;10;20;8;1240728;1726178102103254317
72;7;17;10;10;20;8;1229186;1726178102113223608
73;7;17;10;10;20;8;1251402;1726178102123225118
74;7;17;10;10;20;8;1246164;1726178102133207879
75;7;17;10;10;20;8;1256716;1726178102143228568
76;7;17;10;10;20;8;1499474;1726178102153263237
77;7;17;10;10;20;8;1296709;1726178102163212702
78;7;17;10;10;20;8;1253216;1726178102173217162
79;7;17;10;10;20;8;1283877;1726178102183237936
80;7;17;10;10;20;8;1222000;1726178102193236931
81;7;17;10;10;20;8;1279171;1726178102203234546
82;7;17;10;10;20;8;1233701;1726178102213231715
83;7;17;10;10;20;8;1233361;1726178102223228082
84;7;17;10;10;20;8;1245017;1726178102233220680
85;7;17;10;10;20;8;1254262;1726178102243223239
86;7;17;10;10;20;8;1444949;1726178102253246723
87;7;17;10;10;20;8;1262464;1726178102263226204
88;7;17;10;10;20;8;1269153;1726178102273228887
89;7;17;10;10;20;8;1286426;1726178102283244678
90;7;17;10;10;20;8;1227790;1726178102293223398
91;7;17;10;10;20;8;1263472;1726178102303221365
92;7;17;10;10;20;8;1239265;1726178102313223825
93;7;17;10;10;20;8;1276434;1726178102323229904
94;7;17;10;10;20;8;1237801;1726178102333221580
95;7;17;10;10;20;8;1321143;1726178102343231051
96;7;17;10;10;20;8;1470228;1726178102353221924
97;7;17;10;10;20;8;1327072;1726178102363185866
98;7;17;10;10;20;8;1248243;1726178102373194913
99;7;17;10;10;20;8;1711164;1726178102383194206
0;7;18;10;10;20;8;1460115;1726178101393424706
1;7;18;10;10;20;8;1522975;1726178101403458533
2;7;18;10;10;20;8;1472009;1726178101413463861
3;7;18;10;10;20;8;1398273;1726178101423268567
4;7;18;10;10;20;8;1393008;1726178101433251508
5;7;18;10;10;20;8;1442589;1726178101443223235
6;7;18;10;10;20;8;1467660;1726178101453134574
7;7;18;10;10;20;8;1426338;1726178101463213158
8;7;18;10;10;20;8;1451833;1726178101473205267
9;7;18;10;10;20;8;1451593;1726178101483209681
10;7;18;10;10;20;8;1437901;1726178101493204583
11;7;18;10;10;20;8;1488764;1726178101503209596
12;7;18;10;10;20;8;1429388;1726178101513213369
13;7;18;10;10;20;8;1466041;1726178101523188807
14;7;18;10;10;20;8;1446116;1726178101533201018
15;7;18;10;10;20;8;1448299;1726178101543204404
16;7;18;10;10;20;8;1703310;1726178101553270449
17;7;18;10;10;20;8;1429757;1726178101563230087
18;7;18;10;10;20;8;1422709;1726178101573190947
19;7;18;10;10;20;8;1468330;1726178101583201627
20;7;18;10;10;20;8;1412343;1726178101593143695
21;7;18;10;10;20;8;1457535;1726178101603210521
22;7;18;10;10;20;8;1410505;1726178101613209275
23;7;18;10;10;20;8;1423878;1726178101623196983
24;7;18;10;10;20;8;1404474;1726178101633218511
25;7;18;10;10;20;8;1434215;1726178101643214515
26;7;18;10;10;20;8;1598290;1726178101653246041
27;7;18;10;10;20;8;1417637;1726178101663205764
28;7;18;10;10;20;8;1403968;1726178101673200599
29;7;18;10;10;20;8;1447976;1726178101683197221
30;7;18;10;10;20;8;1430369;1726178101693193622
31;7;18;10;10;20;8;1428292;1726178101703230289
32;7;18;10;10;20;8;1395465;1726178101713207455
33;7;18;10;10;20;8;1429509;1726178101723201086
34;7;18;10;10;20;8;1415872;1726178101733210532
35;7;18;10;10;20;8;1440100;1726178101743196045
36;7;18;10;10;20;8;1671206;1726178101753252530
37;7;18;10;10;20;8;1442292;1726178101763216479
38;7;18;10;10;20;8;1382975;1726178101773219322
39;7;18;10;10;20;8;1450788;1726178101783244408
40;7;18;10;10;20;8;1383886;1726178101793228452
41;7;18;10;10;20;8;1388890;1726178101803242136
42;7;18;10;10;20;8;1418158;1726178101813227887
43;7;18;10;10;20;8;1414033;1726178101823238047
44;7;18;10;10;20;8;1386576;1726178101833215455
45;7;18;10;10;20;8;1435884;1726178101843247967
46;7;18;10;10;20;8;1751425;1726178101853257525
47;7;18;10;10;20;8;1458487;1726178101863213678
48;7;18;10;10;20;8;1419709;1726178101873196411
49;7;18;10;10;20;8;1424025;1726178101883222759
50;7;18;10;10;20;8;1401551;1726178101893201982
51;7;18;10;10;20;8;1430632;1726178101903200169
52;7;18;10;10;20;8;1405643;1726178101913203156
53;7;18;10;10;20;8;1465434;1726178101923175232
54;7;18;10;10;20;8;1421196;1726178101933197600
55;7;18;10;10;20;8;1435642;1726178101943211377
56;7;18;10;10;20;8;1595597;1726178101953222748
57;7;18;10;10;20;8;1442204;1726178101963201564
58;7;18;10;10;20;8;1407133;1726178101973218244
59;7;18;10;10;20;8;1432835;1726178101983222086
60;7;18;10;10;20;8;1439678;1726178101993182786
61;7;18;10;10;20;8;1436806;1726178102003205722
62;7;18;10;10;20;8;1409425;1726178102013210893
63;7;18;10;10;20;8;1467434;1726178102023180325
64;7;18;10;10;20;8;1419977;1726178102033215095
65;7;18;10;10;20;8;1438240;1726178102043182114
66;7;18;10;10;20;8;1641718;1726178102053262151
67;7;18;10;10;20;8;1420045;1726178102063220990
68;7;18;10;10;20;8;1375959;1726178102073239618
69;7;18;10;10;20;8;1433666;1726178102083244351
70;7;18;10;10;20;8;1383151;1726178102093230698
71;7;18;10;10;20;8;1383855;1726178102103265966
72;7;18;10;10;20;8;1377357;1726178102113229602
73;7;18;10;10;20;8;1397914;1726178102123231034
74;7;18;10;10;20;8;1395261;1726178102133211608
75;7;18;10;10;20;8;1403100;1726178102143234254
76;7;18;10;10;20;8;1649291;1726178102153270033
77;7;18;10;10;20;8;1443032;1726178102163219577
78;7;18;10;10;20;8;1401112;1726178102173223368
79;7;18;10;10;20;8;1433318;1726178102183241954
80;7;18;10;10;20;8;1371929;1726178102193243859
81;7;18;10;10;20;8;1423813;1726178102203242834
82;7;18;10;10;20;8;1381104;1726178102213237732
83;7;18;10;10;20;8;1381462;1726178102223234436
84;7;18;10;10;20;8;1388930;1726178102233229779
85;7;18;10;10;20;8;1399885;1726178102243230465
86;7;18;10;10;20;8;1596248;1726178102253253456
87;7;18;10;10;20;8;1412211;1726178102263229707
88;7;18;10;10;20;8;1418509;1726178102273232206
89;7;18;10;10;20;8;1436939;1726178102283251298
90;7;18;10;10;20;8;1373388;1726178102293231375
91;7;18;10;10;20;8;1409636;1726178102303227726
92;7;18;10;10;20;8;1386075;1726178102313230050
93;7;18;10;10;20;8;1424157;1726178102323236187
94;7;18;10;10;20;8;1384911;1726178102333228252
95;7;18;10;10;20;8;1471395;1726178102343237542
96;7;18;10;10;20;8;1622434;1726178102353226263
97;7;18;10;10;20;8;1478476;1726178102363191572
98;7;18;10;10;20;8;1402333;1726178102373198163
99;7;18;10;10;20;8;1866291;1726178102383202901
0;7;19;10;10;20;8;1605268;1726178101393438675
1;7;19;10;10;20;8;1673961;1726178101403468922
2;7;19;10;10;20;8;1619142;1726178101413475825
3;7;19;10;10;20;8;1547567;1726178101423276195
4;7;19;10;10;20;8;1540743;1726178101433261854
5;7;19;10;10;20;8;1600273;1726178101443227274
6;7;19;10;10;20;8;1623363;1726178101453140530
7;7;19;10;10;20;8;1579903;1726178101463222199
8;7;19;10;10;20;8;1604850;1726178101473214327
9;7;19;10;10;20;8;1606892;1726178101483215968
10;7;19;10;10;20;8;1596138;1726178101493209076
11;7;19;10;10;20;8;1643398;1726178101503217457
12;7;19;10;10;20;8;1583834;1726178101513221615
13;7;19;10;10;20;8;1622105;1726178101523195071
14;7;19;10;10;20;8;1602734;1726178101533207482
15;7;19;10;10;20;8;1602469;1726178101543208439
16;7;19;10;10;20;8;1854878;1726178101553277057
17;7;19;10;10;20;8;1584599;1726178101563233866
18;7;19;10;10;20;8;1578057;1726178101573194669
19;7;19;10;10;20;8;1603356;1726178101583224795
20;7;19;10;10;20;8;1564432;1726178101593148436
21;7;19;10;10;20;8;1608855;1726178101603217207
22;7;19;10;10;20;8;1565370;1726178101613213197
23;7;19;10;10;20;8;1577683;1726178101623201556
24;7;19;10;10;20;8;1556543;1726178101633224896
25;7;19;10;10;20;8;1588219;1726178101643218911
26;7;19;10;10;20;8;1752187;1726178101653252088
27;7;19;10;10;20;8;1569071;1726178101663212335
28;7;19;10;10;20;8;1556303;1726178101673206912
29;7;19;10;10;20;8;1600313;1726178101683202770
30;7;19;10;10;20;8;1584800;1726178101693197001
31;7;19;10;10;20;8;1580012;1726178101703236723
32;7;19;10;10;20;8;1546448;1726178101713213698
33;7;19;10;10;20;8;1580223;1726178101723207984
34;7;19;10;10;20;8;1567949;1726178101733215453
35;7;19;10;10;20;8;1590170;1726178101743200282
36;7;19;10;10;20;8;1825146;1726178101753258522
37;7;19;10;10;20;8;1594347;1726178101763219761
38;7;19;10;10;20;8;1533759;1726178101773222905
39;7;19;10;10;20;8;1598203;1726178101783251106
40;7;19;10;10;20;8;1534374;1726178101793231789
41;7;19;10;10;20;8;1537089;1726178101803248552
42;7;19;10;10;20;8;1566027;1726178101813234258
43;7;19;10;10;20;8;1562969;1726178101823244093
44;7;19;10;10;20;8;1536964;1726178101833219168
45;7;19;10;10;20;8;1583423;1726178101843256746
46;7;19;10;10;20;8;1904096;1726178101853264925
47;7;19;10;10;20;8;1611698;1726178101863219603
48;7;19;10;10;20;8;1570586;1726178101873203911
49;7;19;10;10;20;8;1573861;1726178101883230222
50;7;19;10;10;20;8;1557026;1726178101893205316
51;7;19;10;10;20;8;1580682;1726178101903207704
52;7;19;10;10;20;8;1556575;1726178101913211368
53;7;19;10;10;20;8;1621483;1726178101923179219
54;7;19;10;10;20;8;1574547;1726178101933203160
55;7;19;10;10;20;8;1588627;1726178101943216444
56;7;19;10;10;20;8;1750760;1726178101953226506
57;7;19;10;10;20;8;1594367;1726178101963208302
58;7;19;10;10;20;8;1556741;1726178101973227675
59;7;19;10;10;20;8;1583665;1726178101983229027
60;7;19;10;10;20;8;1595019;1726178101993186146
61;7;19;10;10;20;8;1588772;1726178102003212112
62;7;19;10;10;20;8;1564559;1726178102013214313
63;7;19;10;10;20;8;1622362;1726178102023184203
64;7;19;10;10;20;8;1571166;1726178102033222179
65;7;19;10;10;20;8;1584765;1726178102043189262
66;7;19;10;10;20;8;1794793;1726178102053268282
67;7;19;10;10;20;8;1568703;1726178102063227149
68;7;19;10;10;20;8;1525294;1726178102073245538
69;7;19;10;10;20;8;1577504;1726178102083254713
70;7;19;10;10;20;8;1533083;1726178102093238673
71;7;19;10;10;20;8;1533200;1726178102103272703
72;7;19;10;10;20;8;1525807;1726178102113235367
73;7;19;10;10;20;8;1545663;1726178102123237463
74;7;19;10;10;20;8;1544170;1726178102133215477
75;7;19;10;10;20;8;1547611;1726178102143243200
76;7;19;10;10;20;8;1790007;1726178102153288032
77;7;19;10;10;20;8;1594323;1726178102163222970
78;7;19;10;10;20;8;1562040;1726178102173230678
79;7;19;10;10;20;8;1563507;1726178102183263910
80;7;19;10;10;20;8;1522883;1726178102193251206
81;7;19;10;10;20;8;1572051;1726178102203250106
82;7;19;10;10;20;8;1532649;1726178102213241937
83;7;19;10;10;20;8;1525097;1726178102223244680
84;7;19;10;10;20;8;1535391;1726178102233237360
85;7;19;10;10;20;8;1543950;1726178102243239734
86;7;19;10;10;20;8;1750013;1726178102253260040
87;7;19;10;10;20;8;1560478;1726178102263235759
88;7;19;10;10;20;8;1568397;1726178102273235313
89;7;19;10;10;20;8;1590394;1726178102283256233
90;7;19;10;10;20;8;1522493;1726178102293237245
91;7;19;10;10;20;8;1557700;1726178102303234111
92;7;19;10;10;20;8;1535506;1726178102313236682
93;7;19;10;10;20;8;1572142;1726178102323242387
94;7;19;10;10;20;8;1546739;1726178102333237793
95;7;19;10;10;20;8;1624988;1726178102343243753
96;7;19;10;10;20;8;1773050;1726178102353234715
97;7;19;10;10;20;8;1631785;1726178102363195955
98;7;19;10;10;20;8;1557592;1726178102373201841
99;7;19;10;10;20;8;2010445;1726178102383221802
