Sequence;subscriber_id;publisher_id;Data_size;publish_interval;publisher_number;subscriber_number;Latency(ns);publish_time(ns)
0;0;0;200;10;10;10;597762;1726181591599138973
1;0;0;200;10;10;10;468622;1726181591609140975
2;0;0;200;10;10;10;363667;1726181591619147767
3;0;0;200;10;10;10;205981;1726181591629087206
4;0;0;200;10;10;10;164304;1726181591639111599
5;0;0;200;10;10;10;161547;1726181591649099284
6;0;0;200;10;10;10;143557;1726181591659034335
7;0;0;200;10;10;10;163110;1726181591669100589
8;0;0;200;10;10;10;162599;1726181591679103716
9;0;0;200;10;10;10;157814;1726181591689101191
10;0;0;200;10;10;10;162479;1726181591699103802
11;0;0;200;10;10;10;158197;1726181591709100944
12;0;0;200;10;10;10;166750;1726181591719099757
13;0;0;200;10;10;10;174718;1726181591729043991
14;0;0;200;10;10;10;166111;1726181591739102194
15;0;0;200;10;10;10;161913;1726181591749102970
16;0;0;200;10;10;10;197986;1726181591759102100
17;0;0;200;10;10;10;158855;1726181591769101848
18;0;0;200;10;10;10;153309;1726181591779100909
19;0;0;200;10;10;10;160343;1726181591789106467
20;0;0;200;10;10;10;371171;1726181591799039848
21;0;0;200;10;10;10;155727;1726181591809106935
22;0;0;200;10;10;10;168001;1726181591819102841
23;0;0;200;10;10;10;153684;1726181591829106798
24;0;0;200;10;10;10;161143;1726181591839098642
25;0;0;200;10;10;10;154136;1726181591849100811
26;0;0;200;10;10;10;248607;1726181591859105443
27;0;0;200;10;10;10;158969;1726181591869103707
28;0;0;200;10;10;10;162066;1726181591879105866
29;0;0;200;10;10;10;158786;1726181591889102569
30;0;0;200;10;10;10;162418;1726181591899099556
31;0;0;200;10;10;10;164921;1726181591909105698
32;0;0;200;10;10;10;172767;1726181591919103613
33;0;0;200;10;10;10;156243;1726181591929102952
34;0;0;200;10;10;10;156219;1726181591939104805
35;0;0;200;10;10;10;168075;1726181591949110321
36;0;0;200;10;10;10;251764;1726181591959111322
37;0;0;200;10;10;10;163405;1726181591969109407
38;0;0;200;10;10;10;162504;1726181591979111991
39;0;0;200;10;10;10;164235;1726181591989111481
40;0;0;200;10;10;10;165933;1726181591999111079
41;0;0;200;10;10;10;165827;1726181592009111285
42;0;0;200;10;10;10;164911;1726181592019112519
43;0;0;200;10;10;10;176600;1726181592029110509
44;0;0;200;10;10;10;164641;1726181592039112893
45;0;0;200;10;10;10;164777;1726181592049109897
46;0;0;200;10;10;10;209684;1726181592059110730
47;0;0;200;10;10;10;167594;1726181592069109766
48;0;0;200;10;10;10;163962;1726181592079112359
49;0;0;200;10;10;10;161150;1726181592089110355
50;0;0;200;10;10;10;166827;1726181592099110057
51;0;0;200;10;10;10;167325;1726181592109111294
52;0;0;200;10;10;10;164487;1726181592119110825
53;0;0;200;10;10;10;166648;1726181592129109647
54;0;0;200;10;10;10;169873;1726181592139111820
55;0;0;200;10;10;10;166285;1726181592149110070
56;0;0;200;10;10;10;272572;1726181592159112319
57;0;0;200;10;10;10;163333;1726181592169110288
58;0;0;200;10;10;10;168823;1726181592179110282
59;0;0;200;10;10;10;163314;1726181592189111125
60;0;0;200;10;10;10;165760;1726181592199115812
61;0;0;200;10;10;10;163890;1726181592209110101
62;0;0;200;10;10;10;164736;1726181592219111227
63;0;0;200;10;10;10;163280;1726181592229110668
64;0;0;200;10;10;10;176600;1726181592239111910
65;0;0;200;10;10;10;167566;1726181592249110571
66;0;0;200;10;10;10;244006;1726181592259111992
67;0;0;200;10;10;10;167736;1726181592269110925
68;0;0;200;10;10;10;164666;1726181592279111580
69;0;0;200;10;10;10;167501;1726181592289110482
70;0;0;200;10;10;10;168881;1726181592299111646
71;0;0;200;10;10;10;165227;1726181592309111497
72;0;0;200;10;10;10;183786;1726181592319114331
73;0;0;200;10;10;10;165890;1726181592329110121
74;0;0;200;10;10;10;165264;1726181592339111833
75;0;0;200;10;10;10;163306;1726181592349108648
76;0;0;200;10;10;10;258195;1726181592359111208
77;0;0;200;10;10;10;163026;1726181592369109728
78;0;0;200;10;10;10;175041;1726181592379111388
79;0;0;200;10;10;10;164027;1726181592389111561
80;0;0;200;10;10;10;165189;1726181592399111974
81;0;0;200;10;10;10;167524;1726181592409109959
82;0;0;200;10;10;10;167960;1726181592419111748
83;0;0;200;10;10;10;163511;1726181592429111165
84;0;0;200;10;10;10;175879;1726181592439111048
85;0;0;200;10;10;10;156960;1726181592449106695
86;0;0;200;10;10;10;191100;1726181592459103813
87;0;0;200;10;10;10;155168;1726181592469107044
88;0;0;200;10;10;10;162363;1726181592479103706
89;0;0;200;10;10;10;164637;1726181592489102978
90;0;0;200;10;10;10;155742;1726181592499100915
91;0;0;200;10;10;10;155659;1726181592509103624
92;0;0;200;10;10;10;160489;1726181592519104535
93;0;0;200;10;10;10;152716;1726181592529103066
94;0;0;200;10;10;10;159404;1726181592539104790
95;0;0;200;10;10;10;169280;1726181592549110197
96;0;0;200;10;10;10;198077;1726181592559111718
97;0;0;200;10;10;10;163661;1726181592569110377
98;0;0;200;10;10;10;168987;1726181592579111335
99;0;0;200;10;10;10;169523;1726181592589110225
0;0;1;200;10;10;10;696622;1726181591599249779
1;0;1;200;10;10;10;587096;1726181591609214904
2;0;1;200;10;10;10;564547;1726181591619223344
3;0;1;200;10;10;10;364054;1726181591629130194
4;0;1;200;10;10;10;332051;1726181591639150938
5;0;1;200;10;10;10;342948;1726181591649122758
6;0;1;200;10;10;10;335713;1726181591659060433
7;0;1;200;10;10;10;343310;1726181591669124682
8;0;1;200;10;10;10;343099;1726181591679127684
9;0;1;200;10;10;10;339086;1726181591689124278
10;0;1;200;10;10;10;340968;1726181591699127635
11;0;1;200;10;10;10;338379;1726181591709123878
12;0;1;200;10;10;10;346247;1726181591719123899
13;0;1;200;10;10;10;352474;1726181591729073828
14;0;1;200;10;10;10;344670;1726181591739129410
15;0;1;200;10;10;10;337657;1726181591749126615
16;0;1;200;10;10;10;382688;1726181591759127219
17;0;1;200;10;10;10;335291;1726181591769124564
18;0;1;200;10;10;10;329420;1726181591779124153
19;0;1;200;10;10;10;338277;1726181591789129202
20;0;1;200;10;10;10;533136;1726181591799065232
21;0;1;200;10;10;10;332795;1726181591809129254
22;0;1;200;10;10;10;341321;1726181591819126378
23;0;1;200;10;10;10;331233;1726181591829129593
24;0;1;200;10;10;10;336980;1726181591839121992
25;0;1;200;10;10;10;331660;1726181591849123476
26;0;1;200;10;10;10;425035;1726181591859129454
27;0;1;200;10;10;10;337597;1726181591869126350
28;0;1;200;10;10;10;338325;1726181591879128901
29;0;1;200;10;10;10;334904;1726181591889125311
30;0;1;200;10;10;10;339270;1726181591899122790
31;0;1;200;10;10;10;340661;1726181591909127901
32;0;1;200;10;10;10;348990;1726181591919126700
33;0;1;200;10;10;10;332642;1726181591929125330
34;0;1;200;10;10;10;332012;1726181591939128178
35;0;1;200;10;10;10;338076;1726181591949146972
36;0;1;200;10;10;10;416243;1726181591959149695
37;0;1;200;10;10;10;332897;1726181591969146185
38;0;1;200;10;10;10;331707;1726181591979149427
39;0;1;200;10;10;10;335565;1726181591989148170
40;0;1;200;10;10;10;337775;1726181591999148568
41;0;1;200;10;10;10;337290;1726181592009147174
42;0;1;200;10;10;10;324720;1726181592019150709
43;0;1;200;10;10;10;346657;1726181592029147052
44;0;1;200;10;10;10;333368;1726181592039150672
45;0;1;200;10;10;10;337071;1726181592049146213
46;0;1;200;10;10;10;396210;1726181592059148799
47;0;1;200;10;10;10;337281;1726181592069147047
48;0;1;200;10;10;10;334017;1726181592079149710
49;0;1;200;10;10;10;332206;1726181592089146904
50;0;1;200;10;10;10;337081;1726181592099147389
51;0;1;200;10;10;10;336673;1726181592109148112
52;0;1;200;10;10;10;334413;1726181592119148172
53;0;1;200;10;10;10;338114;1726181592129146385
54;0;1;200;10;10;10;339322;1726181592139148962
55;0;1;200;10;10;10;337377;1726181592149146723
56;0;1;200;10;10;10;443107;1726181592159149919
57;0;1;200;10;10;10;334438;1726181592169147041
58;0;1;200;10;10;10;339150;1726181592179147697
59;0;1;200;10;10;10;334536;1726181592189147291
60;0;1;200;10;10;10;337147;1726181592199152966
61;0;1;200;10;10;10;336207;1726181592209146101
62;0;1;200;10;10;10;336131;1726181592219148257
63;0;1;200;10;10;10;332859;1726181592229146919
64;0;1;200;10;10;10;347397;1726181592239149138
65;0;1;200;10;10;10;337358;1726181592249147221
66;0;1;200;10;10;10;425544;1726181592259150055
67;0;1;200;10;10;10;337688;1726181592269147561
68;0;1;200;10;10;10;336296;1726181592279148498
69;0;1;200;10;10;10;330452;1726181592289146895
70;0;1;200;10;10;10;339652;1726181592299149171
71;0;1;200;10;10;10;335494;1726181592309147987
72;0;1;200;10;10;10;352627;1726181592319151984
73;0;1;200;10;10;10;335613;1726181592329146628
74;0;1;200;10;10;10;337046;1726181592339149304
75;0;1;200;10;10;10;333035;1726181592349145335
76;0;1;200;10;10;10;429480;1726181592359149136
77;0;1;200;10;10;10;334726;1726181592369146236
78;0;1;200;10;10;10;344257;1726181592379148864
79;0;1;200;10;10;10;333964;1726181592389148069
80;0;1;200;10;10;10;336457;1726181592399149441
81;0;1;200;10;10;10;336799;1726181592409146963
82;0;1;200;10;10;10;337514;1726181592419149410
83;0;1;200;10;10;10;333121;1726181592429147941
84;0;1;200;10;10;10;346089;1726181592439148377
85;0;1;200;10;10;10;333920;1726181592449128970
86;0;1;200;10;10;10;372414;1726181592459127625
87;0;1;200;10;10;10;333360;1726181592469129414
88;0;1;200;10;10;10;338197;1726181592479126874
89;0;1;200;10;10;10;340998;1726181592489125194
90;0;1;200;10;10;10;331754;1726181592499123537
91;0;1;200;10;10;10;332606;1726181592509126123
92;0;1;200;10;10;10;336110;1726181592519127876
93;0;1;200;10;10;10;331060;1726181592529125335
94;0;1;200;10;10;10;335202;1726181592539127726
95;0;1;200;10;10;10;342787;1726181592549147273
96;0;1;200;10;10;10;390703;1726181592559149695
97;0;1;200;10;10;10;337658;1726181592569147132
98;0;1;200;10;10;10;342385;1726181592579149071
99;0;1;200;10;10;10;398926;1726181592589146601
0;0;2;200;10;10;10;874523;1726181591599259481
1;0;2;200;10;10;10;751637;1726181591609238487
2;0;2;200;10;10;10;729397;1726181591619248052
3;0;2;200;10;10;10;543274;1726181591629138026
4;0;2;200;10;10;10;509932;1726181591639157284
5;0;2;200;10;10;10;530250;1726181591649128294
6;0;2;200;10;10;10;516766;1726181591659070289
7;0;2;200;10;10;10;530959;1726181591669130127
8;0;2;200;10;10;10;532052;1726181591679133368
9;0;2;200;10;10;10;527764;1726181591689129598
10;0;2;200;10;10;10;528186;1726181591699133360
11;0;2;200;10;10;10;525049;1726181591709129134
12;0;2;200;10;10;10;532239;1726181591719129587
13;0;2;200;10;10;10;543806;1726181591729079851
14;0;2;200;10;10;10;532050;1726181591739135576
15;0;2;200;10;10;10;522014;1726181591749132278
16;0;2;200;10;10;10;578492;1726181591759133075
17;0;2;200;10;10;10;517537;1726181591769129889
18;0;2;200;10;10;10;514933;1726181591779129632
19;0;2;200;10;10;10;521246;1726181591789134611
20;0;2;200;10;10;10;723049;1726181591799070768
21;0;2;200;10;10;10;515481;1726181591809134610
22;0;2;200;10;10;10;522763;1726181591819131867
23;0;2;200;10;10;10;514655;1726181591829134914
24;0;2;200;10;10;10;519432;1726181591839127307
25;0;2;200;10;10;10;514796;1726181591849128664
26;0;2;200;10;10;10;629364;1726181591859135207
27;0;2;200;10;10;10;519570;1726181591869131483
28;0;2;200;10;10;10;522382;1726181591879134296
29;0;2;200;10;10;10;518360;1726181591889130552
30;0;2;200;10;10;10;522273;1726181591899128264
31;0;2;200;10;10;10;523030;1726181591909133159
32;0;2;200;10;10;10;533012;1726181591919132264
33;0;2;200;10;10;10;516070;1726181591929130475
34;0;2;200;10;10;10;515642;1726181591939133542
35;0;2;200;10;10;10;516702;1726181591949152431
36;0;2;200;10;10;10;604215;1726181591959155420
37;0;2;200;10;10;10;498146;1726181591969163649
38;0;2;200;10;10;10;507862;1726181591979155208
39;0;2;200;10;10;10;511840;1726181591989156509
40;0;2;200;10;10;10;496887;1726181591999174729
41;0;2;200;10;10;10;513526;1726181592009154454
42;0;2;200;10;10;10;507670;1726181592019156448
43;0;2;200;10;10;10;524713;1726181592029152513
44;0;2;200;10;10;10;513523;1726181592039156287
45;0;2;200;10;10;10;513457;1726181592049153851
46;0;2;200;10;10;10;619468;1726181592059154609
47;0;2;200;10;10;10;516485;1726181592069152242
48;0;2;200;10;10;10;510348;1726181592079157255
49;0;2;200;10;10;10;510224;1726181592089154039
50;0;2;200;10;10;10;514769;1726181592099153030
51;0;2;200;10;10;10;517236;1726181592109153745
52;0;2;200;10;10;10;513657;1726181592119153822
53;0;2;200;10;10;10;513700;1726181592129153576
54;0;2;200;10;10;10;515736;1726181592139154704
55;0;2;200;10;10;10;516838;1726181592149152122
56;0;2;200;10;10;10;644145;1726181592159155843
57;0;2;200;10;10;10;507539;1726181592169156708
58;0;2;200;10;10;10;502457;1726181592179168254
59;0;2;200;10;10;10;494836;1726181592189170643
60;0;2;200;10;10;10;501594;1726181592199173645
61;0;2;200;10;10;10;502925;1726181592209164028
62;0;2;200;10;10;10;512337;1726181592219156017
63;0;2;200;10;10;10;509725;1726181592229154524
64;0;2;200;10;10;10;525855;1726181592239154660
65;0;2;200;10;10;10;504951;1726181592249164403
66;0;2;200;10;10;10;643687;1726181592259158664
67;0;2;200;10;10;10;516858;1726181592269152699
68;0;2;200;10;10;10;500892;1726181592279168396
69;0;2;200;10;10;10;513175;1726181592289152401
70;0;2;200;10;10;10;518574;1726181592299154747
71;0;2;200;10;10;10;513939;1726181592309153472
72;0;2;200;10;10;10;530847;1726181592319157557
73;0;2;200;10;10;10;512580;1726181592329153812
74;0;2;200;10;10;10;515495;1726181592339154747
75;0;2;200;10;10;10;509897;1726181592349152391
76;0;2;200;10;10;10;694515;1726181592359156419
77;0;2;200;10;10;10;512848;1726181592369151456
78;0;2;200;10;10;10;522463;1726181592379154672
79;0;2;200;10;10;10;512452;1726181592389153404
80;0;2;200;10;10;10;512189;1726181592399158644
81;0;2;200;10;10;10;515083;1726181592409152508
82;0;2;200;10;10;10;514431;1726181592419155180
83;0;2;200;10;10;10;511534;1726181592429153431
84;0;2;200;10;10;10;509869;1726181592439167628
85;0;2;200;10;10;10;517305;1726181592449134286
86;0;2;200;10;10;10;556861;1726181592459133168
87;0;2;200;10;10;10;517141;1726181592469134684
88;0;2;200;10;10;10;520738;1726181592479132317
89;0;2;200;10;10;10;522458;1726181592489130408
90;0;2;200;10;10;10;513843;1726181592499129068
91;0;2;200;10;10;10;516686;1726181592509131455
92;0;2;200;10;10;10;518940;1726181592519133300
93;0;2;200;10;10;10;514477;1726181592529130497
94;0;2;200;10;10;10;518462;1726181592539133377
95;0;2;200;10;10;10;508184;1726181592549168476
96;0;2;200;10;10;10;613842;1726181592559155259
97;0;2;200;10;10;10;518580;1726181592569152299
98;0;2;200;10;10;10;522429;1726181592579154646
99;0;2;200;10;10;10;617902;1726181592589153589
0;0;3;200;10;10;10;1054384;1726181591599266442
1;0;3;200;10;10;10;927037;1726181591609249279
2;0;3;200;10;10;10;902653;1726181591619263201
3;0;3;200;10;10;10;718559;1726181591629150314
4;0;3;200;10;10;10;748545;1726181591639168672
5;0;3;200;10;10;10;717721;1726181591649132262
6;0;3;200;10;10;10;721208;1726181591659077113
7;0;3;200;10;10;10;719119;1726181591669133945
8;0;3;200;10;10;10;744584;1726181591679137353
9;0;3;200;10;10;10;715370;1726181591689133507
10;0;3;200;10;10;10;736918;1726181591699137163
11;0;3;200;10;10;10;713028;1726181591709132861
12;0;3;200;10;10;10;739389;1726181591719133486
13;0;3;200;10;10;10;734007;1726181591729084508
14;0;3;200;10;10;10;756851;1726181591739139692
15;0;3;200;10;10;10;707795;1726181591749136062
16;0;3;200;10;10;10;805700;1726181591759137325
17;0;3;200;10;10;10;700205;1726181591769133578
18;0;3;200;10;10;10;736320;1726181591779133390
19;0;3;200;10;10;10;704630;1726181591789138391
20;0;3;200;10;10;10;906723;1726181591799074726
21;0;3;200;10;10;10;698809;1726181591809138534
22;0;3;200;10;10;10;721047;1726181591819135782
23;0;3;200;10;10;10;697318;1726181591829138766
24;0;3;200;10;10;10;722080;1726181591839131149
25;0;3;200;10;10;10;696464;1726181591849132585
26;0;3;200;10;10;10;824340;1726181591859139195
27;0;3;200;10;10;10;701726;1726181591869135247
28;0;3;200;10;10;10;729330;1726181591879137993
29;0;3;200;10;10;10;702823;1726181591889134306
30;0;3;200;10;10;10;724637;1726181591899131954
31;0;3;200;10;10;10;705493;1726181591909136807
32;0;3;200;10;10;10;734753;1726181591919136233
33;0;3;200;10;10;10;700283;1726181591929134306
34;0;3;200;10;10;10;718632;1726181591939137269
35;0;3;200;10;10;10;683825;1726181591949168808
36;0;3;200;10;10;10;781830;1726181591959164357
37;0;3;200;10;10;10;676068;1726181591969168393
38;0;3;200;10;10;10;731643;1726181591979162739
39;0;3;200;10;10;10;687269;1726181591989162699
40;0;3;200;10;10;10;723629;1726181591999179902
41;0;3;200;10;10;10;687193;1726181592009164437
42;0;3;200;10;10;10;704281;1726181592019164840
43;0;3;200;10;10;10;697803;1726181592029162729
44;0;3;200;10;10;10;706290;1726181592039165948
45;0;3;200;10;10;10;684517;1726181592049164945
46;0;3;200;10;10;10;789162;1726181592059168306
47;0;3;200;10;10;10;679900;1726181592069171888
48;0;3;200;10;10;10;692952;1726181592079166136
49;0;3;200;10;10;10;684744;1726181592089161460
50;0;3;200;10;10;10;737488;1726181592099161598
51;0;3;200;10;10;10;689384;1726181592109166073
52;0;3;200;10;10;10;701523;1726181592119167667
53;0;3;200;10;10;10;689247;1726181592129159344
54;0;3;200;10;10;10;704894;1726181592139165065
55;0;3;200;10;10;10;679111;1726181592149172100
56;0;3;200;10;10;10;819268;1726181592159166837
57;0;3;200;10;10;10;678985;1726181592169168237
58;0;3;200;10;10;10;693230;1726181592179175961
59;0;3;200;10;10;10;664228;1726181592189183783
60;0;3;200;10;10;10;697491;1726181592199179566
61;0;3;200;10;10;10;681172;1726181592209168942
62;0;3;200;10;10;10;704369;1726181592219164490
63;0;3;200;10;10;10;684435;1726181592229163822
64;0;3;200;10;10;10;739776;1726181592239168333
65;0;3;200;10;10;10;682738;1726181592249169312
66;0;3;200;10;10;10;818095;1726181592259167151
67;0;3;200;10;10;10;689155;1726181592269163389
68;0;3;200;10;10;10;697758;1726181592279173455
69;0;3;200;10;10;10;682926;1726181592289170449
70;0;3;200;10;10;10;706699;1726181592299168904
71;0;3;200;10;10;10;683658;1726181592309165177
72;0;3;200;10;10;10;752378;1726181592319164118
73;0;3;200;10;10;10;681785;1726181592329166552
74;0;3;200;10;10;10;735011;1726181592339165731
75;0;3;200;10;10;10;683916;1726181592349160143
76;0;3;200;10;10;10;869811;1726181592359164861
77;0;3;200;10;10;10;690955;1726181592369157143
78;0;3;200;10;10;10;710135;1726181592379167340
79;0;3;200;10;10;10;680697;1726181592389167016
80;0;3;200;10;10;10;732295;1726181592399167431
81;0;3;200;10;10;10;685252;1726181592409162974
82;0;3;200;10;10;10;701682;1726181592419168857
83;0;3;200;10;10;10;690223;1726181592429159198
84;0;3;200;10;10;10;734779;1726181592439172757
85;0;3;200;10;10;10;699715;1726181592449138083
86;0;3;200;10;10;10;757478;1726181592459137174
87;0;3;200;10;10;10;700973;1726181592469138348
88;0;3;200;10;10;10;720913;1726181592479136118
89;0;3;200;10;10;10;705316;1726181592489134111
90;0;3;200;10;10;10;716175;1726181592499132895
91;0;3;200;10;10;10;699692;1726181592509135319
92;0;3;200;10;10;10;720822;1726181592519137041
93;0;3;200;10;10;10;698680;1726181592529134076
94;0;3;200;10;10;10;711352;1726181592539137343
95;0;3;200;10;10;10;687236;1726181592549174687
96;0;3;200;10;10;10;789432;1726181592559164195
97;0;3;200;10;10;10;695957;1726181592569159702
98;0;3;200;10;10;10;704303;1726181592579177468
99;0;3;200;10;10;10;855688;1726181592589166909
0;0;4;200;10;10;10;1235550;1726181591599274187
1;0;4;200;10;10;10;1099821;1726181591609264261
2;0;4;200;10;10;10;1074454;1726181591619280341
3;0;4;200;10;10;10;896696;1726181591629157321
4;0;4;200;10;10;10;926223;1726181591639173354
5;0;4;200;10;10;10;904132;1726181591649136160
6;0;4;200;10;10;10;902923;1726181591659083731
7;0;4;200;10;10;10;906534;1726181591669137575
8;0;4;200;10;10;10;932334;1726181591679141028
9;0;4;200;10;10;10;902361;1726181591689137164
10;0;4;200;10;10;10;924166;1726181591699140913
11;0;4;200;10;10;10;901081;1726181591709136620
12;0;4;200;10;10;10;925430;1726181591719137232
13;0;4;200;10;10;10;922416;1726181591729088870
14;0;4;200;10;10;10;944678;1726181591739143833
15;0;4;200;10;10;10;892679;1726181591749139885
16;0;4;200;10;10;10;986188;1726181591759141293
17;0;4;200;10;10;10;883509;1726181591769137139
18;0;4;200;10;10;10;916984;1726181591779137024
19;0;4;200;10;10;10;887818;1726181591789142026
20;0;4;200;10;10;10;1090339;1726181591799078516
21;0;4;200;10;10;10;881263;1726181591809142159
22;0;4;200;10;10;10;902653;1726181591819139412
23;0;4;200;10;10;10;880030;1726181591829142401
24;0;4;200;10;10;10;904054;1726181591839134838
25;0;4;200;10;10;10;878255;1726181591849136515
26;0;4;200;10;10;10;1006087;1726181591859142913
27;0;4;200;10;10;10;885124;1726181591869138756
28;0;4;200;10;10;10;912033;1726181591879141702
29;0;4;200;10;10;10;885092;1726181591889137979
30;0;4;200;10;10;10;907682;1726181591899135531
31;0;4;200;10;10;10;887051;1726181591909140467
32;0;4;200;10;10;10;917243;1726181591919139908
33;0;4;200;10;10;10;882373;1726181591929137874
34;0;4;200;10;10;10;901473;1726181591939140932
35;0;4;200;10;10;10;861385;1726181591949173427
36;0;4;200;10;10;10;964601;1726181591959168615
37;0;4;200;10;10;10;853391;1726181591969172110
38;0;4;200;10;10;10;903130;1726181591979170845
39;0;4;200;10;10;10;857702;1726181591989173835
40;0;4;200;10;10;10;902208;1726181591999183720
41;0;4;200;10;10;10;861155;1726181592009172929
42;0;4;200;10;10;10;884619;1726181592019171984
43;0;4;200;10;10;10;876388;1726181592029167196
44;0;4;200;10;10;10;879846;1726181592039173952
45;0;4;200;10;10;10;861843;1726181592049169208
46;0;4;200;10;10;10;967405;1726181592059172825
47;0;4;200;10;10;10;857421;1726181592069176370
48;0;4;200;10;10;10;866357;1726181592079175179
49;0;4;200;10;10;10;859453;1726181592089169023
50;0;4;200;10;10;10;915720;1726181592099165755
51;0;4;200;10;10;10;866961;1726181592109170605
52;0;4;200;10;10;10;877906;1726181592119172316
53;0;4;200;10;10;10;863061;1726181592129167414
54;0;4;200;10;10;10;880423;1726181592139169481
55;0;4;200;10;10;10;857275;1726181592149176657
56;0;4;200;10;10;10;999901;1726181592159171254
57;0;4;200;10;10;10;856367;1726181592169172432
58;0;4;200;10;10;10;862432;1726181592179186812
59;0;4;200;10;10;10;842506;1726181592189188270
60;0;4;200;10;10;10;875959;1726181592199183566
61;0;4;200;10;10;10;860259;1726181592209172804
62;0;4;200;10;10;10;877955;1726181592219173501
63;0;4;200;10;10;10;862301;1726181592229167958
64;0;4;200;10;10;10;916251;1726181592239172702
65;0;4;200;10;10;10;861071;1726181592249173324
66;0;4;200;10;10;10;994398;1726181592259171343
67;0;4;200;10;10;10;867964;1726181592269167329
68;0;4;200;10;10;10;876269;1726181592279177405
69;0;4;200;10;10;10;865512;1726181592289174980
70;0;4;200;10;10;10;883653;1726181592299173292
71;0;4;200;10;10;10;860261;1726181592309169349
72;0;4;200;10;10;10;926101;1726181592319171819
73;0;4;200;10;10;10;858185;1726181592329170814
74;0;4;200;10;10;10;913042;1726181592339170057
75;0;4;200;10;10;10;856709;1726181592349168320
76;0;4;200;10;10;10;1039611;1726181592359177277
77;0;4;200;10;10;10;870468;1726181592369160980
78;0;4;200;10;10;10;888028;1726181592379171886
79;0;4;200;10;10;10;857593;1726181592389171429
80;0;4;200;10;10;10;909952;1726181592399171600
81;0;4;200;10;10;10;861246;1726181592409167125
82;0;4;200;10;10;10;879989;1726181592419173468
83;0;4;200;10;10;10;866308;1726181592429166794
84;0;4;200;10;10;10;912455;1726181592439176676
85;0;4;200;10;10;10;882388;1726181592449141700
86;0;4;200;10;10;10;939802;1726181592459140882
87;0;4;200;10;10;10;883631;1726181592469141992
88;0;4;200;10;10;10;903784;1726181592479139758
89;0;4;200;10;10;10;886968;1726181592489137722
90;0;4;200;10;10;10;898755;1726181592499136541
91;0;4;200;10;10;10;883683;1726181592509138886
92;0;4;200;10;10;10;902497;1726181592519140645
93;0;4;200;10;10;10;882620;1726181592529137597
94;0;4;200;10;10;10;894702;1726181592539141149
95;0;4;200;10;10;10;862414;1726181592549182893
96;0;4;200;10;10;10;966403;1726181592559172446
97;0;4;200;10;10;10;872576;1726181592569167204
98;0;4;200;10;10;10;883303;1726181592579182737
99;0;4;200;10;10;10;1044722;1726181592589171016
0;0;5;200;10;10;10;1413657;1726181591599284723
1;0;5;200;10;10;10;1278006;1726181591609273209
2;0;5;200;10;10;10;1243274;1726181591619299562
3;0;5;200;10;10;10;1073508;1726181591629167482
4;0;5;200;10;10;10;1102076;1726181591639180249
5;0;5;200;10;10;10;1088905;1726181591649139971
6;0;5;200;10;10;10;1089752;1726181591659088007
7;0;5;200;10;10;10;1093302;1726181591669141180
8;0;5;200;10;10;10;1120323;1726181591679144717
9;0;5;200;10;10;10;1088994;1726181591689141135
10;0;5;200;10;10;10;1110221;1726181591699144614
11;0;5;200;10;10;10;1088121;1726181591709140504
12;0;5;200;10;10;10;1112037;1726181591719141243
13;0;5;200;10;10;10;1105250;1726181591729097818
14;0;5;200;10;10;10;1132221;1726181591739148385
15;0;5;200;10;10;10;1076542;1726181591749143655
16;0;5;200;10;10;10;1167316;1726181591759145563
17;0;5;200;10;10;10;1065907;1726181591769140583
18;0;5;200;10;10;10;1097147;1726181591779140820
19;0;5;200;10;10;10;1071330;1726181591789145633
20;0;5;200;10;10;10;1273525;1726181591799082508
21;0;5;200;10;10;10;1062478;1726181591809145795
22;0;5;200;10;10;10;1084986;1726181591819143040
23;0;5;200;10;10;10;1062787;1726181591829145927
24;0;5;200;10;10;10;1085903;1726181591839138393
25;0;5;200;10;10;10;1059522;1726181591849140547
26;0;5;200;10;10;10;1188300;1726181591859146916
27;0;5;200;10;10;10;1068673;1726181591869142289
28;0;5;200;10;10;10;1097336;1726181591879145198
29;0;5;200;10;10;10;1066510;1726181591889141518
30;0;5;200;10;10;10;1089265;1726181591899139096
31;0;5;200;10;10;10;1070201;1726181591909144052
32;0;5;200;10;10;10;1099125;1726181591919143887
33;0;5;200;10;10;10;1064589;1726181591929141397
34;0;5;200;10;10;10;1082553;1726181591939144880
35;0;5;200;10;10;10;1034354;1726181591949181763
36;0;5;200;10;10;10;1144840;1726181591959175503
37;0;5;200;10;10;10;1019878;1726181591969184958
38;0;5;200;10;10;10;1077390;1726181591979177323
39;0;5;200;10;10;10;1034170;1726181591989178005
40;0;5;200;10;10;10;1080282;1726181591999187687
41;0;5;200;10;10;10;1030710;1726181592009184176
42;0;5;200;10;10;10;1064485;1726181592019178902
43;0;5;200;10;10;10;1053979;1726181592029171001
44;0;5;200;10;10;10;1051412;1726181592039184509
45;0;5;200;10;10;10;1039268;1726181592049174013
46;0;5;200;10;10;10;1144198;1726181592059176877
47;0;5;200;10;10;10;1035365;1726181592069180088
48;0;5;200;10;10;10;1042674;1726181592079182414
49;0;5;200;10;10;10;1033432;1726181592089176504
50;0;5;200;10;10;10;1092044;1726181592099170786
51;0;5;200;10;10;10;1034749;1726181592109183681
52;0;5;200;10;10;10;1049757;1726181592119181669
53;0;5;200;10;10;10;1026424;1726181592129185012
54;0;5;200;10;10;10;1049929;1726181592139178836
55;0;5;200;10;10;10;1035991;1726181592149180568
56;0;5;200;10;10;10;1174979;1726181592159180521
57;0;5;200;10;10;10;1034909;1726181592169175949
58;0;5;200;10;10;10;1037985;1726181592179190967
59;0;5;200;10;10;10;1018467;1726181592189195986
60;0;5;200;10;10;10;1045044;1726181592199196392
61;0;5;200;10;10;10;1027399;1726181592209187690
62;0;5;200;10;10;10;1053307;1726181592219180284
63;0;5;200;10;10;10;1037503;1726181592229174862
64;0;5;200;10;10;10;1094355;1726181592239176484
65;0;5;200;10;10;10;1038153;1726181592249177217
66;0;5;200;10;10;10;1168233;1726181592259178635
67;0;5;200;10;10;10;1045110;1726181592269170761
68;0;5;200;10;10;10;1053114;1726181592279183318
69;0;5;200;10;10;10;1046866;1726181592289179013
70;0;5;200;10;10;10;1060808;1726181592299177083
71;0;5;200;10;10;10;1035066;1726181592309174554
72;0;5;200;10;10;10;1096145;1726181592319182427
73;0;5;200;10;10;10;1033868;1726181592329175871
74;0;5;200;10;10;10;1091926;1726181592339174027
75;0;5;200;10;10;10;1032482;1726181592349174045
76;0;5;200;10;10;10;1216686;1726181592359181852
77;0;5;200;10;10;10;1045613;1726181592369168612
78;0;5;200;10;10;10;1065350;1726181592379177471
79;0;5;200;10;10;10;1033963;1726181592389175196
80;0;5;200;10;10;10;1084121;1726181592399178277
81;0;5;200;10;10;10;1037210;1726181592409171640
82;0;5;200;10;10;10;1042840;1726181592419192719
83;0;5;200;10;10;10;1033317;1726181592429183872
84;0;5;200;10;10;10;1087976;1726181592439182507
85;0;5;200;10;10;10;1064472;1726181592449145314
86;0;5;200;10;10;10;1123494;1726181592459144814
87;0;5;200;10;10;10;1067505;1726181592469145663
88;0;5;200;10;10;10;1085950;1726181592479143699
89;0;5;200;10;10;10;1068680;1726181592489141263
90;0;5;200;10;10;10;1081412;1726181592499140205
91;0;5;200;10;10;10;1066352;1726181592509142708
92;0;5;200;10;10;10;1083612;1726181592519144522
93;0;5;200;10;10;10;1065090;1726181592529141128
94;0;5;200;10;10;10;1077834;1726181592539145059
95;0;5;200;10;10;10;1040489;1726181592549187180
96;0;5;200;10;10;10;1140766;1726181592559182524
97;0;5;200;10;10;10;1038673;1726181592569184547
98;0;5;200;10;10;10;1062861;1726181592579186747
99;0;5;200;10;10;10;1243503;1726181592589174720
0;0;6;200;10;10;10;1595525;1726181591599292967
1;0;6;200;10;10;10;1453478;1726181591609284679
2;0;6;200;10;10;10;1421909;1726181591619309098
3;0;6;200;10;10;10;1247966;1726181591629179173
4;0;6;200;10;10;10;1274576;1726181591639187716
5;0;6;200;10;10;10;1274868;1726181591649144083
6;0;6;200;10;10;10;1273154;1726181591659094202
7;0;6;200;10;10;10;1281611;1726181591669144801
8;0;6;200;10;10;10;1307015;1726181591679148754
9;0;6;200;10;10;10;1275963;1726181591689145089
10;0;6;200;10;10;10;1296187;1726181591699148661
11;0;6;200;10;10;10;1274715;1726181591709144560
12;0;6;200;10;10;10;1297669;1726181591719145371
13;0;6;200;10;10;10;1291962;1726181591729102451
14;0;6;200;10;10;10;1319380;1726181591739153025
15;0;6;200;10;10;10;1258959;1726181591749147689
16;0;6;200;10;10;10;1327739;1726181591759170184
17;0;6;200;10;10;10;1247979;1726181591769144173
18;0;6;200;10;10;10;1278167;1726181591779144784
19;0;6;200;10;10;10;1253541;1726181591789149458
20;0;6;200;10;10;10;1451959;1726181591799090986
21;0;6;200;10;10;10;1243068;1726181591809149782
22;0;6;200;10;10;10;1266047;1726181591819147146
23;0;6;200;10;10;10;1245234;1726181591829149910
24;0;6;200;10;10;10;1267530;1726181591839142354
25;0;6;200;10;10;10;1231788;1726181591849154873
26;0;6;200;10;10;10;1369680;1726181591859151817
27;0;6;200;10;10;10;1250615;1726181591869145897
28;0;6;200;10;10;10;1279306;1726181591879149066
29;0;6;200;10;10;10;1249338;1726181591889145322
30;0;6;200;10;10;10;1270719;1726181591899143077
31;0;6;200;10;10;10;1251735;1726181591909147990
32;0;6;200;10;10;10;1267838;1726181591919160853
33;0;6;200;10;10;10;1244050;1726181591929145284
34;0;6;200;10;10;10;1264283;1726181591939148890
35;0;6;200;10;10;10;1200479;1726181591949198951
36;0;6;200;10;10;10;1324868;1726181591959179812
37;0;6;200;10;10;10;1196080;1726181591969189203
38;0;6;200;10;10;10;1252757;1726181591979184085
39;0;6;200;10;10;10;1211997;1726181591989181919
40;0;6;200;10;10;10;1257761;1726181591999191377
41;0;6;200;10;10;10;1194967;1726181592009201888
42;0;6;200;10;10;10;1243864;1726181592019186145
43;0;6;200;10;10;10;1227947;1726181592029178386
44;0;6;200;10;10;10;1228644;1726181592039188766
45;0;6;200;10;10;10;1214430;1726181592049180763
46;0;6;200;10;10;10;1320053;1726181592059182458
47;0;6;200;10;10;10;1204357;1726181592069192546
48;0;6;200;10;10;10;1215383;1726181592079191625
49;0;6;200;10;10;10;1209145;1726181592089182793
50;0;6;200;10;10;10;1267146;1726181592099178211
51;0;6;200;10;10;10;1212039;1726181592109188412
52;0;6;200;10;10;10;1223044;1726181592119188542
53;0;6;200;10;10;10;1200532;1726181592129192452
54;0;6;200;10;10;10;1225288;1726181592139182840
55;0;6;200;10;10;10;1204841;1726181592149194572
56;0;6;200;10;10;10;1355680;1726181592159184771
57;0;6;200;10;10;10;1207269;1726181592169184949
58;0;6;200;10;10;10;1210747;1726181592179198498
59;0;6;200;10;10;10;1193021;1726181592189202781
60;0;6;200;10;10;10;1206689;1726181592199216366
61;0;6;200;10;10;10;1202665;1726181592209194446
62;0;6;200;10;10;10;1226884;1726181592219188434
63;0;6;200;10;10;10;1210688;1726181592229183603
64;0;6;200;10;10;10;1268265;1726181592239183906
65;0;6;200;10;10;10;1214137;1726181592249182801
66;0;6;200;10;10;10;1342264;1726181592259185465
67;0;6;200;10;10;10;1218369;1726181592269179876
68;0;6;200;10;10;10;1230100;1726181592279188449
69;0;6;200;10;10;10;1219096;1726181592289192290
70;0;6;200;10;10;10;1235045;1726181592299184359
71;0;6;200;10;10;10;1208639;1726181592309181224
72;0;6;200;10;10;10;1273800;1726181592319186878
73;0;6;200;10;10;10;1208925;1726181592329182718
74;0;6;200;10;10;10;1266035;1726181592339182069
75;0;6;200;10;10;10;1207542;1726181592349180142
76;0;6;200;10;10;10;1387690;1726181592359192758
77;0;6;200;10;10;10;1222588;1726181592369175848
78;0;6;200;10;10;10;1240382;1726181592379184724
79;0;6;200;10;10;10;1209129;1726181592389182046
80;0;6;200;10;10;10;1249782;1726181592399195612
81;0;6;200;10;10;10;1211927;1726181592409178517
82;0;6;200;10;10;10;1219168;1726181592419197382
83;0;6;200;10;10;10;1210942;1726181592429188460
84;0;6;200;10;10;10;1265009;1726181592439186588
85;0;6;200;10;10;10;1247226;1726181592449149359
86;0;6;200;10;10;10;1305698;1726181592459148910
87;0;6;200;10;10;10;1238028;1726181592469162716
88;0;6;200;10;10;10;1249976;1726181592479164860
89;0;6;200;10;10;10;1249768;1726181592489145120
90;0;6;200;10;10;10;1263388;1726181592499144135
91;0;6;200;10;10;10;1247709;1726181592509146600
92;0;6;200;10;10;10;1264987;1726181592519148520
93;0;6;200;10;10;10;1248627;1726181592529145217
94;0;6;200;10;10;10;1260664;1726181592539148992
95;0;6;200;10;10;10;1216719;1726181592549193917
96;0;6;200;10;10;10;1319922;1726181592559187718
97;0;6;200;10;10;10;1218434;1726181592569188956
98;0;6;200;10;10;10;1243131;1726181592579190463
99;0;6;200;10;10;10;1471680;1726181592589181362
0;0;7;200;10;10;10;1757412;1726181591599319445
1;0;7;200;10;10;10;1632260;1726181591609293167
2;0;7;200;10;10;10;1599996;1726181591619318455
3;0;7;200;10;10;10;1427203;1726181591629186493
4;0;7;200;10;10;10;1452670;1726181591639192359
5;0;7;200;10;10;10;1459664;1726181591649151167
6;0;7;200;10;10;10;1451824;1726181591659105745
7;0;7;200;10;10;10;1458782;1726181591669159209
8;0;7;200;10;10;10;1479553;1726181591679168353
9;0;7;200;10;10;10;1449028;1726181591689164345
10;0;7;200;10;10;10;1482702;1726181591699152675
11;0;7;200;10;10;10;1462948;1726181591709148628
12;0;7;200;10;10;10;1472905;1726181591719159673
13;0;7;200;10;10;10;1479685;1726181591729107188
14;0;7;200;10;10;10;1495972;1726181591739167580
15;0;7;200;10;10;10;1441219;1726181591749151832
16;0;7;200;10;10;10;1507417;1726181591759176480
17;0;7;200;10;10;10;1430152;1726181591769147789
18;0;7;200;10;10;10;1457702;1726181591779150292
19;0;7;200;10;10;10;1435533;1726181591789154194
20;0;7;200;10;10;10;1616063;1726181591799112917
21;0;7;200;10;10;10;1411455;1726181591809168494
22;0;7;200;10;10;10;1426423;1726181591819171485
23;0;7;200;10;10;10;1427811;1726181591829153885
24;0;7;200;10;10;10;1448012;1726181591839146370
25;0;7;200;10;10;10;1409682;1726181591849164120
26;0;7;200;10;10;10;1541005;1726181591859166953
27;0;7;200;10;10;10;1416439;1726181591869167811
28;0;7;200;10;10;10;1447065;1726181591879166271
29;0;7;200;10;10;10;1428334;1726181591889152798
30;0;7;200;10;10;10;1435512;1726181591899163879
31;0;7;200;10;10;10;1420033;1726181591909165143
32;0;7;200;10;10;10;1441315;1726181591919172715
33;0;7;200;10;10;10;1408551;1726181591929166138
34;0;7;200;10;10;10;1431215;1726181591939168433
35;0;7;200;10;10;10;1377220;1726181591949204007
36;0;7;200;10;10;10;1503049;1726181591959186524
37;0;7;200;10;10;10;1374873;1726181591969192817
38;0;7;200;10;10;10;1423672;1726181591979194062
39;0;7;200;10;10;10;1385807;1726181591989189335
40;0;7;200;10;10;10;1427440;1726181591999202700
41;0;7;200;10;10;10;1372524;1726181592009207049
42;0;7;200;10;10;10;1420321;1726181592019196401
43;0;7;200;10;10;10;1405308;1726181592029182337
44;0;7;200;10;10;10;1402423;1726181592039195862
45;0;7;200;10;10;10;1386752;1726181592049189495
46;0;7;200;10;10;10;1494910;1726181592059189191
47;0;7;200;10;10;10;1378513;1726181592069201222
48;0;7;200;10;10;10;1391875;1726181592079195764
49;0;7;200;10;10;10;1379814;1726181592089193381
50;0;7;200;10;10;10;1441105;1726181592099186106
51;0;7;200;10;10;10;1390282;1726181592109192366
52;0;7;200;10;10;10;1396068;1726181592119197389
53;0;7;200;10;10;10;1377901;1726181592129196732
54;0;7;200;10;10;10;1394989;1726181592139192696
55;0;7;200;10;10;10;1376927;1726181592149204047
56;0;7;200;10;10;10;1529225;1726181592159196581
57;0;7;200;10;10;10;1385269;1726181592169188788
58;0;7;200;10;10;10;1384873;1726181592179205344
59;0;7;200;10;10;10;1370034;1726181592189208044
60;0;7;200;10;10;10;1383319;1726181592199221642
61;0;7;200;10;10;10;1368663;1726181592209210190
62;0;7;200;10;10;10;1404146;1726181592219192936
63;0;7;200;10;10;10;1388615;1726181592229188036
64;0;7;200;10;10;10;1440150;1726181592239193199
65;0;7;200;10;10;10;1388640;1726181592249190166
66;0;7;200;10;10;10;1517329;1726181592259192285
67;0;7;200;10;10;10;1395373;1726181592269185165
68;0;7;200;10;10;10;1404286;1726181592279196025
69;0;7;200;10;10;10;1400542;1726181592289197158
70;0;7;200;10;10;10;1406903;1726181592299194325
71;0;7;200;10;10;10;1381095;1726181592309190013
72;0;7;200;10;10;10;1444047;1726181592319199781
73;0;7;200;10;10;10;1382835;1726181592329191339
74;0;7;200;10;10;10;1441440;1726181592339188642
75;0;7;200;10;10;10;1370963;1726181592349196622
76;0;7;200;10;10;10;1561638;1726181592359201064
77;0;7;200;10;10;10;1387579;1726181592369194161
78;0;7;200;10;10;10;1412246;1726181592379195443
79;0;7;200;10;10;10;1383807;1726181592389189459
80;0;7;200;10;10;10;1428053;1726181592399200942
81;0;7;200;10;10;10;1383041;1726181592409188461
82;0;7;200;10;10;10;1397409;1726181592419201675
83;0;7;200;10;10;10;1389397;1726181592429192515
84;0;7;200;10;10;10;1437950;1726181592439194160
85;0;7;200;10;10;10;1430211;1726181592449153309
86;0;7;200;10;10;10;1472361;1726181592459168399
87;0;7;200;10;10;10;1419434;1726181592469167379
88;0;7;200;10;10;10;1429337;1726181592479169902
89;0;7;200;10;10;10;1432317;1726181592489149011
90;0;7;200;10;10;10;1446322;1726181592499148052
91;0;7;200;10;10;10;1427799;1726181592509153274
92;0;7;200;10;10;10;1430102;1726181592519168094
93;0;7;200;10;10;10;1419024;1726181592529162108
94;0;7;200;10;10;10;1432328;1726181592539163713
95;0;7;200;10;10;10;1393238;1726181592549199526
96;0;7;200;10;10;10;1498097;1726181592559194122
97;0;7;200;10;10;10;1400916;1726181592569192443
98;0;7;200;10;10;10;1422227;1726181592579195504
99;0;7;200;10;10;10;1653013;1726181592589185948
0;0;8;200;10;10;10;1935349;1726181591599328299
1;0;8;200;10;10;10;1810159;1726181591609302665
2;0;8;200;10;10;10;1780013;1726181591619327858
3;0;8;200;10;10;10;1598679;1726181591629201781
4;0;8;200;10;10;10;1627375;1726181591639198867
5;0;8;200;10;10;10;1642150;1726181591649158601
6;0;8;200;10;10;10;1627840;1726181591659119759
7;0;8;200;10;10;10;1640450;1726181591669170542
8;0;8;200;10;10;10;1664807;1726181591679173256
9;0;8;200;10;10;10;1635496;1726181591689169409
10;0;8;200;10;10;10;1658780;1726181591699167560
11;0;8;200;10;10;10;1641302;1726181591709163177
12;0;8;200;10;10;10;1657952;1726181591719165689
13;0;8;200;10;10;10;1668290;1726181591729112377
14;0;8;200;10;10;10;1680198;1726181591739175129
15;0;8;200;10;10;10;1613776;1726181591749166446
16;0;8;200;10;10;10;1688621;1726181591759181089
17;0;8;200;10;10;10;1601029;1726181591769163381
18;0;8;200;10;10;10;1629254;1726181591779165004
19;0;8;200;10;10;10;1608116;1726181591789168271
20;0;8;200;10;10;10;1797293;1726181591799117090
21;0;8;200;10;10;10;1592511;1726181591809173138
22;0;8;200;10;10;10;1606750;1726181591819176545
23;0;8;200;10;10;10;1600051;1726181591829168005
24;0;8;200;10;10;10;1618498;1726181591839162359
25;0;8;200;10;10;10;1588025;1726181591849173129
26;0;8;200;10;10;10;1715470;1726181591859178918
27;0;8;200;10;10;10;1597836;1726181591869172656
28;0;8;200;10;10;10;1620461;1726181591879178340
29;0;8;200;10;10;10;1600359;1726181591889166490
30;0;8;200;10;10;10;1616889;1726181591899168780
31;0;8;200;10;10;10;1594989;1726181591909177268
32;0;8;200;10;10;10;1622031;1726181591919177186
33;0;8;200;10;10;10;1588759;1726181591929171156
34;0;8;200;10;10;10;1612276;1726181591939173409
35;0;8;200;10;10;10;1555511;1726181591949207933
36;0;8;200;10;10;10;1679711;1726181591959195832
37;0;8;200;10;10;10;1553883;1726181591969196668
38;0;8;200;10;10;10;1599291;1726181591979199530
39;0;8;200;10;10;10;1561637;1726181591989196371
40;0;8;200;10;10;10;1601834;1726181591999210030
41;0;8;200;10;10;10;1550544;1726181592009211057
42;0;8;200;10;10;10;1600028;1726181592019203696
43;0;8;200;10;10;10;1579033;1726181592029189287
44;0;8;200;10;10;10;1573611;1726181592039206428
45;0;8;200;10;10;10;1562107;1726181592049195088
46;0;8;200;10;10;10;1665827;1726181592059199196
47;0;8;200;10;10;10;1556614;1726181592069205567
48;0;8;200;10;10;10;1568841;1726181592079201212
49;0;8;200;10;10;10;1558876;1726181592089198022
50;0;8;200;10;10;10;1616791;1726181592099191698
51;0;8;200;10;10;10;1568978;1726181592109196267
52;0;8;200;10;10;10;1573295;1726181592119201968
53;0;8;200;10;10;10;1552373;1726181592129203741
54;0;8;200;10;10;10;1567873;1726181592139199895
55;0;8;200;10;10;10;1553099;1726181592149210102
56;0;8;200;10;10;10;1706932;1726181592159205086
57;0;8;200;10;10;10;1559960;1726181592169196204
58;0;8;200;10;10;10;1557458;1726181592179212936
59;0;8;200;10;10;10;1544972;1726181592189215306
60;0;8;200;10;10;10;1560621;1726181592199226013
61;0;8;200;10;10;10;1545225;1726181592209215312
62;0;8;200;10;10;10;1574177;1726181592219204852
63;0;8;200;10;10;10;1563035;1726181592229196170
64;0;8;200;10;10;10;1616835;1726181592239197907
65;0;8;200;10;10;10;1562379;1726181592249197690
66;0;8;200;10;10;10;1690606;1726181592259199115
67;0;8;200;10;10;10;1570199;1726181592269191632
68;0;8;200;10;10;10;1575116;1726181592279205952
69;0;8;200;10;10;10;1579415;1726181592289205737
70;0;8;200;10;10;10;1580048;1726181592299203673
71;0;8;200;10;10;10;1555230;1726181592309196899
72;0;8;200;10;10;10;1620660;1726181592319206885
73;0;8;200;10;10;10;1560164;1726181592329195553
74;0;8;200;10;10;10;1618245;1726181592339195514
75;0;8;200;10;10;10;1547886;1726181592349201686
76;0;8;200;10;10;10;1736882;1726181592359205169
77;0;8;200;10;10;10;1567988;1726181592369199209
78;0;8;200;10;10;10;1588519;1726181592379200582
79;0;8;200;10;10;10;1555945;1726181592389198740
80;0;8;200;10;10;10;1606504;1726181592399204631
81;0;8;200;10;10;10;1559279;1726181592409192875
82;0;8;200;10;10;10;1576762;1726181592419205409
83;0;8;200;10;10;10;1566548;1726181592429196351
84;0;8;200;10;10;10;1612412;1726181592439200897
85;0;8;200;10;10;10;1601948;1726181592449167475
86;0;8;200;10;10;10;1653351;1726181592459173621
87;0;8;200;10;10;10;1603399;1726181592469170964
88;0;8;200;10;10;10;1610925;1726181592479174014
89;0;8;200;10;10;10;1602283;1726181592489165027
90;0;8;200;10;10;10;1618942;1726181592499162551
91;0;8;200;10;10;10;1608576;1726181592509159408
92;0;8;200;10;10;10;1609560;1726181592519173264
93;0;8;200;10;10;10;1593869;1726181592529173762
94;0;8;200;10;10;10;1610190;1726181592539171857
95;0;8;200;10;10;10;1571052;1726181592549206391
96;0;8;200;10;10;10;1671073;1726181592559205447
97;0;8;200;10;10;10;1582883;1726181592569196031
98;0;8;200;10;10;10;1599522;1726181592579203058
99;0;8;200;10;10;10;1832557;1726181592589192091
0;0;9;200;10;10;10;2114426;1726181591599336602
1;0;9;200;10;10;10;1989765;1726181591609312454
2;0;9;200;10;10;10;1956996;1726181591619339007
3;0;9;200;10;10;10;1764907;1726181591629223890
4;0;9;200;10;10;10;1801075;1726181591639206925
5;0;9;200;10;10;10;1828014;1726181591649163155
6;0;9;200;10;10;10;1815414;1726181591659124692
7;0;9;200;10;10;10;1822541;1726181591669179018
8;0;9;200;10;10;10;1851295;1726181591679177508
9;0;9;200;10;10;10;1822845;1726181591689173645
10;0;9;200;10;10;10;1837130;1726181591699179429
11;0;9;200;10;10;10;1827359;1726181591709170339
12;0;9;200;10;10;10;1838710;1726181591719174625
13;0;9;200;10;10;10;1848646;1726181591729125029
14;0;9;200;10;10;10;1862788;1726181591739184785
15;0;9;200;10;10;10;1791603;1726181591749174866
16;0;9;200;10;10;10;1870610;1726181591759185276
17;0;9;200;10;10;10;1768637;1726181591769181700
18;0;9;200;10;10;10;1799883;1726181591779179336
19;0;9;200;10;10;10;1785757;1726181591789178269
20;0;9;200;10;10;10;1965365;1726181591799135705
21;0;9;200;10;10;10;1774315;1726181591809177201
22;0;9;200;10;10;10;1786791;1726181591819180755
23;0;9;200;10;10;10;1775647;1726181591829179608
24;0;9;200;10;10;10;1789755;1726181591839175092
25;0;9;200;10;10;10;1767034;1726181591849181097
26;0;9;200;10;10;10;1896923;1726181591859183821
27;0;9;200;10;10;10;1781287;1726181591869176317
28;0;9;200;10;10;10;1801543;1726181591879182970
29;0;9;200;10;10;10;1782213;1726181591889170999
30;0;9;200;10;10;10;1799218;1726181591899172928
31;0;9;200;10;10;10;1775253;1726181591909183840
32;0;9;200;10;10;10;1800650;1726181591919185717
33;0;9;200;10;10;10;1770211;1726181591929175337
34;0;9;200;10;10;10;1794511;1726181591939177679
35;0;9;200;10;10;10;1732787;1726181591949211786
36;0;9;200;10;10;10;1860241;1726181591959201573
37;0;9;200;10;10;10;1729532;1726181591969200731
38;0;9;200;10;10;10;1770671;1726181591979208975
39;0;9;200;10;10;10;1735455;1726181591989203973
40;0;9;200;10;10;10;1769331;1726181591999223719
41;0;9;200;10;10;10;1729224;1726181592009214562
42;0;9;200;10;10;10;1776772;1726181592019212561
43;0;9;200;10;10;10;1753231;1726181592029196057
44;0;9;200;10;10;10;1746555;1726181592039215307
45;0;9;200;10;10;10;1737053;1726181592049202297
46;0;9;200;10;10;10;1835729;1726181592059209502
47;0;9;200;10;10;10;1727391;1726181592069217199
48;0;9;200;10;10;10;1744649;1726181592079208566
49;0;9;200;10;10;10;1735752;1726181592089202890
50;0;9;200;10;10;10;1792436;1726181592099197752
51;0;9;200;10;10;10;1741604;1726181592109205396
52;0;9;200;10;10;10;1750013;1726181592119206015
53;0;9;200;10;10;10;1727100;1726181592129210534
54;0;9;200;10;10;10;1737094;1726181592139209159
55;0;9;200;10;10;10;1728266;1726181592149217323
56;0;9;200;10;10;10;1883620;1726181592159214661
57;0;9;200;10;10;10;1735917;1726181592169203489
58;0;9;200;10;10;10;1731370;1726181592179220023
59;0;9;200;10;10;10;1720345;1726181592189222347
60;0;9;200;10;10;10;1728927;1726181592199241498
61;0;9;200;10;10;10;1718910;1726181592209223986
62;0;9;200;10;10;10;1750498;1726181592219211108
63;0;9;200;10;10;10;1733005;1726181592229207915
64;0;9;200;10;10;10;1789970;1726181592239206167
65;0;9;200;10;10;10;1737434;1726181592249205196
66;0;9;200;10;10;10;1864925;1726181592259206083
67;0;9;200;10;10;10;1735404;1726181592269208687
68;0;9;200;10;10;10;1752089;1726181592279210197
69;0;9;200;10;10;10;1761564;1726181592289210303
70;0;9;200;10;10;10;1757929;1726181592299208443
71;0;9;200;10;10;10;1726071;1726181592309206416
72;0;9;200;10;10;10;1798317;1726181592319212405
73;0;9;200;10;10;10;1734812;1726181592329202778
74;0;9;200;10;10;10;1792521;1726181592339202785
75;0;9;200;10;10;10;1726982;1726181592349205562
76;0;9;200;10;10;10;1885221;1726181592359238306
77;0;9;200;10;10;10;1747494;1726181592369202853
78;0;9;200;10;10;10;1761962;1726181592379207783
79;0;9;200;10;10;10;1733804;1726181592389203211
80;0;9;200;10;10;10;1783568;1726181592399208538
81;0;9;200;10;10;10;1733853;1726181592409199830
82;0;9;200;10;10;10;1754776;1726181592419209406
83;0;9;200;10;10;10;1734242;1726181592429211363
84;0;9;200;10;10;10;1786181;1726181592439208303
85;0;9;200;10;10;10;1783396;1726181592449172883
86;0;9;200;10;10;10;1834595;1726181592459177777
87;0;9;200;10;10;10;1785102;1726181592469174550
88;0;9;200;10;10;10;1792242;1726181592479177951
89;0;9;200;10;10;10;1775590;1726181592489175701
90;0;9;200;10;10;10;1791238;1726181592499176438
91;0;9;200;10;10;10;1790134;1726181592509163731
92;0;9;200;10;10;10;1791671;1726181592519177347
93;0;9;200;10;10;10;1758128;1726181592529195849
94;0;9;200;10;10;10;1788871;1726181592539180309
95;0;9;200;10;10;10;1748718;1726181592549213016
96;0;9;200;10;10;10;1850226;1726181592559210742
97;0;9;200;10;10;10;1763339;1726181592569200093
98;0;9;200;10;10;10;1769669;1726181592579218417
99;0;9;200;10;10;10;2010003;1726181592589202177
0;1;0;200;10;10;10;631617;1726181591599138973
1;1;0;200;10;10;10;485616;1726181591609140975
2;1;0;200;10;10;10;391017;1726181591619147767
3;1;0;200;10;10;10;227160;1726181591629087206
4;1;0;200;10;10;10;183867;1726181591639111599
5;1;0;200;10;10;10;181652;1726181591649099284
6;1;0;200;10;10;10;174060;1726181591659034335
7;1;0;200;10;10;10;183233;1726181591669100589
8;1;0;200;10;10;10;183011;1726181591679103716
9;1;0;200;10;10;10;178128;1726181591689101191
10;1;0;200;10;10;10;182498;1726181591699103802
11;1;0;200;10;10;10;178319;1726181591709100944
12;1;0;200;10;10;10;187130;1726181591719099757
13;1;0;200;10;10;10;195831;1726181591729043991
14;1;0;200;10;10;10;186545;1726181591739102194
15;1;0;200;10;10;10;181490;1726181591749102970
16;1;0;200;10;10;10;221481;1726181591759102100
17;1;0;200;10;10;10;178355;1726181591769101848
18;1;0;200;10;10;10;173063;1726181591779100909
19;1;0;200;10;10;10;180307;1726181591789106467
20;1;0;200;10;10;10;178526;1726181591799039848
21;1;0;200;10;10;10;175358;1726181591809106935
22;1;0;200;10;10;10;187628;1726181591819102841
23;1;0;200;10;10;10;173291;1726181591829106798
24;1;0;200;10;10;10;180951;1726181591839098642
25;1;0;200;10;10;10;173664;1726181591849100811
26;1;0;200;10;10;10;268405;1726181591859105443
27;1;0;200;10;10;10;178699;1726181591869103707
28;1;0;200;10;10;10;182102;1726181591879105866
29;1;0;200;10;10;10;178260;1726181591889102569
30;1;0;200;10;10;10;182572;1726181591899099556
31;1;0;200;10;10;10;184497;1726181591909105698
32;1;0;200;10;10;10;192351;1726181591919103613
33;1;0;200;10;10;10;175959;1726181591929102952
34;1;0;200;10;10;10;175801;1726181591939104805
35;1;0;200;10;10;10;187817;1726181591949110321
36;1;0;200;10;10;10;272166;1726181591959111322
37;1;0;200;10;10;10;183228;1726181591969109407
38;1;0;200;10;10;10;182368;1726181591979111991
39;1;0;200;10;10;10;183776;1726181591989111481
40;1;0;200;10;10;10;185829;1726181591999111079
41;1;0;200;10;10;10;185596;1726181592009111285
42;1;0;200;10;10;10;184315;1726181592019112519
43;1;0;200;10;10;10;208805;1726181592029110509
44;1;0;200;10;10;10;184086;1726181592039112893
45;1;0;200;10;10;10;184432;1726181592049109897
46;1;0;200;10;10;10;233278;1726181592059110730
47;1;0;200;10;10;10;187253;1726181592069109766
48;1;0;200;10;10;10;183530;1726181592079112359
49;1;0;200;10;10;10;180821;1726181592089110355
50;1;0;200;10;10;10;186602;1726181592099110057
51;1;0;200;10;10;10;186626;1726181592109111294
52;1;0;200;10;10;10;184079;1726181592119110825
53;1;0;200;10;10;10;186423;1726181592129109647
54;1;0;200;10;10;10;189348;1726181592139111820
55;1;0;200;10;10;10;185959;1726181592149110070
56;1;0;200;10;10;10;293319;1726181592159112319
57;1;0;200;10;10;10;183090;1726181592169110288
58;1;0;200;10;10;10;188453;1726181592179110282
59;1;0;200;10;10;10;183189;1726181592189111125
60;1;0;200;10;10;10;185540;1726181592199115812
61;1;0;200;10;10;10;183930;1726181592209110101
62;1;0;200;10;10;10;184674;1726181592219111227
63;1;0;200;10;10;10;182741;1726181592229110668
64;1;0;200;10;10;10;196308;1726181592239111910
65;1;0;200;10;10;10;187176;1726181592249110571
66;1;0;200;10;10;10;267833;1726181592259111992
67;1;0;200;10;10;10;187341;1726181592269110925
68;1;0;200;10;10;10;184341;1726181592279111580
69;1;0;200;10;10;10;187109;1726181592289110482
70;1;0;200;10;10;10;188614;1726181592299111646
71;1;0;200;10;10;10;184924;1726181592309111497
72;1;0;200;10;10;10;215728;1726181592319114331
73;1;0;200;10;10;10;185438;1726181592329110121
74;1;0;200;10;10;10;184984;1726181592339111833
75;1;0;200;10;10;10;182918;1726181592349108648
76;1;0;200;10;10;10;278800;1726181592359111208
77;1;0;200;10;10;10;182615;1726181592369109728
78;1;0;200;10;10;10;194681;1726181592379111388
79;1;0;200;10;10;10;184012;1726181592389111561
80;1;0;200;10;10;10;184791;1726181592399111974
81;1;0;200;10;10;10;186889;1726181592409109959
82;1;0;200;10;10;10;187904;1726181592419111748
83;1;0;200;10;10;10;183024;1726181592429111165
84;1;0;200;10;10;10;195427;1726181592439111048
85;1;0;200;10;10;10;176506;1726181592449106695
86;1;0;200;10;10;10;211458;1726181592459103813
87;1;0;200;10;10;10;174942;1726181592469107044
88;1;0;200;10;10;10;181770;1726181592479103706
89;1;0;200;10;10;10;184156;1726181592489102978
90;1;0;200;10;10;10;175506;1726181592499100915
91;1;0;200;10;10;10;175313;1726181592509103624
92;1;0;200;10;10;10;180336;1726181592519104535
93;1;0;200;10;10;10;172385;1726181592529103066
94;1;0;200;10;10;10;179137;1726181592539104790
95;1;0;200;10;10;10;189459;1726181592549110197
96;1;0;200;10;10;10;219196;1726181592559111718
97;1;0;200;10;10;10;183736;1726181592569110377
98;1;0;200;10;10;10;189256;1726181592579111335
99;1;0;200;10;10;10;212663;1726181592589110225
0;1;1;200;10;10;10;712627;1726181591599249779
1;1;1;200;10;10;10;603516;1726181591609214904
2;1;1;200;10;10;10;581802;1726181591619223344
3;1;1;200;10;10;10;380596;1726181591629130194
4;1;1;200;10;10;10;348148;1726181591639150938
5;1;1;200;10;10;10;359906;1726181591649122758
6;1;1;200;10;10;10;352603;1726181591659060433
7;1;1;200;10;10;10;360284;1726181591669124682
8;1;1;200;10;10;10;360094;1726181591679127684
9;1;1;200;10;10;10;356283;1726181591689124278
10;1;1;200;10;10;10;358060;1726181591699127635
11;1;1;200;10;10;10;355354;1726181591709123878
12;1;1;200;10;10;10;363210;1726181591719123899
13;1;1;200;10;10;10;369985;1726181591729073828
14;1;1;200;10;10;10;361647;1726181591739129410
15;1;1;200;10;10;10;354287;1726181591749126615
16;1;1;200;10;10;10;399246;1726181591759127219
17;1;1;200;10;10;10;351614;1726181591769124564
18;1;1;200;10;10;10;346365;1726181591779124153
19;1;1;200;10;10;10;354818;1726181591789129202
20;1;1;200;10;10;10;362282;1726181591799065232
21;1;1;200;10;10;10;349404;1726181591809129254
22;1;1;200;10;10;10;357736;1726181591819126378
23;1;1;200;10;10;10;347741;1726181591829129593
24;1;1;200;10;10;10;353614;1726181591839121992
25;1;1;200;10;10;10;348030;1726181591849123476
26;1;1;200;10;10;10;441479;1726181591859129454
27;1;1;200;10;10;10;354212;1726181591869126350
28;1;1;200;10;10;10;355251;1726181591879128901
29;1;1;200;10;10;10;351311;1726181591889125311
30;1;1;200;10;10;10;355918;1726181591899122790
31;1;1;200;10;10;10;357190;1726181591909127901
32;1;1;200;10;10;10;365497;1726181591919126700
33;1;1;200;10;10;10;349416;1726181591929125330
34;1;1;200;10;10;10;348471;1726181591939128178
35;1;1;200;10;10;10;354564;1726181591949146972
36;1;1;200;10;10;10;432764;1726181591959149695
37;1;1;200;10;10;10;349077;1726181591969146185
38;1;1;200;10;10;10;347730;1726181591979149427
39;1;1;200;10;10;10;351765;1726181591989148170
40;1;1;200;10;10;10;354076;1726181591999148568
41;1;1;200;10;10;10;353658;1726181592009147174
42;1;1;200;10;10;10;341636;1726181592019150709
43;1;1;200;10;10;10;362784;1726181592029147052
44;1;1;200;10;10;10;349652;1726181592039150672
45;1;1;200;10;10;10;353338;1726181592049146213
46;1;1;200;10;10;10;412559;1726181592059148799
47;1;1;200;10;10;10;353230;1726181592069147047
48;1;1;200;10;10;10;350083;1726181592079149710
49;1;1;200;10;10;10;348810;1726181592089146904
50;1;1;200;10;10;10;353178;1726181592099147389
51;1;1;200;10;10;10;352944;1726181592109148112
52;1;1;200;10;10;10;350707;1726181592119148172
53;1;1;200;10;10;10;354456;1726181592129146385
54;1;1;200;10;10;10;355459;1726181592139148962
55;1;1;200;10;10;10;353570;1726181592149146723
56;1;1;200;10;10;10;459828;1726181592159149919
57;1;1;200;10;10;10;350649;1726181592169147041
58;1;1;200;10;10;10;355617;1726181592179147697
59;1;1;200;10;10;10;350777;1726181592189147291
60;1;1;200;10;10;10;353390;1726181592199152966
61;1;1;200;10;10;10;352379;1726181592209146101
62;1;1;200;10;10;10;352386;1726181592219148257
63;1;1;200;10;10;10;349072;1726181592229146919
64;1;1;200;10;10;10;363829;1726181592239149138
65;1;1;200;10;10;10;353758;1726181592249147221
66;1;1;200;10;10;10;441729;1726181592259150055
67;1;1;200;10;10;10;353941;1726181592269147561
68;1;1;200;10;10;10;352633;1726181592279148498
69;1;1;200;10;10;10;347332;1726181592289146895
70;1;1;200;10;10;10;355989;1726181592299149171
71;1;1;200;10;10;10;351421;1726181592309147987
72;1;1;200;10;10;10;369254;1726181592319151984
73;1;1;200;10;10;10;351685;1726181592329146628
74;1;1;200;10;10;10;353546;1726181592339149304
75;1;1;200;10;10;10;349277;1726181592349145335
76;1;1;200;10;10;10;445695;1726181592359149136
77;1;1;200;10;10;10;351068;1726181592369146236
78;1;1;200;10;10;10;360521;1726181592379148864
79;1;1;200;10;10;10;350021;1726181592389148069
80;1;1;200;10;10;10;352648;1726181592399149441
81;1;1;200;10;10;10;353205;1726181592409146963
82;1;1;200;10;10;10;353602;1726181592419149410
83;1;1;200;10;10;10;349377;1726181592429147941
84;1;1;200;10;10;10;362270;1726181592439148377
85;1;1;200;10;10;10;350625;1726181592449128970
86;1;1;200;10;10;10;389131;1726181592459127625
87;1;1;200;10;10;10;350029;1726181592469129414
88;1;1;200;10;10;10;354447;1726181592479126874
89;1;1;200;10;10;10;357569;1726181592489125194
90;1;1;200;10;10;10;348503;1726181592499123537
91;1;1;200;10;10;10;349489;1726181592509126123
92;1;1;200;10;10;10;352595;1726181592519127876
93;1;1;200;10;10;10;347637;1726181592529125335
94;1;1;200;10;10;10;351771;1726181592539127726
95;1;1;200;10;10;10;359034;1726181592549147273
96;1;1;200;10;10;10;406820;1726181592559149695
97;1;1;200;10;10;10;354035;1726181592569147132
98;1;1;200;10;10;10;358694;1726181592579149071
99;1;1;200;10;10;10;416405;1726181592589146601
0;1;2;200;10;10;10;890273;1726181591599259481
1;1;2;200;10;10;10;767383;1726181591609238487
2;1;2;200;10;10;10;745933;1726181591619248052
3;1;2;200;10;10;10;559368;1726181591629138026
4;1;2;200;10;10;10;525998;1726181591639157284
5;1;2;200;10;10;10;546945;1726181591649128294
6;1;2;200;10;10;10;533563;1726181591659070289
7;1;2;200;10;10;10;547697;1726181591669130127
8;1;2;200;10;10;10;548795;1726181591679133368
9;1;2;200;10;10;10;544695;1726181591689129598
10;1;2;200;10;10;10;544917;1726181591699133360
11;1;2;200;10;10;10;541558;1726181591709129134
12;1;2;200;10;10;10;548827;1726181591719129587
13;1;2;200;10;10;10;560568;1726181591729079851
14;1;2;200;10;10;10;549028;1726181591739135576
15;1;2;200;10;10;10;538423;1726181591749132278
16;1;2;200;10;10;10;615514;1726181591759133075
17;1;2;200;10;10;10;533857;1726181591769129889
18;1;2;200;10;10;10;531158;1726181591779129632
19;1;2;200;10;10;10;537492;1726181591789134611
20;1;2;200;10;10;10;544051;1726181591799070768
21;1;2;200;10;10;10;531809;1726181591809134610
22;1;2;200;10;10;10;538912;1726181591819131867
23;1;2;200;10;10;10;530777;1726181591829134914
24;1;2;200;10;10;10;535426;1726181591839127307
25;1;2;200;10;10;10;531166;1726181591849128664
26;1;2;200;10;10;10;646008;1726181591859135207
27;1;2;200;10;10;10;535604;1726181591869131483
28;1;2;200;10;10;10;538580;1726181591879134296
29;1;2;200;10;10;10;534636;1726181591889130552
30;1;2;200;10;10;10;538342;1726181591899128264
31;1;2;200;10;10;10;539212;1726181591909133159
32;1;2;200;10;10;10;549392;1726181591919132264
33;1;2;200;10;10;10;532462;1726181591929130475
34;1;2;200;10;10;10;531991;1726181591939133542
35;1;2;200;10;10;10;533024;1726181591949152431
36;1;2;200;10;10;10;620446;1726181591959155420
37;1;2;200;10;10;10;513957;1726181591969163649
38;1;2;200;10;10;10;523665;1726181591979155208
39;1;2;200;10;10;10;527697;1726181591989156509
40;1;2;200;10;10;10;513251;1726181591999174729
41;1;2;200;10;10;10;529364;1726181592009154454
42;1;2;200;10;10;10;523439;1726181592019156448
43;1;2;200;10;10;10;540643;1726181592029152513
44;1;2;200;10;10;10;529431;1726181592039156287
45;1;2;200;10;10;10;529450;1726181592049153851
46;1;2;200;10;10;10;635688;1726181592059154609
47;1;2;200;10;10;10;532348;1726181592069152242
48;1;2;200;10;10;10;526084;1726181592079157255
49;1;2;200;10;10;10;526172;1726181592089154039
50;1;2;200;10;10;10;530499;1726181592099153030
51;1;2;200;10;10;10;533402;1726181592109153745
52;1;2;200;10;10;10;529636;1726181592119153822
53;1;2;200;10;10;10;529626;1726181592129153576
54;1;2;200;10;10;10;531891;1726181592139154704
55;1;2;200;10;10;10;532688;1726181592149152122
56;1;2;200;10;10;10;660419;1726181592159155843
57;1;2;200;10;10;10;523427;1726181592169156708
58;1;2;200;10;10;10;518116;1726181592179168254
59;1;2;200;10;10;10;510769;1726181592189170643
60;1;2;200;10;10;10;517839;1726181592199173645
61;1;2;200;10;10;10;518663;1726181592209164028
62;1;2;200;10;10;10;528229;1726181592219156017
63;1;2;200;10;10;10;525595;1726181592229154524
64;1;2;200;10;10;10;541964;1726181592239154660
65;1;2;200;10;10;10;520913;1726181592249164403
66;1;2;200;10;10;10;659878;1726181592259158664
67;1;2;200;10;10;10;532612;1726181592269152699
68;1;2;200;10;10;10;516650;1726181592279168396
69;1;2;200;10;10;10;529287;1726181592289152401
70;1;2;200;10;10;10;534517;1726181592299154747
71;1;2;200;10;10;10;529584;1726181592309153472
72;1;2;200;10;10;10;575010;1726181592319157557
73;1;2;200;10;10;10;528425;1726181592329153812
74;1;2;200;10;10;10;531469;1726181592339154747
75;1;2;200;10;10;10;525796;1726181592349152391
76;1;2;200;10;10;10;710621;1726181592359156419
77;1;2;200;10;10;10;528983;1726181592369151456
78;1;2;200;10;10;10;538397;1726181592379154672
79;1;2;200;10;10;10;528192;1726181592389153404
80;1;2;200;10;10;10;527892;1726181592399158644
81;1;2;200;10;10;10;531273;1726181592409152508
82;1;2;200;10;10;10;530219;1726181592419155180
83;1;2;200;10;10;10;527385;1726181592429153431
84;1;2;200;10;10;10;525743;1726181592439167628
85;1;2;200;10;10;10;533394;1726181592449134286
86;1;2;200;10;10;10;587373;1726181592459133168
87;1;2;200;10;10;10;533360;1726181592469134684
88;1;2;200;10;10;10;536883;1726181592479132317
89;1;2;200;10;10;10;538996;1726181592489130408
90;1;2;200;10;10;10;530163;1726181592499129068
91;1;2;200;10;10;10;533211;1726181592509131455
92;1;2;200;10;10;10;535156;1726181592519133300
93;1;2;200;10;10;10;530674;1726181592529130497
94;1;2;200;10;10;10;534785;1726181592539133377
95;1;2;200;10;10;10;524197;1726181592549168476
96;1;2;200;10;10;10;630220;1726181592559155259
97;1;2;200;10;10;10;535006;1726181592569152299
98;1;2;200;10;10;10;538535;1726181592579154646
99;1;2;200;10;10;10;634731;1726181592589153589
0;1;3;200;10;10;10;1070319;1726181591599266442
1;1;3;200;10;10;10;943186;1726181591609249279
2;1;3;200;10;10;10;919261;1726181591619263201
3;1;3;200;10;10;10;734470;1726181591629150314
4;1;3;200;10;10;10;764403;1726181591639168672
5;1;3;200;10;10;10;734101;1726181591649132262
6;1;3;200;10;10;10;737359;1726181591659077113
7;1;3;200;10;10;10;735667;1726181591669133945
8;1;3;200;10;10;10;761332;1726181591679137353
9;1;3;200;10;10;10;732036;1726181591689133507
10;1;3;200;10;10;10;753560;1726181591699137163
11;1;3;200;10;10;10;729415;1726181591709132861
12;1;3;200;10;10;10;756215;1726181591719133486
13;1;3;200;10;10;10;751106;1726181591729084508
14;1;3;200;10;10;10;773705;1726181591739139692
15;1;3;200;10;10;10;724109;1726181591749136062
16;1;3;200;10;10;10;821613;1726181591759137325
17;1;3;200;10;10;10;716501;1726181591769133578
18;1;3;200;10;10;10;752447;1726181591779133390
19;1;3;200;10;10;10;720696;1726181591789138391
20;1;3;200;10;10;10;735286;1726181591799074726
21;1;3;200;10;10;10;714964;1726181591809138534
22;1;3;200;10;10;10;737025;1726181591819135782
23;1;3;200;10;10;10;713561;1726181591829138766
24;1;3;200;10;10;10;738130;1726181591839131149
25;1;3;200;10;10;10;712300;1726181591849132585
26;1;3;200;10;10;10;840499;1726181591859139195
27;1;3;200;10;10;10;718049;1726181591869135247
28;1;3;200;10;10;10;745418;1726181591879137993
29;1;3;200;10;10;10;719078;1726181591889134306
30;1;3;200;10;10;10;740690;1726181591899131954
31;1;3;200;10;10;10;721311;1726181591909136807
32;1;3;200;10;10;10;750663;1726181591919136233
33;1;3;200;10;10;10;716281;1726181591929134306
34;1;3;200;10;10;10;735177;1726181591939137269
35;1;3;200;10;10;10;699862;1726181591949168808
36;1;3;200;10;10;10;798057;1726181591959164357
37;1;3;200;10;10;10;692014;1726181591969168393
38;1;3;200;10;10;10;747330;1726181591979162739
39;1;3;200;10;10;10;703120;1726181591989162699
40;1;3;200;10;10;10;739366;1726181591999179902
41;1;3;200;10;10;10;703225;1726181592009164437
42;1;3;200;10;10;10;720586;1726181592019164840
43;1;3;200;10;10;10;713917;1726181592029162729
44;1;3;200;10;10;10;721839;1726181592039165948
45;1;3;200;10;10;10;700296;1726181592049164945
46;1;3;200;10;10;10;805017;1726181592059168306
47;1;3;200;10;10;10;695645;1726181592069171888
48;1;3;200;10;10;10;708862;1726181592079166136
49;1;3;200;10;10;10;700644;1726181592089161460
50;1;3;200;10;10;10;753340;1726181592099161598
51;1;3;200;10;10;10;705100;1726181592109166073
52;1;3;200;10;10;10;717094;1726181592119167667
53;1;3;200;10;10;10;704584;1726181592129159344
54;1;3;200;10;10;10;720528;1726181592139165065
55;1;3;200;10;10;10;695042;1726181592149172100
56;1;3;200;10;10;10;835002;1726181592159166837
57;1;3;200;10;10;10;694456;1726181592169168237
58;1;3;200;10;10;10;708756;1726181592179175961
59;1;3;200;10;10;10;680046;1726181592189183783
60;1;3;200;10;10;10;713370;1726181592199179566
61;1;3;200;10;10;10;696895;1726181592209168942
62;1;3;200;10;10;10;720136;1726181592219164490
63;1;3;200;10;10;10;700199;1726181592229163822
64;1;3;200;10;10;10;755374;1726181592239168333
65;1;3;200;10;10;10;698474;1726181592249169312
66;1;3;200;10;10;10;834050;1726181592259167151
67;1;3;200;10;10;10;705095;1726181592269163389
68;1;3;200;10;10;10;713598;1726181592279173455
69;1;3;200;10;10;10;699033;1726181592289170449
70;1;3;200;10;10;10;722447;1726181592299168904
71;1;3;200;10;10;10;699260;1726181592309165177
72;1;3;200;10;10;10;768227;1726181592319164118
73;1;3;200;10;10;10;697586;1726181592329166552
74;1;3;200;10;10;10;750831;1726181592339165731
75;1;3;200;10;10;10;699358;1726181592349160143
76;1;3;200;10;10;10;885566;1726181592359164861
77;1;3;200;10;10;10;706920;1726181592369157143
78;1;3;200;10;10;10;726013;1726181592379167340
79;1;3;200;10;10;10;696301;1726181592389167016
80;1;3;200;10;10;10;748062;1726181592399167431
81;1;3;200;10;10;10;700870;1726181592409162974
82;1;3;200;10;10;10;717456;1726181592419168857
83;1;3;200;10;10;10;706247;1726181592429159198
84;1;3;200;10;10;10;750396;1726181592439172757
85;1;3;200;10;10;10;715949;1726181592449138083
86;1;3;200;10;10;10;773841;1726181592459137174
87;1;3;200;10;10;10;717316;1726181592469138348
88;1;3;200;10;10;10;737201;1726181592479136118
89;1;3;200;10;10;10;721458;1726181592489134111
90;1;3;200;10;10;10;732476;1726181592499132895
91;1;3;200;10;10;10;716089;1726181592509135319
92;1;3;200;10;10;10;736663;1726181592519137041
93;1;3;200;10;10;10;715049;1726181592529134076
94;1;3;200;10;10;10;727551;1726181592539137343
95;1;3;200;10;10;10;703401;1726181592549174687
96;1;3;200;10;10;10;805518;1726181592559164195
97;1;3;200;10;10;10;711818;1726181592569159702
98;1;3;200;10;10;10;720242;1726181592579177468
99;1;3;200;10;10;10;872385;1726181592589166909
0;1;4;200;10;10;10;1251625;1726181591599274187
1;1;4;200;10;10;10;1116027;1726181591609264261
2;1;4;200;10;10;10;1091312;1726181591619280341
3;1;4;200;10;10;10;912803;1726181591629157321
4;1;4;200;10;10;10;941985;1726181591639173354
5;1;4;200;10;10;10;920461;1726181591649136160
6;1;4;200;10;10;10;919404;1726181591659083731
7;1;4;200;10;10;10;923160;1726181591669137575
8;1;4;200;10;10;10;948993;1726181591679141028
9;1;4;200;10;10;10;918805;1726181591689137164
10;1;4;200;10;10;10;940422;1726181591699140913
11;1;4;200;10;10;10;917699;1726181591709136620
12;1;4;200;10;10;10;942139;1726181591719137232
13;1;4;200;10;10;10;939218;1726181591729088870
14;1;4;200;10;10;10;961926;1726181591739143833
15;1;4;200;10;10;10;908634;1726181591749139885
16;1;4;200;10;10;10;1002202;1726181591759141293
17;1;4;200;10;10;10;899539;1726181591769137139
18;1;4;200;10;10;10;932639;1726181591779137024
19;1;4;200;10;10;10;904088;1726181591789142026
20;1;4;200;10;10;10;919349;1726181591799078516
21;1;4;200;10;10;10;897512;1726181591809142159
22;1;4;200;10;10;10;918751;1726181591819139412
23;1;4;200;10;10;10;896075;1726181591829142401
24;1;4;200;10;10;10;920197;1726181591839134838
25;1;4;200;10;10;10;894238;1726181591849136515
26;1;4;200;10;10;10;1021814;1726181591859142913
27;1;4;200;10;10;10;901284;1726181591869138756
28;1;4;200;10;10;10;928520;1726181591879141702
29;1;4;200;10;10;10;901400;1726181591889137979
30;1;4;200;10;10;10;923813;1726181591899135531
31;1;4;200;10;10;10;903047;1726181591909140467
32;1;4;200;10;10;10;933390;1726181591919139908
33;1;4;200;10;10;10;898494;1726181591929137874
34;1;4;200;10;10;10;917324;1726181591939140932
35;1;4;200;10;10;10;877045;1726181591949173427
36;1;4;200;10;10;10;980769;1726181591959168615
37;1;4;200;10;10;10;869208;1726181591969172110
38;1;4;200;10;10;10;918748;1726181591979170845
39;1;4;200;10;10;10;873427;1726181591989173835
40;1;4;200;10;10;10;917927;1726181591999183720
41;1;4;200;10;10;10;876578;1726181592009172929
42;1;4;200;10;10;10;901026;1726181592019171984
43;1;4;200;10;10;10;892342;1726181592029167196
44;1;4;200;10;10;10;895952;1726181592039173952
45;1;4;200;10;10;10;877588;1726181592049169208
46;1;4;200;10;10;10;983224;1726181592059172825
47;1;4;200;10;10;10;873050;1726181592069176370
48;1;4;200;10;10;10;882208;1726181592079175179
49;1;4;200;10;10;10;875125;1726181592089169023
50;1;4;200;10;10;10;931477;1726181592099165755
51;1;4;200;10;10;10;882475;1726181592109170605
52;1;4;200;10;10;10;893558;1726181592119172316
53;1;4;200;10;10;10;878720;1726181592129167414
54;1;4;200;10;10;10;895828;1726181592139169481
55;1;4;200;10;10;10;873357;1726181592149176657
56;1;4;200;10;10;10;1015666;1726181592159171254
57;1;4;200;10;10;10;872108;1726181592169172432
58;1;4;200;10;10;10;878004;1726181592179186812
59;1;4;200;10;10;10;858312;1726181592189188270
60;1;4;200;10;10;10;891711;1726181592199183566
61;1;4;200;10;10;10;876011;1726181592209172804
62;1;4;200;10;10;10;893779;1726181592219173501
63;1;4;200;10;10;10;878044;1726181592229167958
64;1;4;200;10;10;10;931892;1726181592239172702
65;1;4;200;10;10;10;876644;1726181592249173324
66;1;4;200;10;10;10;1009840;1726181592259171343
67;1;4;200;10;10;10;883366;1726181592269167329
68;1;4;200;10;10;10;892133;1726181592279177405
69;1;4;200;10;10;10;881695;1726181592289174980
70;1;4;200;10;10;10;899351;1726181592299173292
71;1;4;200;10;10;10;875843;1726181592309169349
72;1;4;200;10;10;10;941855;1726181592319171819
73;1;4;200;10;10;10;874085;1726181592329170814
74;1;4;200;10;10;10;929069;1726181592339170057
75;1;4;200;10;10;10;872335;1726181592349168320
76;1;4;200;10;10;10;1055079;1726181592359177277
77;1;4;200;10;10;10;886177;1726181592369160980
78;1;4;200;10;10;10;903957;1726181592379171886
79;1;4;200;10;10;10;873032;1726181592389171429
80;1;4;200;10;10;10;925600;1726181592399171600
81;1;4;200;10;10;10;877080;1726181592409167125
82;1;4;200;10;10;10;896057;1726181592419173468
83;1;4;200;10;10;10;882275;1726181592429166794
84;1;4;200;10;10;10;928337;1726181592439176676
85;1;4;200;10;10;10;898417;1726181592449141700
86;1;4;200;10;10;10;956317;1726181592459140882
87;1;4;200;10;10;10;899663;1726181592469141992
88;1;4;200;10;10;10;920139;1726181592479139758
89;1;4;200;10;10;10;903125;1726181592489137722
90;1;4;200;10;10;10;914948;1726181592499136541
91;1;4;200;10;10;10;899897;1726181592509138886
92;1;4;200;10;10;10;918606;1726181592519140645
93;1;4;200;10;10;10;898789;1726181592529137597
94;1;4;200;10;10;10;911020;1726181592539141149
95;1;4;200;10;10;10;878384;1726181592549182893
96;1;4;200;10;10;10;982564;1726181592559172446
97;1;4;200;10;10;10;888353;1726181592569167204
98;1;4;200;10;10;10;899260;1726181592579182737
99;1;4;200;10;10;10;1061277;1726181592589171016
0;1;5;200;10;10;10;1429684;1726181591599284723
1;1;5;200;10;10;10;1294431;1726181591609273209
2;1;5;200;10;10;10;1259658;1726181591619299562
3;1;5;200;10;10;10;1089826;1726181591629167482
4;1;5;200;10;10;10;1117922;1726181591639180249
5;1;5;200;10;10;10;1105478;1726181591649139971
6;1;5;200;10;10;10;1106467;1726181591659088007
7;1;5;200;10;10;10;1109853;1726181591669141180
8;1;5;200;10;10;10;1136903;1726181591679144717
9;1;5;200;10;10;10;1105690;1726181591689141135
10;1;5;200;10;10;10;1126962;1726181591699144614
11;1;5;200;10;10;10;1104282;1726181591709140504
12;1;5;200;10;10;10;1128530;1726181591719141243
13;1;5;200;10;10;10;1122191;1726181591729097818
14;1;5;200;10;10;10;1148790;1726181591739148385
15;1;5;200;10;10;10;1092618;1726181591749143655
16;1;5;200;10;10;10;1183477;1726181591759145563
17;1;5;200;10;10;10;1082015;1726181591769140583
18;1;5;200;10;10;10;1112967;1726181591779140820
19;1;5;200;10;10;10;1087767;1726181591789145633
20;1;5;200;10;10;10;1102613;1726181591799082508
21;1;5;200;10;10;10;1078252;1726181591809145795
22;1;5;200;10;10;10;1100886;1726181591819143040
23;1;5;200;10;10;10;1078721;1726181591829145927
24;1;5;200;10;10;10;1102078;1726181591839138393
25;1;5;200;10;10;10;1075503;1726181591849140547
26;1;5;200;10;10;10;1203991;1726181591859146916
27;1;5;200;10;10;10;1084651;1726181591869142289
28;1;5;200;10;10;10;1113709;1726181591879145198
29;1;5;200;10;10;10;1082517;1726181591889141518
30;1;5;200;10;10;10;1105189;1726181591899139096
31;1;5;200;10;10;10;1086194;1726181591909144052
32;1;5;200;10;10;10;1114938;1726181591919143887
33;1;5;200;10;10;10;1080818;1726181591929141397
34;1;5;200;10;10;10;1098818;1726181591939144880
35;1;5;200;10;10;10;1050226;1726181591949181763
36;1;5;200;10;10;10;1160927;1726181591959175503
37;1;5;200;10;10;10;1035256;1726181591969184958
38;1;5;200;10;10;10;1093064;1726181591979177323
39;1;5;200;10;10;10;1049895;1726181591989178005
40;1;5;200;10;10;10;1096191;1726181591999187687
41;1;5;200;10;10;10;1046711;1726181592009184176
42;1;5;200;10;10;10;1080635;1726181592019178902
43;1;5;200;10;10;10;1069741;1726181592029171001
44;1;5;200;10;10;10;1067347;1726181592039184509
45;1;5;200;10;10;10;1055275;1726181592049174013
46;1;5;200;10;10;10;1160060;1726181592059176877
47;1;5;200;10;10;10;1051310;1726181592069180088
48;1;5;200;10;10;10;1058312;1726181592079182414
49;1;5;200;10;10;10;1049425;1726181592089176504
50;1;5;200;10;10;10;1107793;1726181592099170786
51;1;5;200;10;10;10;1050332;1726181592109183681
52;1;5;200;10;10;10;1065435;1726181592119181669
53;1;5;200;10;10;10;1042303;1726181592129185012
54;1;5;200;10;10;10;1065484;1726181592139178836
55;1;5;200;10;10;10;1051930;1726181592149180568
56;1;5;200;10;10;10;1190929;1726181592159180521
57;1;5;200;10;10;10;1050460;1726181592169175949
58;1;5;200;10;10;10;1053690;1726181592179190967
59;1;5;200;10;10;10;1034357;1726181592189195986
60;1;5;200;10;10;10;1060745;1726181592199196392
61;1;5;200;10;10;10;1043335;1726181592209187690
62;1;5;200;10;10;10;1069087;1726181592219180284
63;1;5;200;10;10;10;1053482;1726181592229174862
64;1;5;200;10;10;10;1110004;1726181592239176484
65;1;5;200;10;10;10;1053752;1726181592249177217
66;1;5;200;10;10;10;1183837;1726181592259178635
67;1;5;200;10;10;10;1060809;1726181592269170761
68;1;5;200;10;10;10;1068875;1726181592279183318
69;1;5;200;10;10;10;1063022;1726181592289179013
70;1;5;200;10;10;10;1076325;1726181592299177083
71;1;5;200;10;10;10;1050782;1726181592309174554
72;1;5;200;10;10;10;1111804;1726181592319182427
73;1;5;200;10;10;10;1049581;1726181592329175871
74;1;5;200;10;10;10;1107870;1726181592339174027
75;1;5;200;10;10;10;1048347;1726181592349174045
76;1;5;200;10;10;10;1232428;1726181592359181852
77;1;5;200;10;10;10;1061533;1726181592369168612
78;1;5;200;10;10;10;1080984;1726181592379177471
79;1;5;200;10;10;10;1049527;1726181592389175196
80;1;5;200;10;10;10;1099814;1726181592399178277
81;1;5;200;10;10;10;1052747;1726181592409171640
82;1;5;200;10;10;10;1058511;1726181592419192719
83;1;5;200;10;10;10;1048905;1726181592429183872
84;1;5;200;10;10;10;1103534;1726181592439182507
85;1;5;200;10;10;10;1080459;1726181592449145314
86;1;5;200;10;10;10;1140091;1726181592459144814
87;1;5;200;10;10;10;1083435;1726181592469145663
88;1;5;200;10;10;10;1101987;1726181592479143699
89;1;5;200;10;10;10;1084986;1726181592489141263
90;1;5;200;10;10;10;1097534;1726181592499140205
91;1;5;200;10;10;10;1082328;1726181592509142708
92;1;5;200;10;10;10;1099585;1726181592519144522
93;1;5;200;10;10;10;1081388;1726181592529141128
94;1;5;200;10;10;10;1094111;1726181592539145059
95;1;5;200;10;10;10;1056689;1726181592549187180
96;1;5;200;10;10;10;1156909;1726181592559182524
97;1;5;200;10;10;10;1054451;1726181592569184547
98;1;5;200;10;10;10;1078744;1726181592579186747
99;1;5;200;10;10;10;1260513;1726181592589174720
0;1;6;200;10;10;10;1611745;1726181591599292967
1;1;6;200;10;10;10;1469574;1726181591609284679
2;1;6;200;10;10;10;1438221;1726181591619309098
3;1;6;200;10;10;10;1264219;1726181591629179173
4;1;6;200;10;10;10;1290370;1726181591639187716
5;1;6;200;10;10;10;1291668;1726181591649144083
6;1;6;200;10;10;10;1289725;1726181591659094202
7;1;6;200;10;10;10;1298083;1726181591669144801
8;1;6;200;10;10;10;1323741;1726181591679148754
9;1;6;200;10;10;10;1292580;1726181591689145089
10;1;6;200;10;10;10;1312589;1726181591699148661
11;1;6;200;10;10;10;1291370;1726181591709144560
12;1;6;200;10;10;10;1314433;1726181591719145371
13;1;6;200;10;10;10;1308611;1726181591729102451
14;1;6;200;10;10;10;1335794;1726181591739153025
15;1;6;200;10;10;10;1275015;1726181591749147689
16;1;6;200;10;10;10;1343619;1726181591759170184
17;1;6;200;10;10;10;1263817;1726181591769144173
18;1;6;200;10;10;10;1294270;1726181591779144784
19;1;6;200;10;10;10;1269713;1726181591789149458
20;1;6;200;10;10;10;1281317;1726181591799090986
21;1;6;200;10;10;10;1259207;1726181591809149782
22;1;6;200;10;10;10;1282321;1726181591819147146
23;1;6;200;10;10;10;1261182;1726181591829149910
24;1;6;200;10;10;10;1283319;1726181591839142354
25;1;6;200;10;10;10;1247828;1726181591849154873
26;1;6;200;10;10;10;1385746;1726181591859151817
27;1;6;200;10;10;10;1266740;1726181591869145897
28;1;6;200;10;10;10;1295154;1726181591879149066
29;1;6;200;10;10;10;1265648;1726181591889145322
30;1;6;200;10;10;10;1286877;1726181591899143077
31;1;6;200;10;10;10;1267616;1726181591909147990
32;1;6;200;10;10;10;1284314;1726181591919160853
33;1;6;200;10;10;10;1259981;1726181591929145284
34;1;6;200;10;10;10;1280355;1726181591939148890
35;1;6;200;10;10;10;1216172;1726181591949198951
36;1;6;200;10;10;10;1340794;1726181591959179812
37;1;6;200;10;10;10;1211862;1726181591969189203
38;1;6;200;10;10;10;1268305;1726181591979184085
39;1;6;200;10;10;10;1227412;1726181591989181919
40;1;6;200;10;10;10;1273711;1726181591999191377
41;1;6;200;10;10;10;1210682;1726181592009201888
42;1;6;200;10;10;10;1259606;1726181592019186145
43;1;6;200;10;10;10;1243780;1726181592029178386
44;1;6;200;10;10;10;1244457;1726181592039188766
45;1;6;200;10;10;10;1229991;1726181592049180763
46;1;6;200;10;10;10;1335657;1726181592059182458
47;1;6;200;10;10;10;1220076;1726181592069192546
48;1;6;200;10;10;10;1230914;1726181592079191625
49;1;6;200;10;10;10;1224774;1726181592089182793
50;1;6;200;10;10;10;1282935;1726181592099178211
51;1;6;200;10;10;10;1227843;1726181592109188412
52;1;6;200;10;10;10;1238682;1726181592119188542
53;1;6;200;10;10;10;1216303;1726181592129192452
54;1;6;200;10;10;10;1240878;1726181592139182840
55;1;6;200;10;10;10;1220466;1726181592149194572
56;1;6;200;10;10;10;1371863;1726181592159184771
57;1;6;200;10;10;10;1222698;1726181592169184949
58;1;6;200;10;10;10;1226230;1726181592179198498
59;1;6;200;10;10;10;1208888;1726181592189202781
60;1;6;200;10;10;10;1222413;1726181592199216366
61;1;6;200;10;10;10;1218327;1726181592209194446
62;1;6;200;10;10;10;1242809;1726181592219188434
63;1;6;200;10;10;10;1226371;1726181592229183603
64;1;6;200;10;10;10;1283908;1726181592239183906
65;1;6;200;10;10;10;1229960;1726181592249182801
66;1;6;200;10;10;10;1357718;1726181592259185465
67;1;6;200;10;10;10;1234081;1726181592269179876
68;1;6;200;10;10;10;1245829;1726181592279188449
69;1;6;200;10;10;10;1235088;1726181592289192290
70;1;6;200;10;10;10;1250663;1726181592299184359
71;1;6;200;10;10;10;1224567;1726181592309181224
72;1;6;200;10;10;10;1289424;1726181592319186878
73;1;6;200;10;10;10;1224619;1726181592329182718
74;1;6;200;10;10;10;1281584;1726181592339182069
75;1;6;200;10;10;10;1222906;1726181592349180142
76;1;6;200;10;10;10;1403540;1726181592359192758
77;1;6;200;10;10;10;1238284;1726181592369175848
78;1;6;200;10;10;10;1255930;1726181592379184724
79;1;6;200;10;10;10;1224592;1726181592389182046
80;1;6;200;10;10;10;1265426;1726181592399195612
81;1;6;200;10;10;10;1227491;1726181592409178517
82;1;6;200;10;10;10;1234937;1726181592419197382
83;1;6;200;10;10;10;1226921;1726181592429188460
84;1;6;200;10;10;10;1280843;1726181592439186588
85;1;6;200;10;10;10;1263670;1726181592449149359
86;1;6;200;10;10;10;1322048;1726181592459148910
87;1;6;200;10;10;10;1254128;1726181592469162716
88;1;6;200;10;10;10;1265754;1726181592479164860
89;1;6;200;10;10;10;1265927;1726181592489145120
90;1;6;200;10;10;10;1279308;1726181592499144135
91;1;6;200;10;10;10;1263984;1726181592509146600
92;1;6;200;10;10;10;1280901;1726181592519148520
93;1;6;200;10;10;10;1264938;1726181592529145217
94;1;6;200;10;10;10;1276497;1726181592539148992
95;1;6;200;10;10;10;1232588;1726181592549193917
96;1;6;200;10;10;10;1335913;1726181592559187718
97;1;6;200;10;10;10;1234432;1726181592569188956
98;1;6;200;10;10;10;1258940;1726181592579190463
99;1;6;200;10;10;10;1487992;1726181592589181362
0;1;7;200;10;10;10;1773174;1726181591599319445
1;1;7;200;10;10;10;1648527;1726181591609293167
2;1;7;200;10;10;10;1616580;1726181591619318455
3;1;7;200;10;10;10;1443344;1726181591629186493
4;1;7;200;10;10;10;1468519;1726181591639192359
5;1;7;200;10;10;10;1476069;1726181591649151167
6;1;7;200;10;10;10;1468343;1726181591659105745
7;1;7;200;10;10;10;1475173;1726181591669159209
8;1;7;200;10;10;10;1495832;1726181591679168353
9;1;7;200;10;10;10;1465244;1726181591689164345
10;1;7;200;10;10;10;1499005;1726181591699152675
11;1;7;200;10;10;10;1479736;1726181591709148628
12;1;7;200;10;10;10;1489213;1726181591719159673
13;1;7;200;10;10;10;1496404;1726181591729107188
14;1;7;200;10;10;10;1512496;1726181591739167580
15;1;7;200;10;10;10;1457333;1726181591749151832
16;1;7;200;10;10;10;1523328;1726181591759176480
17;1;7;200;10;10;10;1446130;1726181591769147789
18;1;7;200;10;10;10;1473707;1726181591779150292
19;1;7;200;10;10;10;1451736;1726181591789154194
20;1;7;200;10;10;10;1446097;1726181591799112917
21;1;7;200;10;10;10;1427312;1726181591809168494
22;1;7;200;10;10;10;1442571;1726181591819171485
23;1;7;200;10;10;10;1443692;1726181591829153885
24;1;7;200;10;10;10;1464131;1726181591839146370
25;1;7;200;10;10;10;1425666;1726181591849164120
26;1;7;200;10;10;10;1557180;1726181591859166953
27;1;7;200;10;10;10;1432274;1726181591869167811
28;1;7;200;10;10;10;1462853;1726181591879166271
29;1;7;200;10;10;10;1444156;1726181591889152798
30;1;7;200;10;10;10;1451704;1726181591899163879
31;1;7;200;10;10;10;1435811;1726181591909165143
32;1;7;200;10;10;10;1457231;1726181591919172715
33;1;7;200;10;10;10;1424495;1726181591929166138
34;1;7;200;10;10;10;1447388;1726181591939168433
35;1;7;200;10;10;10;1392843;1726181591949204007
36;1;7;200;10;10;10;1518950;1726181591959186524
37;1;7;200;10;10;10;1390593;1726181591969192817
38;1;7;200;10;10;10;1439506;1726181591979194062
39;1;7;200;10;10;10;1401490;1726181591989189335
40;1;7;200;10;10;10;1443232;1726181591999202700
41;1;7;200;10;10;10;1388415;1726181592009207049
42;1;7;200;10;10;10;1436357;1726181592019196401
43;1;7;200;10;10;10;1420910;1726181592029182337
44;1;7;200;10;10;10;1418227;1726181592039195862
45;1;7;200;10;10;10;1402327;1726181592049189495
46;1;7;200;10;10;10;1510355;1726181592059189191
47;1;7;200;10;10;10;1394273;1726181592069201222
48;1;7;200;10;10;10;1407689;1726181592079195764
49;1;7;200;10;10;10;1395519;1726181592089193381
50;1;7;200;10;10;10;1457207;1726181592099186106
51;1;7;200;10;10;10;1405835;1726181592109192366
52;1;7;200;10;10;10;1411763;1726181592119197389
53;1;7;200;10;10;10;1393453;1726181592129196732
54;1;7;200;10;10;10;1410455;1726181592139192696
55;1;7;200;10;10;10;1392678;1726181592149204047
56;1;7;200;10;10;10;1545519;1726181592159196581
57;1;7;200;10;10;10;1400663;1726181592169188788
58;1;7;200;10;10;10;1400444;1726181592179205344
59;1;7;200;10;10;10;1385999;1726181592189208044
60;1;7;200;10;10;10;1399016;1726181592199221642
61;1;7;200;10;10;10;1384354;1726181592209210190
62;1;7;200;10;10;10;1419800;1726181592219192936
63;1;7;200;10;10;10;1404326;1726181592229188036
64;1;7;200;10;10;10;1455753;1726181592239193199
65;1;7;200;10;10;10;1404068;1726181592249190166
66;1;7;200;10;10;10;1532854;1726181592259192285
67;1;7;200;10;10;10;1411233;1726181592269185165
68;1;7;200;10;10;10;1420162;1726181592279196025
69;1;7;200;10;10;10;1416800;1726181592289197158
70;1;7;200;10;10;10;1422639;1726181592299194325
71;1;7;200;10;10;10;1396772;1726181592309190013
72;1;7;200;10;10;10;1459976;1726181592319199781
73;1;7;200;10;10;10;1398410;1726181592329191339
74;1;7;200;10;10;10;1457276;1726181592339188642
75;1;7;200;10;10;10;1386581;1726181592349196622
76;1;7;200;10;10;10;1577102;1726181592359201064
77;1;7;200;10;10;10;1403814;1726181592369194161
78;1;7;200;10;10;10;1427570;1726181592379195443
79;1;7;200;10;10;10;1399454;1726181592389189459
80;1;7;200;10;10;10;1443605;1726181592399200942
81;1;7;200;10;10;10;1398640;1726181592409188461
82;1;7;200;10;10;10;1413326;1726181592419201675
83;1;7;200;10;10;10;1404628;1726181592429192515
84;1;7;200;10;10;10;1453467;1726181592439194160
85;1;7;200;10;10;10;1446141;1726181592449153309
86;1;7;200;10;10;10;1488315;1726181592459168399
87;1;7;200;10;10;10;1435174;1726181592469167379
88;1;7;200;10;10;10;1445664;1726181592479169902
89;1;7;200;10;10;10;1448429;1726181592489149011
90;1;7;200;10;10;10;1462537;1726181592499148052
91;1;7;200;10;10;10;1443818;1726181592509153274
92;1;7;200;10;10;10;1445765;1726181592519168094
93;1;7;200;10;10;10;1435150;1726181592529162108
94;1;7;200;10;10;10;1448275;1726181592539163713
95;1;7;200;10;10;10;1408822;1726181592549199526
96;1;7;200;10;10;10;1514101;1726181592559194122
97;1;7;200;10;10;10;1416798;1726181592569192443
98;1;7;200;10;10;10;1438179;1726181592579195504
99;1;7;200;10;10;10;1668970;1726181592589185948
0;1;8;200;10;10;10;1951259;1726181591599328299
1;1;8;200;10;10;10;1826247;1726181591609302665
2;1;8;200;10;10;10;1796388;1726181591619327858
3;1;8;200;10;10;10;1614835;1726181591629201781
4;1;8;200;10;10;10;1643469;1726181591639198867
5;1;8;200;10;10;10;1658426;1726181591649158601
6;1;8;200;10;10;10;1644554;1726181591659119759
7;1;8;200;10;10;10;1657014;1726181591669170542
8;1;8;200;10;10;10;1681563;1726181591679173256
9;1;8;200;10;10;10;1652151;1726181591689169409
10;1;8;200;10;10;10;1675153;1726181591699167560
11;1;8;200;10;10;10;1658035;1726181591709163177
12;1;8;200;10;10;10;1674305;1726181591719165689
13;1;8;200;10;10;10;1685122;1726181591729112377
14;1;8;200;10;10;10;1696993;1726181591739175129
15;1;8;200;10;10;10;1629698;1726181591749166446
16;1;8;200;10;10;10;1704670;1726181591759181089
17;1;8;200;10;10;10;1617131;1726181591769163381
18;1;8;200;10;10;10;1644825;1726181591779165004
19;1;8;200;10;10;10;1624324;1726181591789168271
20;1;8;200;10;10;10;1627666;1726181591799117090
21;1;8;200;10;10;10;1608698;1726181591809173138
22;1;8;200;10;10;10;1622539;1726181591819176545
23;1;8;200;10;10;10;1616261;1726181591829168005
24;1;8;200;10;10;10;1634091;1726181591839162359
25;1;8;200;10;10;10;1603944;1726181591849173129
26;1;8;200;10;10;10;1731608;1726181591859178918
27;1;8;200;10;10;10;1614098;1726181591869172656
28;1;8;200;10;10;10;1636532;1726181591879178340
29;1;8;200;10;10;10;1616383;1726181591889166490
30;1;8;200;10;10;10;1633002;1726181591899168780
31;1;8;200;10;10;10;1611008;1726181591909177268
32;1;8;200;10;10;10;1638021;1726181591919177186
33;1;8;200;10;10;10;1604732;1726181591929171156
34;1;8;200;10;10;10;1628347;1726181591939173409
35;1;8;200;10;10;10;1570804;1726181591949207933
36;1;8;200;10;10;10;1695675;1726181591959195832
37;1;8;200;10;10;10;1569339;1726181591969196668
38;1;8;200;10;10;10;1614889;1726181591979199530
39;1;8;200;10;10;10;1577595;1726181591989196371
40;1;8;200;10;10;10;1617357;1726181591999210030
41;1;8;200;10;10;10;1566177;1726181592009211057
42;1;8;200;10;10;10;1615744;1726181592019203696
43;1;8;200;10;10;10;1594560;1726181592029189287
44;1;8;200;10;10;10;1589262;1726181592039206428
45;1;8;200;10;10;10;1578152;1726181592049195088
46;1;8;200;10;10;10;1681280;1726181592059199196
47;1;8;200;10;10;10;1572352;1726181592069205567
48;1;8;200;10;10;10;1584454;1726181592079201212
49;1;8;200;10;10;10;1574504;1726181592089198022
50;1;8;200;10;10;10;1632547;1726181592099191698
51;1;8;200;10;10;10;1584565;1726181592109196267
52;1;8;200;10;10;10;1588592;1726181592119201968
53;1;8;200;10;10;10;1568053;1726181592129203741
54;1;8;200;10;10;10;1583047;1726181592139199895
55;1;8;200;10;10;10;1568919;1726181592149210102
56;1;8;200;10;10;10;1723207;1726181592159205086
57;1;8;200;10;10;10;1575717;1726181592169196204
58;1;8;200;10;10;10;1573298;1726181592179212936
59;1;8;200;10;10;10;1560650;1726181592189215306
60;1;8;200;10;10;10;1576345;1726181592199226013
61;1;8;200;10;10;10;1560885;1726181592209215312
62;1;8;200;10;10;10;1589813;1726181592219204852
63;1;8;200;10;10;10;1578903;1726181592229196170
64;1;8;200;10;10;10;1632326;1726181592239197907
65;1;8;200;10;10;10;1578414;1726181592249197690
66;1;8;200;10;10;10;1706383;1726181592259199115
67;1;8;200;10;10;10;1585999;1726181592269191632
68;1;8;200;10;10;10;1590530;1726181592279205952
69;1;8;200;10;10;10;1595354;1726181592289205737
70;1;8;200;10;10;10;1595953;1726181592299203673
71;1;8;200;10;10;10;1570850;1726181592309196899
72;1;8;200;10;10;10;1636573;1726181592319206885
73;1;8;200;10;10;10;1575608;1726181592329195553
74;1;8;200;10;10;10;1633914;1726181592339195514
75;1;8;200;10;10;10;1563519;1726181592349201686
76;1;8;200;10;10;10;1752090;1726181592359205169
77;1;8;200;10;10;10;1583993;1726181592369199209
78;1;8;200;10;10;10;1604218;1726181592379200582
79;1;8;200;10;10;10;1571646;1726181592389198740
80;1;8;200;10;10;10;1622023;1726181592399204631
81;1;8;200;10;10;10;1575441;1726181592409192875
82;1;8;200;10;10;10;1592434;1726181592419205409
83;1;8;200;10;10;10;1582250;1726181592429196351
84;1;8;200;10;10;10;1627890;1726181592439200897
85;1;8;200;10;10;10;1617966;1726181592449167475
86;1;8;200;10;10;10;1669442;1726181592459173621
87;1;8;200;10;10;10;1619254;1726181592469170964
88;1;8;200;10;10;10;1627010;1726181592479174014
89;1;8;200;10;10;10;1618174;1726181592489165027
90;1;8;200;10;10;10;1634872;1726181592499162551
91;1;8;200;10;10;10;1624620;1726181592509159408
92;1;8;200;10;10;10;1625352;1726181592519173264
93;1;8;200;10;10;10;1609671;1726181592529173762
94;1;8;200;10;10;10;1626551;1726181592539171857
95;1;8;200;10;10;10;1586746;1726181592549206391
96;1;8;200;10;10;10;1687033;1726181592559205447
97;1;8;200;10;10;10;1598651;1726181592569196031
98;1;8;200;10;10;10;1615527;1726181592579203058
99;1;8;200;10;10;10;1848648;1726181592589192091
0;1;9;200;10;10;10;2130459;1726181591599336602
1;1;9;200;10;10;10;2006069;1726181591609312454
2;1;9;200;10;10;10;1973516;1726181591619339007
3;1;9;200;10;10;10;1781603;1726181591629223890
4;1;9;200;10;10;10;1817096;1726181591639206925
5;1;9;200;10;10;10;1844835;1726181591649163155
6;1;9;200;10;10;10;1832222;1726181591659124692
7;1;9;200;10;10;10;1839353;1726181591669179018
8;1;9;200;10;10;10;1868033;1726181591679177508
9;1;9;200;10;10;10;1839622;1726181591689173645
10;1;9;200;10;10;10;1854206;1726181591699179429
11;1;9;200;10;10;10;1844285;1726181591709170339
12;1;9;200;10;10;10;1855249;1726181591719174625
13;1;9;200;10;10;10;1865474;1726181591729125029
14;1;9;200;10;10;10;1879659;1726181591739184785
15;1;9;200;10;10;10;1807939;1726181591749174866
16;1;9;200;10;10;10;1887417;1726181591759185276
17;1;9;200;10;10;10;1784626;1726181591769181700
18;1;9;200;10;10;10;1815931;1726181591779179336
19;1;9;200;10;10;10;1801699;1726181591789178269
20;1;9;200;10;10;10;1794851;1726181591799135705
21;1;9;200;10;10;10;1790571;1726181591809177201
22;1;9;200;10;10;10;1803043;1726181591819180755
23;1;9;200;10;10;10;1791932;1726181591829179608
24;1;9;200;10;10;10;1805951;1726181591839175092
25;1;9;200;10;10;10;1783077;1726181591849181097
26;1;9;200;10;10;10;1913287;1726181591859183821
27;1;9;200;10;10;10;1797652;1726181591869176317
28;1;9;200;10;10;10;1817590;1726181591879182970
29;1;9;200;10;10;10;1798379;1726181591889170999
30;1;9;200;10;10;10;1815635;1726181591899172928
31;1;9;200;10;10;10;1792079;1726181591909183840
32;1;9;200;10;10;10;1817098;1726181591919185717
33;1;9;200;10;10;10;1786836;1726181591929175337
34;1;9;200;10;10;10;1810959;1726181591939177679
35;1;9;200;10;10;10;1748639;1726181591949211786
36;1;9;200;10;10;10;1876386;1726181591959201573
37;1;9;200;10;10;10;1745459;1726181591969200731
38;1;9;200;10;10;10;1786492;1726181591979208975
39;1;9;200;10;10;10;1751631;1726181591989203973
40;1;9;200;10;10;10;1785089;1726181591999223719
41;1;9;200;10;10;10;1745059;1726181592009214562
42;1;9;200;10;10;10;1793240;1726181592019212561
43;1;9;200;10;10;10;1769315;1726181592029196057
44;1;9;200;10;10;10;1762481;1726181592039215307
45;1;9;200;10;10;10;1753105;1726181592049202297
46;1;9;200;10;10;10;1851650;1726181592059209502
47;1;9;200;10;10;10;1743314;1726181592069217199
48;1;9;200;10;10;10;1760629;1726181592079208566
49;1;9;200;10;10;10;1751736;1726181592089202890
50;1;9;200;10;10;10;1808163;1726181592099197752
51;1;9;200;10;10;10;1757711;1726181592109205396
52;1;9;200;10;10;10;1766043;1726181592119206015
53;1;9;200;10;10;10;1743263;1726181592129210534
54;1;9;200;10;10;10;1752826;1726181592139209159
55;1;9;200;10;10;10;1744303;1726181592149217323
56;1;9;200;10;10;10;1899883;1726181592159214661
57;1;9;200;10;10;10;1752124;1726181592169203489
58;1;9;200;10;10;10;1747188;1726181592179220023
59;1;9;200;10;10;10;1736532;1726181592189222347
60;1;9;200;10;10;10;1744745;1726181592199241498
61;1;9;200;10;10;10;1734898;1726181592209223986
62;1;9;200;10;10;10;1766467;1726181592219211108
63;1;9;200;10;10;10;1748769;1726181592229207915
64;1;9;200;10;10;10;1805951;1726181592239206167
65;1;9;200;10;10;10;1753642;1726181592249205196
66;1;9;200;10;10;10;1881238;1726181592259206083
67;1;9;200;10;10;10;1751492;1726181592269208687
68;1;9;200;10;10;10;1767871;1726181592279210197
69;1;9;200;10;10;10;1777864;1726181592289210303
70;1;9;200;10;10;10;1774036;1726181592299208443
71;1;9;200;10;10;10;1742037;1726181592309206416
72;1;9;200;10;10;10;1814451;1726181592319212405
73;1;9;200;10;10;10;1750843;1726181592329202778
74;1;9;200;10;10;10;1808684;1726181592339202785
75;1;9;200;10;10;10;1742731;1726181592349205562
76;1;9;200;10;10;10;1901108;1726181592359238306
77;1;9;200;10;10;10;1763790;1726181592369202853
78;1;9;200;10;10;10;1777922;1726181592379207783
79;1;9;200;10;10;10;1749611;1726181592389203211
80;1;9;200;10;10;10;1799526;1726181592399208538
81;1;9;200;10;10;10;1749822;1726181592409199830
82;1;9;200;10;10;10;1770728;1726181592419209406
83;1;9;200;10;10;10;1750190;1726181592429211363
84;1;9;200;10;10;10;1802083;1726181592439208303
85;1;9;200;10;10;10;1799586;1726181592449172883
86;1;9;200;10;10;10;1850906;1726181592459177777
87;1;9;200;10;10;10;1801294;1726181592469174550
88;1;9;200;10;10;10;1808525;1726181592479177951
89;1;9;200;10;10;10;1791957;1726181592489175701
90;1;9;200;10;10;10;1808110;1726181592499176438
91;1;9;200;10;10;10;1806512;1726181592509163731
92;1;9;200;10;10;10;1808242;1726181592519177347
93;1;9;200;10;10;10;1774386;1726181592529195849
94;1;9;200;10;10;10;1805086;1726181592539180309
95;1;9;200;10;10;10;1765200;1726181592549213016
96;1;9;200;10;10;10;1866718;1726181592559210742
97;1;9;200;10;10;10;1779669;1726181592569200093
98;1;9;200;10;10;10;1785584;1726181592579218417
99;1;9;200;10;10;10;2026407;1726181592589202177
0;2;0;200;10;10;10;645692;1726181591599138973
1;2;0;200;10;10;10;499932;1726181591609140975
2;2;0;200;10;10;10;405949;1726181591619147767
3;2;0;200;10;10;10;241851;1726181591629087206
4;2;0;200;10;10;10;198408;1726181591639111599
5;2;0;200;10;10;10;196799;1726181591649099284
6;2;0;200;10;10;10;191501;1726181591659034335
7;2;0;200;10;10;10;198285;1726181591669100589
8;2;0;200;10;10;10;198188;1726181591679103716
9;2;0;200;10;10;10;193255;1726181591689101191
10;2;0;200;10;10;10;197064;1726181591699103802
11;2;0;200;10;10;10;193401;1726181591709100944
12;2;0;200;10;10;10;201692;1726181591719099757
13;2;0;200;10;10;10;211005;1726181591729043991
14;2;0;200;10;10;10;201462;1726181591739102194
15;2;0;200;10;10;10;196044;1726181591749102970
16;2;0;200;10;10;10;237740;1726181591759102100
17;2;0;200;10;10;10;192855;1726181591769101848
18;2;0;200;10;10;10;187587;1726181591779100909
19;2;0;200;10;10;10;195338;1726181591789106467
20;2;0;200;10;10;10;199164;1726181591799039848
21;2;0;200;10;10;10;190051;1726181591809106935
22;2;0;200;10;10;10;201982;1726181591819102841
23;2;0;200;10;10;10;187932;1726181591829106798
24;2;0;200;10;10;10;195399;1726181591839098642
25;2;0;200;10;10;10;188111;1726181591849100811
26;2;0;200;10;10;10;283264;1726181591859105443
27;2;0;200;10;10;10;193478;1726181591869103707
28;2;0;200;10;10;10;196649;1726181591879105866
29;2;0;200;10;10;10;192969;1726181591889102569
30;2;0;200;10;10;10;197084;1726181591899099556
31;2;0;200;10;10;10;199032;1726181591909105698
32;2;0;200;10;10;10;206863;1726181591919103613
33;2;0;200;10;10;10;190208;1726181591929102952
34;2;0;200;10;10;10;190527;1726181591939104805
35;2;0;200;10;10;10;214660;1726181591949110321
36;2;0;200;10;10;10;286805;1726181591959111322
37;2;0;200;10;10;10;210179;1726181591969109407
38;2;0;200;10;10;10;196680;1726181591979111991
39;2;0;200;10;10;10;210644;1726181591989111481
40;2;0;200;10;10;10;200640;1726181591999111079
41;2;0;200;10;10;10;200203;1726181592009111285
42;2;0;200;10;10;10;198771;1726181592019112519
43;2;0;200;10;10;10;222622;1726181592029110509
44;2;0;200;10;10;10;198700;1726181592039112893
45;2;0;200;10;10;10;211625;1726181592049109897
46;2;0;200;10;10;10;249316;1726181592059110730
47;2;0;200;10;10;10;201944;1726181592069109766
48;2;0;200;10;10;10;197791;1726181592079112359
49;2;0;200;10;10;10;208200;1726181592089110355
50;2;0;200;10;10;10;213437;1726181592099110057
51;2;0;200;10;10;10;213310;1726181592109111294
52;2;0;200;10;10;10;211388;1726181592119110825
53;2;0;200;10;10;10;201183;1726181592129109647
54;2;0;200;10;10;10;216091;1726181592139111820
55;2;0;200;10;10;10;200340;1726181592149110070
56;2;0;200;10;10;10;308029;1726181592159112319
57;2;0;200;10;10;10;210026;1726181592169110288
58;2;0;200;10;10;10;203232;1726181592179110282
59;2;0;200;10;10;10;197804;1726181592189111125
60;2;0;200;10;10;10;199998;1726181592199115812
61;2;0;200;10;10;10;198578;1726181592209110101
62;2;0;200;10;10;10;199329;1726181592219111227
63;2;0;200;10;10;10;197043;1726181592229110668
64;2;0;200;10;10;10;223578;1726181592239111910
65;2;0;200;10;10;10;213896;1726181592249110571
66;2;0;200;10;10;10;286855;1726181592259111992
67;2;0;200;10;10;10;214195;1726181592269110925
68;2;0;200;10;10;10;199002;1726181592279111580
69;2;0;200;10;10;10;201534;1726181592289110482
70;2;0;200;10;10;10;215713;1726181592299111646
71;2;0;200;10;10;10;211775;1726181592309111497
72;2;0;200;10;10;10;229834;1726181592319114331
73;2;0;200;10;10;10;212398;1726181592329110121
74;2;0;200;10;10;10;212204;1726181592339111833
75;2;0;200;10;10;10;209409;1726181592349108648
76;2;0;200;10;10;10;293430;1726181592359111208
77;2;0;200;10;10;10;209572;1726181592369109728
78;2;0;200;10;10;10;221263;1726181592379111388
79;2;0;200;10;10;10;210950;1726181592389111561
80;2;0;200;10;10;10;211609;1726181592399111974
81;2;0;200;10;10;10;213723;1726181592409109959
82;2;0;200;10;10;10;214641;1726181592419111748
83;2;0;200;10;10;10;197479;1726181592429111165
84;2;0;200;10;10;10;222260;1726181592439111048
85;2;0;200;10;10;10;191140;1726181592449106695
86;2;0;200;10;10;10;225791;1726181592459103813
87;2;0;200;10;10;10;189463;1726181592469107044
88;2;0;200;10;10;10;196322;1726181592479103706
89;2;0;200;10;10;10;198682;1726181592489102978
90;2;0;200;10;10;10;190119;1726181592499100915
91;2;0;200;10;10;10;189613;1726181592509103624
92;2;0;200;10;10;10;194888;1726181592519104535
93;2;0;200;10;10;10;186779;1726181592529103066
94;2;0;200;10;10;10;193542;1726181592539104790
95;2;0;200;10;10;10;204131;1726181592549110197
96;2;0;200;10;10;10;234268;1726181592559111718
97;2;0;200;10;10;10;211090;1726181592569110377
98;2;0;200;10;10;10;203861;1726181592579111335
99;2;0;200;10;10;10;227619;1726181592589110225
0;2;1;200;10;10;10;725987;1726181591599249779
1;2;1;200;10;10;10;616939;1726181591609214904
2;2;1;200;10;10;10;595379;1726181591619223344
3;2;1;200;10;10;10;393912;1726181591629130194
4;2;1;200;10;10;10;361130;1726181591639150938
5;2;1;200;10;10;10;373664;1726181591649122758
6;2;1;200;10;10;10;366077;1726181591659060433
7;2;1;200;10;10;10;374000;1726181591669124682
8;2;1;200;10;10;10;374054;1726181591679127684
9;2;1;200;10;10;10;370315;1726181591689124278
10;2;1;200;10;10;10;371890;1726181591699127635
11;2;1;200;10;10;10;368988;1726181591709123878
12;2;1;200;10;10;10;376634;1726181591719123899
13;2;1;200;10;10;10;384077;1726181591729073828
14;2;1;200;10;10;10;375352;1726181591739129410
15;2;1;200;10;10;10;367844;1726181591749126615
16;2;1;200;10;10;10;412677;1726181591759127219
17;2;1;200;10;10;10;365317;1726181591769124564
18;2;1;200;10;10;10;360043;1726181591779124153
19;2;1;200;10;10;10;368320;1726181591789129202
20;2;1;200;10;10;10;375793;1726181591799065232
21;2;1;200;10;10;10;362840;1726181591809129254
22;2;1;200;10;10;10;371009;1726181591819126378
23;2;1;200;10;10;10;360991;1726181591829129593
24;2;1;200;10;10;10;367116;1726181591839121992
25;2;1;200;10;10;10;361505;1726181591849123476
26;2;1;200;10;10;10;455029;1726181591859129454
27;2;1;200;10;10;10;367398;1726181591869126350
28;2;1;200;10;10;10;368767;1726181591879128901
29;2;1;200;10;10;10;364627;1726181591889125311
30;2;1;200;10;10;10;369134;1726181591899122790
31;2;1;200;10;10;10;370436;1726181591909127901
32;2;1;200;10;10;10;378870;1726181591919126700
33;2;1;200;10;10;10;362829;1726181591929125330
34;2;1;200;10;10;10;361831;1726181591939128178
35;2;1;200;10;10;10;367442;1726181591949146972
36;2;1;200;10;10;10;446035;1726181591959149695
37;2;1;200;10;10;10;362137;1726181591969146185
38;2;1;200;10;10;10;360699;1726181591979149427
39;2;1;200;10;10;10;364992;1726181591989148170
40;2;1;200;10;10;10;367159;1726181591999148568
41;2;1;200;10;10;10;366787;1726181592009147174
42;2;1;200;10;10;10;355072;1726181592019150709
43;2;1;200;10;10;10;375995;1726181592029147052
44;2;1;200;10;10;10;362933;1726181592039150672
45;2;1;200;10;10;10;366435;1726181592049146213
46;2;1;200;10;10;10;425516;1726181592059148799
47;2;1;200;10;10;10;366412;1726181592069147047
48;2;1;200;10;10;10;363124;1726181592079149710
49;2;1;200;10;10;10;361976;1726181592089146904
50;2;1;200;10;10;10;366255;1726181592099147389
51;2;1;200;10;10;10;366476;1726181592109148112
52;2;1;200;10;10;10;363738;1726181592119148172
53;2;1;200;10;10;10;367451;1726181592129146385
54;2;1;200;10;10;10;368391;1726181592139148962
55;2;1;200;10;10;10;366675;1726181592149146723
56;2;1;200;10;10;10;473201;1726181592159149919
57;2;1;200;10;10;10;363605;1726181592169147041
58;2;1;200;10;10;10;368546;1726181592179147697
59;2;1;200;10;10;10;364011;1726181592189147291
60;2;1;200;10;10;10;366350;1726181592199152966
61;2;1;200;10;10;10;365561;1726181592209146101
62;2;1;200;10;10;10;365498;1726181592219148257
63;2;1;200;10;10;10;362130;1726181592229146919
64;2;1;200;10;10;10;376798;1726181592239149138
65;2;1;200;10;10;10;367019;1726181592249147221
66;2;1;200;10;10;10;454869;1726181592259150055
67;2;1;200;10;10;10;366952;1726181592269147561
68;2;1;200;10;10;10;365711;1726181592279148498
69;2;1;200;10;10;10;360859;1726181592289146895
70;2;1;200;10;10;10;368937;1726181592299149171
71;2;1;200;10;10;10;364586;1726181592309147987
72;2;1;200;10;10;10;382334;1726181592319151984
73;2;1;200;10;10;10;364925;1726181592329146628
74;2;1;200;10;10;10;366477;1726181592339149304
75;2;1;200;10;10;10;362400;1726181592349145335
76;2;1;200;10;10;10;458894;1726181592359149136
77;2;1;200;10;10;10;364135;1726181592369146236
78;2;1;200;10;10;10;373787;1726181592379148864
79;2;1;200;10;10;10;363190;1726181592389148069
80;2;1;200;10;10;10;365853;1726181592399149441
81;2;1;200;10;10;10;366434;1726181592409146963
82;2;1;200;10;10;10;366537;1726181592419149410
83;2;1;200;10;10;10;362468;1726181592429147941
84;2;1;200;10;10;10;375439;1726181592439148377
85;2;1;200;10;10;10;364154;1726181592449128970
86;2;1;200;10;10;10;402717;1726181592459127625
87;2;1;200;10;10;10;363551;1726181592469129414
88;2;1;200;10;10;10;368116;1726181592479126874
89;2;1;200;10;10;10;370895;1726181592489125194
90;2;1;200;10;10;10;361923;1726181592499123537
91;2;1;200;10;10;10;363282;1726181592509126123
92;2;1;200;10;10;10;365978;1726181592519127876
93;2;1;200;10;10;10;361136;1726181592529125335
94;2;1;200;10;10;10;365259;1726181592539127726
95;2;1;200;10;10;10;372248;1726181592549147273
96;2;1;200;10;10;10;420261;1726181592559149695
97;2;1;200;10;10;10;367177;1726181592569147132
98;2;1;200;10;10;10;371912;1726181592579149071
99;2;1;200;10;10;10;430376;1726181592589146601
0;2;2;200;10;10;10;903438;1726181591599259481
1;2;2;200;10;10;10;780517;1726181591609238487
2;2;2;200;10;10;10;759401;1726181591619248052
3;2;2;200;10;10;10;572743;1726181591629138026
4;2;2;200;10;10;10;539434;1726181591639157284
5;2;2;200;10;10;10;560494;1726181591649128294
6;2;2;200;10;10;10;547222;1726181591659070289
7;2;2;200;10;10;10;561345;1726181591669130127
8;2;2;200;10;10;10;562724;1726181591679133368
9;2;2;200;10;10;10;558524;1726181591689129598
10;2;2;200;10;10;10;558696;1726181591699133360
11;2;2;200;10;10;10;555362;1726181591709129134
12;2;2;200;10;10;10;562593;1726181591719129587
13;2;2;200;10;10;10;574523;1726181591729079851
14;2;2;200;10;10;10;586232;1726181591739135576
15;2;2;200;10;10;10;552177;1726181591749132278
16;2;2;200;10;10;10;638592;1726181591759133075
17;2;2;200;10;10;10;547416;1726181591769129889
18;2;2;200;10;10;10;544790;1726181591779129632
19;2;2;200;10;10;10;550878;1726181591789134611
20;2;2;200;10;10;10;557438;1726181591799070768
21;2;2;200;10;10;10;545181;1726181591809134610
22;2;2;200;10;10;10;551819;1726181591819131867
23;2;2;200;10;10;10;544318;1726181591829134914
24;2;2;200;10;10;10;548932;1726181591839127307
25;2;2;200;10;10;10;544355;1726181591849128664
26;2;2;200;10;10;10;672349;1726181591859135207
27;2;2;200;10;10;10;549064;1726181591869131483
28;2;2;200;10;10;10;552042;1726181591879134296
29;2;2;200;10;10;10;548110;1726181591889130552
30;2;2;200;10;10;10;551532;1726181591899128264
31;2;2;200;10;10;10;552432;1726181591909133159
32;2;2;200;10;10;10;562775;1726181591919132264
33;2;2;200;10;10;10;545912;1726181591929130475
34;2;2;200;10;10;10;545205;1726181591939133542
35;2;2;200;10;10;10;546117;1726181591949152431
36;2;2;200;10;10;10;633692;1726181591959155420
37;2;2;200;10;10;10;527152;1726181591969163649
38;2;2;200;10;10;10;536801;1726181591979155208
39;2;2;200;10;10;10;540555;1726181591989156509
40;2;2;200;10;10;10;554623;1726181591999174729
41;2;2;200;10;10;10;542608;1726181592009154454
42;2;2;200;10;10;10;536509;1726181592019156448
43;2;2;200;10;10;10;553848;1726181592029152513
44;2;2;200;10;10;10;554393;1726181592039156287
45;2;2;200;10;10;10;542590;1726181592049153851
46;2;2;200;10;10;10;648701;1726181592059154609
47;2;2;200;10;10;10;545380;1726181592069152242
48;2;2;200;10;10;10;539190;1726181592079157255
49;2;2;200;10;10;10;539444;1726181592089154039
50;2;2;200;10;10;10;543532;1726181592099153030
51;2;2;200;10;10;10;546600;1726181592109153745
52;2;2;200;10;10;10;542974;1726181592119153822
53;2;2;200;10;10;10;542642;1726181592129153576
54;2;2;200;10;10;10;556359;1726181592139154704
55;2;2;200;10;10;10;545625;1726181592149152122
56;2;2;200;10;10;10;673588;1726181592159155843
57;2;2;200;10;10;10;536416;1726181592169156708
58;2;2;200;10;10;10;542377;1726181592179168254
59;2;2;200;10;10;10;523758;1726181592189170643
60;2;2;200;10;10;10;545009;1726181592199173645
61;2;2;200;10;10;10;531770;1726181592209164028
62;2;2;200;10;10;10;541209;1726181592219156017
63;2;2;200;10;10;10;538671;1726181592229154524
64;2;2;200;10;10;10;585805;1726181592239154660
65;2;2;200;10;10;10;533792;1726181592249164403
66;2;2;200;10;10;10;672885;1726181592259158664
67;2;2;200;10;10;10;545869;1726181592269152699
68;2;2;200;10;10;10;529740;1726181592279168396
69;2;2;200;10;10;10;542857;1726181592289152401
70;2;2;200;10;10;10;561377;1726181592299154747
71;2;2;200;10;10;10;542677;1726181592309153472
72;2;2;200;10;10;10;591397;1726181592319157557
73;2;2;200;10;10;10;541316;1726181592329153812
74;2;2;200;10;10;10;571969;1726181592339154747
75;2;2;200;10;10;10;538733;1726181592349152391
76;2;2;200;10;10;10;723744;1726181592359156419
77;2;2;200;10;10;10;542301;1726181592369151456
78;2;2;200;10;10;10;565678;1726181592379154672
79;2;2;200;10;10;10;541095;1726181592389153404
80;2;2;200;10;10;10;567626;1726181592399158644
81;2;2;200;10;10;10;544117;1726181592409152508
82;2;2;200;10;10;10;554160;1726181592419155180
83;2;2;200;10;10;10;540575;1726181592429153431
84;2;2;200;10;10;10;567542;1726181592439167628
85;2;2;200;10;10;10;546865;1726181592449134286
86;2;2;200;10;10;10;602767;1726181592459133168
87;2;2;200;10;10;10;547041;1726181592469134684
88;2;2;200;10;10;10;550118;1726181592479132317
89;2;2;200;10;10;10;552479;1726181592489130408
90;2;2;200;10;10;10;543591;1726181592499129068
91;2;2;200;10;10;10;546508;1726181592509131455
92;2;2;200;10;10;10;548361;1726181592519133300
93;2;2;200;10;10;10;544251;1726181592529130497
94;2;2;200;10;10;10;548200;1726181592539133377
95;2;2;200;10;10;10;537440;1726181592549168476
96;2;2;200;10;10;10;643092;1726181592559155259
97;2;2;200;10;10;10;548218;1726181592569152299
98;2;2;200;10;10;10;566869;1726181592579154646
99;2;2;200;10;10;10;648217;1726181592589153589
0;2;3;200;10;10;10;1084150;1726181591599266442
1;2;3;200;10;10;10;956570;1726181591609249279
2;2;3;200;10;10;10;933123;1726181591619263201
3;2;3;200;10;10;10;747621;1726181591629150314
4;2;3;200;10;10;10;777326;1726181591639168672
5;2;3;200;10;10;10;747750;1726181591649132262
6;2;3;200;10;10;10;750775;1726181591659077113
7;2;3;200;10;10;10;749322;1726181591669133945
8;2;3;200;10;10;10;774926;1726181591679137353
9;2;3;200;10;10;10;745658;1726181591689133507
10;2;3;200;10;10;10;767163;1726181591699137163
11;2;3;200;10;10;10;743126;1726181591709132861
12;2;3;200;10;10;10;769812;1726181591719133486
13;2;3;200;10;10;10;764912;1726181591729084508
14;2;3;200;10;10;10;787491;1726181591739139692
15;2;3;200;10;10;10;737545;1726181591749136062
16;2;3;200;10;10;10;834740;1726181591759137325
17;2;3;200;10;10;10;729820;1726181591769133578
18;2;3;200;10;10;10;765671;1726181591779133390
19;2;3;200;10;10;10;734105;1726181591789138391
20;2;3;200;10;10;10;748838;1726181591799074726
21;2;3;200;10;10;10;728111;1726181591809138534
22;2;3;200;10;10;10;750264;1726181591819135782
23;2;3;200;10;10;10;726852;1726181591829138766
24;2;3;200;10;10;10;751351;1726181591839131149
25;2;3;200;10;10;10;725593;1726181591849132585
26;2;3;200;10;10;10;853863;1726181591859139195
27;2;3;200;10;10;10;731436;1726181591869135247
28;2;3;200;10;10;10;758757;1726181591879137993
29;2;3;200;10;10;10;732276;1726181591889134306
30;2;3;200;10;10;10;753926;1726181591899131954
31;2;3;200;10;10;10;734536;1726181591909136807
32;2;3;200;10;10;10;763927;1726181591919136233
33;2;3;200;10;10;10;729570;1726181591929134306
34;2;3;200;10;10;10;748686;1726181591939137269
35;2;3;200;10;10;10;712745;1726181591949168808
36;2;3;200;10;10;10;811572;1726181591959164357
37;2;3;200;10;10;10;704943;1726181591969168393
38;2;3;200;10;10;10;760185;1726181591979162739
39;2;3;200;10;10;10;716166;1726181591989162699
40;2;3;200;10;10;10;752396;1726181591999179902
41;2;3;200;10;10;10;716393;1726181592009164437
42;2;3;200;10;10;10;733840;1726181592019164840
43;2;3;200;10;10;10;726905;1726181592029162729
44;2;3;200;10;10;10;734924;1726181592039165948
45;2;3;200;10;10;10;713407;1726181592049164945
46;2;3;200;10;10;10;818306;1726181592059168306
47;2;3;200;10;10;10;708554;1726181592069171888
48;2;3;200;10;10;10;722026;1726181592079166136
49;2;3;200;10;10;10;713512;1726181592089161460
50;2;3;200;10;10;10;766530;1726181592099161598
51;2;3;200;10;10;10;718142;1726181592109166073
52;2;3;200;10;10;10;729992;1726181592119167667
53;2;3;200;10;10;10;717657;1726181592129159344
54;2;3;200;10;10;10;733153;1726181592139165065
55;2;3;200;10;10;10;708048;1726181592149172100
56;2;3;200;10;10;10;848328;1726181592159166837
57;2;3;200;10;10;10;707350;1726181592169168237
58;2;3;200;10;10;10;721581;1726181592179175961
59;2;3;200;10;10;10;693098;1726181592189183783
60;2;3;200;10;10;10;726407;1726181592199179566
61;2;3;200;10;10;10;709977;1726181592209168942
62;2;3;200;10;10;10;733150;1726181592219164490
63;2;3;200;10;10;10;713285;1726181592229163822
64;2;3;200;10;10;10;768294;1726181592239168333
65;2;3;200;10;10;10;711508;1726181592249169312
66;2;3;200;10;10;10;846839;1726181592259167151
67;2;3;200;10;10;10;717978;1726181592269163389
68;2;3;200;10;10;10;726800;1726181592279173455
69;2;3;200;10;10;10;712479;1726181592289170449
70;2;3;200;10;10;10;735423;1726181592299168904
71;2;3;200;10;10;10;712071;1726181592309165177
72;2;3;200;10;10;10;781148;1726181592319164118
73;2;3;200;10;10;10;710395;1726181592329166552
74;2;3;200;10;10;10;763848;1726181592339165731
75;2;3;200;10;10;10;712483;1726181592349160143
76;2;3;200;10;10;10;898606;1726181592359164861
77;2;3;200;10;10;10;720143;1726181592369157143
78;2;3;200;10;10;10;739351;1726181592379167340
79;2;3;200;10;10;10;709440;1726181592389167016
80;2;3;200;10;10;10;761156;1726181592399167431
81;2;3;200;10;10;10;713834;1726181592409162974
82;2;3;200;10;10;10;730582;1726181592419168857
83;2;3;200;10;10;10;719316;1726181592429159198
84;2;3;200;10;10;10;763275;1726181592439172757
85;2;3;200;10;10;10;729528;1726181592449138083
86;2;3;200;10;10;10;787212;1726181592459137174
87;2;3;200;10;10;10;730646;1726181592469138348
88;2;3;200;10;10;10;750506;1726181592479136118
89;2;3;200;10;10;10;734828;1726181592489134111
90;2;3;200;10;10;10;745829;1726181592499132895
91;2;3;200;10;10;10;729280;1726181592509135319
92;2;3;200;10;10;10;749707;1726181592519137041
93;2;3;200;10;10;10;728414;1726181592529134076
94;2;3;200;10;10;10;740952;1726181592539137343
95;2;3;200;10;10;10;716454;1726181592549174687
96;2;3;200;10;10;10;818754;1726181592559164195
97;2;3;200;10;10;10;725036;1726181592569159702
98;2;3;200;10;10;10;733418;1726181592579177468
99;2;3;200;10;10;10;886123;1726181592589166909
0;2;4;200;10;10;10;1264783;1726181591599274187
1;2;4;200;10;10;10;1129469;1726181591609264261
2;2;4;200;10;10;10;1104833;1726181591619280341
3;2;4;200;10;10;10;926039;1726181591629157321
4;2;4;200;10;10;10;955172;1726181591639173354
5;2;4;200;10;10;10;933967;1726181591649136160
6;2;4;200;10;10;10;932955;1726181591659083731
7;2;4;200;10;10;10;936991;1726181591669137575
8;2;4;200;10;10;10;962868;1726181591679141028
9;2;4;200;10;10;10;932495;1726181591689137164
10;2;4;200;10;10;10;953914;1726181591699140913
11;2;4;200;10;10;10;931426;1726181591709136620
12;2;4;200;10;10;10;955796;1726181591719137232
13;2;4;200;10;10;10;953127;1726181591729088870
14;2;4;200;10;10;10;975611;1726181591739143833
15;2;4;200;10;10;10;922045;1726181591749139885
16;2;4;200;10;10;10;1015416;1726181591759141293
17;2;4;200;10;10;10;912848;1726181591769137139
18;2;4;200;10;10;10;945535;1726181591779137024
19;2;4;200;10;10;10;917679;1726181591789142026
20;2;4;200;10;10;10;933056;1726181591799078516
21;2;4;200;10;10;10;910959;1726181591809142159
22;2;4;200;10;10;10;931948;1726181591819139412
23;2;4;200;10;10;10;909455;1726181591829142401
24;2;4;200;10;10;10;933319;1726181591839134838
25;2;4;200;10;10;10;907544;1726181591849136515
26;2;4;200;10;10;10;1035261;1726181591859142913
27;2;4;200;10;10;10;914874;1726181591869138756
28;2;4;200;10;10;10;942302;1726181591879141702
29;2;4;200;10;10;10;914500;1726181591889137979
30;2;4;200;10;10;10;937302;1726181591899135531
31;2;4;200;10;10;10;916478;1726181591909140467
32;2;4;200;10;10;10;947022;1726181591919139908
33;2;4;200;10;10;10;911636;1726181591929137874
34;2;4;200;10;10;10;930470;1726181591939140932
35;2;4;200;10;10;10;889999;1726181591949173427
36;2;4;200;10;10;10;994133;1726181591959168615
37;2;4;200;10;10;10;881760;1726181591969172110
38;2;4;200;10;10;10;931676;1726181591979170845
39;2;4;200;10;10;10;886318;1726181591989173835
40;2;4;200;10;10;10;930989;1726181591999183720
41;2;4;200;10;10;10;889299;1726181592009172929
42;2;4;200;10;10;10;914390;1726181592019171984
43;2;4;200;10;10;10;905557;1726181592029167196
44;2;4;200;10;10;10;908876;1726181592039173952
45;2;4;200;10;10;10;890492;1726181592049169208
46;2;4;200;10;10;10;995916;1726181592059172825
47;2;4;200;10;10;10;885900;1726181592069176370
48;2;4;200;10;10;10;895610;1726181592079175179
49;2;4;200;10;10;10;888197;1726181592089169023
50;2;4;200;10;10;10;944569;1726181592099165755
51;2;4;200;10;10;10;895316;1726181592109170605
52;2;4;200;10;10;10;906347;1726181592119172316
53;2;4;200;10;10;10;891727;1726181592129167414
54;2;4;200;10;10;10;908496;1726181592139169481
55;2;4;200;10;10;10;886625;1726181592149176657
56;2;4;200;10;10;10;1029049;1726181592159171254
57;2;4;200;10;10;10;885157;1726181592169172432
58;2;4;200;10;10;10;890905;1726181592179186812
59;2;4;200;10;10;10;871503;1726181592189188270
60;2;4;200;10;10;10;904734;1726181592199183566
61;2;4;200;10;10;10;889062;1726181592209172804
62;2;4;200;10;10;10;906949;1726181592219173501
63;2;4;200;10;10;10;891068;1726181592229167958
64;2;4;200;10;10;10;945052;1726181592239172702
65;2;4;200;10;10;10;889628;1726181592249173324
66;2;4;200;10;10;10;1022765;1726181592259171343
67;2;4;200;10;10;10;896353;1726181592269167329
68;2;4;200;10;10;10;905413;1726181592279177405
69;2;4;200;10;10;10;894943;1726181592289174980
70;2;4;200;10;10;10;912399;1726181592299173292
71;2;4;200;10;10;10;888586;1726181592309169349
72;2;4;200;10;10;10;954615;1726181592319171819
73;2;4;200;10;10;10;886973;1726181592329170814
74;2;4;200;10;10;10;942259;1726181592339170057
75;2;4;200;10;10;10;885125;1726181592349168320
76;2;4;200;10;10;10;1068186;1726181592359177277
77;2;4;200;10;10;10;899150;1726181592369160980
78;2;4;200;10;10;10;917177;1726181592379171886
79;2;4;200;10;10;10;885839;1726181592389171429
80;2;4;200;10;10;10;938430;1726181592399171600
81;2;4;200;10;10;10;889862;1726181592409167125
82;2;4;200;10;10;10;909065;1726181592419173468
83;2;4;200;10;10;10;895484;1726181592429166794
84;2;4;200;10;10;10;941616;1726181592439176676
85;2;4;200;10;10;10;911755;1726181592449141700
86;2;4;200;10;10;10;969879;1726181592459140882
87;2;4;200;10;10;10;913030;1726181592469141992
88;2;4;200;10;10;10;933436;1726181592479139758
89;2;4;200;10;10;10;916214;1726181592489137722
90;2;4;200;10;10;10;928268;1726181592499136541
91;2;4;200;10;10;10;913394;1726181592509138886
92;2;4;200;10;10;10;932041;1726181592519140645
93;2;4;200;10;10;10;912282;1726181592529137597
94;2;4;200;10;10;10;924377;1726181592539141149
95;2;4;200;10;10;10;891562;1726181592549182893
96;2;4;200;10;10;10;995771;1726181592559172446
97;2;4;200;10;10;10;901676;1726181592569167204
98;2;4;200;10;10;10;912509;1726181592579182737
99;2;4;200;10;10;10;1074697;1726181592589171016
0;2;5;200;10;10;10;1443339;1726181591599284723
1;2;5;200;10;10;10;1307814;1726181591609273209
2;2;5;200;10;10;10;1273197;1726181591619299562
3;2;5;200;10;10;10;1103162;1726181591629167482
4;2;5;200;10;10;10;1130968;1726181591639180249
5;2;5;200;10;10;10;1119076;1726181591649139971
6;2;5;200;10;10;10;1120007;1726181591659088007
7;2;5;200;10;10;10;1123724;1726181591669141180
8;2;5;200;10;10;10;1150733;1726181591679144717
9;2;5;200;10;10;10;1119554;1726181591689141135
10;2;5;200;10;10;10;1140448;1726181591699144614
11;2;5;200;10;10;10;1117964;1726181591709140504
12;2;5;200;10;10;10;1142008;1726181591719141243
13;2;5;200;10;10;10;1135906;1726181591729097818
14;2;5;200;10;10;10;1162465;1726181591739148385
15;2;5;200;10;10;10;1105722;1726181591749143655
16;2;5;200;10;10;10;1196623;1726181591759145563
17;2;5;200;10;10;10;1095215;1726181591769140583
18;2;5;200;10;10;10;1126008;1726181591779140820
19;2;5;200;10;10;10;1101238;1726181591789145633
20;2;5;200;10;10;10;1116015;1726181591799082508
21;2;5;200;10;10;10;1091254;1726181591809145795
22;2;5;200;10;10;10;1114172;1726181591819143040
23;2;5;200;10;10;10;1092041;1726181591829145927
24;2;5;200;10;10;10;1115066;1726181591839138393
25;2;5;200;10;10;10;1088866;1726181591849140547
26;2;5;200;10;10;10;1217430;1726181591859146916
27;2;5;200;10;10;10;1097916;1726181591869142289
28;2;5;200;10;10;10;1126975;1726181591879145198
29;2;5;200;10;10;10;1095610;1726181591889141518
30;2;5;200;10;10;10;1118385;1726181591899139096
31;2;5;200;10;10;10;1099384;1726181591909144052
32;2;5;200;10;10;10;1128434;1726181591919143887
33;2;5;200;10;10;10;1093885;1726181591929141397
34;2;5;200;10;10;10;1112182;1726181591939144880
35;2;5;200;10;10;10;1063229;1726181591949181763
36;2;5;200;10;10;10;1174347;1726181591959175503
37;2;5;200;10;10;10;1048258;1726181591969184958
38;2;5;200;10;10;10;1106352;1726181591979177323
39;2;5;200;10;10;10;1062783;1726181591989178005
40;2;5;200;10;10;10;1109265;1726181591999187687
41;2;5;200;10;10;10;1059798;1726181592009184176
42;2;5;200;10;10;10;1094049;1726181592019178902
43;2;5;200;10;10;10;1082611;1726181592029171001
44;2;5;200;10;10;10;1080440;1726181592039184509
45;2;5;200;10;10;10;1068289;1726181592049174013
46;2;5;200;10;10;10;1173185;1726181592059176877
47;2;5;200;10;10;10;1064385;1726181592069180088
48;2;5;200;10;10;10;1071342;1726181592079182414
49;2;5;200;10;10;10;1062531;1726181592089176504
50;2;5;200;10;10;10;1121116;1726181592099170786
51;2;5;200;10;10;10;1063469;1726181592109183681
52;2;5;200;10;10;10;1078165;1726181592119181669
53;2;5;200;10;10;10;1055123;1726181592129185012
54;2;5;200;10;10;10;1078224;1726181592139178836
55;2;5;200;10;10;10;1064955;1726181592149180568
56;2;5;200;10;10;10;1204075;1726181592159180521
57;2;5;200;10;10;10;1063407;1726181592169175949
58;2;5;200;10;10;10;1066646;1726181592179190967
59;2;5;200;10;10;10;1047309;1726181592189195986
60;2;5;200;10;10;10;1073663;1726181592199196392
61;2;5;200;10;10;10;1056354;1726181592209187690
62;2;5;200;10;10;10;1082119;1726181592219180284
63;2;5;200;10;10;10;1066513;1726181592229174862
64;2;5;200;10;10;10;1122969;1726181592239176484
65;2;5;200;10;10;10;1066772;1726181592249177217
66;2;5;200;10;10;10;1196819;1726181592259178635
67;2;5;200;10;10;10;1073797;1726181592269170761
68;2;5;200;10;10;10;1082196;1726181592279183318
69;2;5;200;10;10;10;1076450;1726181592289179013
70;2;5;200;10;10;10;1089375;1726181592299177083
71;2;5;200;10;10;10;1063571;1726181592309174554
72;2;5;200;10;10;10;1124927;1726181592319182427
73;2;5;200;10;10;10;1062299;1726181592329175871
74;2;5;200;10;10;10;1120998;1726181592339174027
75;2;5;200;10;10;10;1061452;1726181592349174045
76;2;5;200;10;10;10;1245370;1726181592359181852
77;2;5;200;10;10;10;1074887;1726181592369168612
78;2;5;200;10;10;10;1093804;1726181592379177471
79;2;5;200;10;10;10;1062580;1726181592389175196
80;2;5;200;10;10;10;1112798;1726181592399178277
81;2;5;200;10;10;10;1065785;1726181592409171640
82;2;5;200;10;10;10;1071441;1726181592419192719
83;2;5;200;10;10;10;1061947;1726181592429183872
84;2;5;200;10;10;10;1116636;1726181592439182507
85;2;5;200;10;10;10;1094088;1726181592449145314
86;2;5;200;10;10;10;1153151;1726181592459144814
87;2;5;200;10;10;10;1096819;1726181592469145663
88;2;5;200;10;10;10;1115294;1726181592479143699
89;2;5;200;10;10;10;1098107;1726181592489141263
90;2;5;200;10;10;10;1110986;1726181592499140205
91;2;5;200;10;10;10;1095312;1726181592509142708
92;2;5;200;10;10;10;1112792;1726181592519144522
93;2;5;200;10;10;10;1094798;1726181592529141128
94;2;5;200;10;10;10;1107566;1726181592539145059
95;2;5;200;10;10;10;1069768;1726181592549187180
96;2;5;200;10;10;10;1170114;1726181592559182524
97;2;5;200;10;10;10;1067714;1726181592569184547
98;2;5;200;10;10;10;1091879;1726181592579186747
99;2;5;200;10;10;10;1274347;1726181592589174720
0;2;6;200;10;10;10;1624974;1726181591599292967
1;2;6;200;10;10;10;1482944;1726181591609284679
2;2;6;200;10;10;10;1451593;1726181591619309098
3;2;6;200;10;10;10;1277682;1726181591629179173
4;2;6;200;10;10;10;1303532;1726181591639187716
5;2;6;200;10;10;10;1305452;1726181591649144083
6;2;6;200;10;10;10;1303063;1726181591659094202
7;2;6;200;10;10;10;1311738;1726181591669144801
8;2;6;200;10;10;10;1337537;1726181591679148754
9;2;6;200;10;10;10;1306317;1726181591689145089
10;2;6;200;10;10;10;1326374;1726181591699148661
11;2;6;200;10;10;10;1305227;1726181591709144560
12;2;6;200;10;10;10;1327781;1726181591719145371
13;2;6;200;10;10;10;1322510;1726181591729102451
14;2;6;200;10;10;10;1349221;1726181591739153025
15;2;6;200;10;10;10;1288396;1726181591749147689
16;2;6;200;10;10;10;1356898;1726181591759170184
17;2;6;200;10;10;10;1276905;1726181591769144173
18;2;6;200;10;10;10;1307354;1726181591779144784
19;2;6;200;10;10;10;1283044;1726181591789149458
20;2;6;200;10;10;10;1294865;1726181591799090986
21;2;6;200;10;10;10;1272621;1726181591809149782
22;2;6;200;10;10;10;1295602;1726181591819147146
23;2;6;200;10;10;10;1274367;1726181591829149910
24;2;6;200;10;10;10;1296201;1726181591839142354
25;2;6;200;10;10;10;1261272;1726181591849154873
26;2;6;200;10;10;10;1399217;1726181591859151817
27;2;6;200;10;10;10;1280211;1726181591869145897
28;2;6;200;10;10;10;1308289;1726181591879149066
29;2;6;200;10;10;10;1279219;1726181591889145322
30;2;6;200;10;10;10;1300344;1726181591899143077
31;2;6;200;10;10;10;1280798;1726181591909147990
32;2;6;200;10;10;10;1297691;1726181591919160853
33;2;6;200;10;10;10;1273244;1726181591929145284
34;2;6;200;10;10;10;1293789;1726181591939148890
35;2;6;200;10;10;10;1229102;1726181591949198951
36;2;6;200;10;10;10;1353934;1726181591959179812
37;2;6;200;10;10;10;1225087;1726181591969189203
38;2;6;200;10;10;10;1281300;1726181591979184085
39;2;6;200;10;10;10;1240413;1726181591989181919
40;2;6;200;10;10;10;1286549;1726181591999191377
41;2;6;200;10;10;10;1223767;1726181592009201888
42;2;6;200;10;10;10;1272927;1726181592019186145
43;2;6;200;10;10;10;1256756;1726181592029178386
44;2;6;200;10;10;10;1257290;1726181592039188766
45;2;6;200;10;10;10;1243037;1726181592049180763
46;2;6;200;10;10;10;1348553;1726181592059182458
47;2;6;200;10;10;10;1233087;1726181592069192546
48;2;6;200;10;10;10;1243753;1726181592079191625
49;2;6;200;10;10;10;1237774;1726181592089182793
50;2;6;200;10;10;10;1296196;1726181592099178211
51;2;6;200;10;10;10;1240894;1726181592109188412
52;2;6;200;10;10;10;1251652;1726181592119188542
53;2;6;200;10;10;10;1229475;1726181592129192452
54;2;6;200;10;10;10;1253768;1726181592139182840
55;2;6;200;10;10;10;1233393;1726181592149194572
56;2;6;200;10;10;10;1385240;1726181592159184771
57;2;6;200;10;10;10;1235793;1726181592169184949
58;2;6;200;10;10;10;1239199;1726181592179198498
59;2;6;200;10;10;10;1222153;1726181592189202781
60;2;6;200;10;10;10;1235338;1726181592199216366
61;2;6;200;10;10;10;1231292;1726181592209194446
62;2;6;200;10;10;10;1255738;1726181592219188434
63;2;6;200;10;10;10;1239539;1726181592229183603
64;2;6;200;10;10;10;1296739;1726181592239183906
65;2;6;200;10;10;10;1243032;1726181592249182801
66;2;6;200;10;10;10;1370675;1726181592259185465
67;2;6;200;10;10;10;1247090;1726181592269179876
68;2;6;200;10;10;10;1258785;1726181592279188449
69;2;6;200;10;10;10;1248325;1726181592289192290
70;2;6;200;10;10;10;1263684;1726181592299184359
71;2;6;200;10;10;10;1237683;1726181592309181224
72;2;6;200;10;10;10;1302794;1726181592319186878
73;2;6;200;10;10;10;1237530;1726181592329182718
74;2;6;200;10;10;10;1294603;1726181592339182069
75;2;6;200;10;10;10;1235648;1726181592349180142
76;2;6;200;10;10;10;1416598;1726181592359192758
77;2;6;200;10;10;10;1251327;1726181592369175848
78;2;6;200;10;10;10;1269034;1726181592379184724
79;2;6;200;10;10;10;1237513;1726181592389182046
80;2;6;200;10;10;10;1278637;1726181592399195612
81;2;6;200;10;10;10;1240533;1726181592409178517
82;2;6;200;10;10;10;1247991;1726181592419197382
83;2;6;200;10;10;10;1240143;1726181592429188460
84;2;6;200;10;10;10;1293861;1726181592439186588
85;2;6;200;10;10;10;1277180;1726181592449149359
86;2;6;200;10;10;10;1335121;1726181592459148910
87;2;6;200;10;10;10;1267382;1726181592469162716
88;2;6;200;10;10;10;1278765;1726181592479164860
89;2;6;200;10;10;10;1279259;1726181592489145120
90;2;6;200;10;10;10;1292727;1726181592499144135
91;2;6;200;10;10;10;1277506;1726181592509146600
92;2;6;200;10;10;10;1293778;1726181592519148520
93;2;6;200;10;10;10;1278401;1726181592529145217
94;2;6;200;10;10;10;1289849;1726181592539148992
95;2;6;200;10;10;10;1245603;1726181592549193917
96;2;6;200;10;10;10;1349049;1726181592559187718
97;2;6;200;10;10;10;1248007;1726181592569188956
98;2;6;200;10;10;10;1271917;1726181592579190463
99;2;6;200;10;10;10;1501459;1726181592589181362
0;2;7;200;10;10;10;1786412;1726181591599319445
1;2;7;200;10;10;10;1661983;1726181591609293167
2;2;7;200;10;10;10;1630049;1726181591619318455
3;2;7;200;10;10;10;1456814;1726181591629186493
4;2;7;200;10;10;10;1481277;1726181591639192359
5;2;7;200;10;10;10;1489862;1726181591649151167
6;2;7;200;10;10;10;1481973;1726181591659105745
7;2;7;200;10;10;10;1488896;1726181591669159209
8;2;7;200;10;10;10;1509408;1726181591679168353
9;2;7;200;10;10;10;1478993;1726181591689164345
10;2;7;200;10;10;10;1512639;1726181591699152675
11;2;7;200;10;10;10;1493497;1726181591709148628
12;2;7;200;10;10;10;1502651;1726181591719159673
13;2;7;200;10;10;10;1510332;1726181591729107188
14;2;7;200;10;10;10;1526114;1726181591739167580
15;2;7;200;10;10;10;1470744;1726181591749151832
16;2;7;200;10;10;10;1536699;1726181591759176480
17;2;7;200;10;10;10;1459393;1726181591769147789
18;2;7;200;10;10;10;1486847;1726181591779150292
19;2;7;200;10;10;10;1464959;1726181591789154194
20;2;7;200;10;10;10;1459368;1726181591799112917
21;2;7;200;10;10;10;1440381;1726181591809168494
22;2;7;200;10;10;10;1455634;1726181591819171485
23;2;7;200;10;10;10;1456888;1726181591829153885
24;2;7;200;10;10;10;1477448;1726181591839146370
25;2;7;200;10;10;10;1439078;1726181591849164120
26;2;7;200;10;10;10;1570599;1726181591859166953
27;2;7;200;10;10;10;1445627;1726181591869167811
28;2;7;200;10;10;10;1476137;1726181591879166271
29;2;7;200;10;10;10;1457224;1726181591889152798
30;2;7;200;10;10;10;1465008;1726181591899163879
31;2;7;200;10;10;10;1449001;1726181591909165143
32;2;7;200;10;10;10;1470471;1726181591919172715
33;2;7;200;10;10;10;1437627;1726181591929166138
34;2;7;200;10;10;10;1460755;1726181591939168433
35;2;7;200;10;10;10;1405912;1726181591949204007
36;2;7;200;10;10;10;1532149;1726181591959186524
37;2;7;200;10;10;10;1403619;1726181591969192817
38;2;7;200;10;10;10;1452240;1726181591979194062
39;2;7;200;10;10;10;1414639;1726181591989189335
40;2;7;200;10;10;10;1456321;1726181591999202700
41;2;7;200;10;10;10;1401569;1726181592009207049
42;2;7;200;10;10;10;1449941;1726181592019196401
43;2;7;200;10;10;10;1433874;1726181592029182337
44;2;7;200;10;10;10;1431379;1726181592039195862
45;2;7;200;10;10;10;1415255;1726181592049189495
46;2;7;200;10;10;10;1523251;1726181592059189191
47;2;7;200;10;10;10;1407476;1726181592069201222
48;2;7;200;10;10;10;1420775;1726181592079195764
49;2;7;200;10;10;10;1408695;1726181592089193381
50;2;7;200;10;10;10;1470210;1726181592099186106
51;2;7;200;10;10;10;1419002;1726181592109192366
52;2;7;200;10;10;10;1424588;1726181592119197389
53;2;7;200;10;10;10;1406503;1726181592129196732
54;2;7;200;10;10;10;1423294;1726181592139192696
55;2;7;200;10;10;10;1405426;1726181592149204047
56;2;7;200;10;10;10;1558869;1726181592159196581
57;2;7;200;10;10;10;1413636;1726181592169188788
58;2;7;200;10;10;10;1413462;1726181592179205344
59;2;7;200;10;10;10;1399214;1726181592189208044
60;2;7;200;10;10;10;1412033;1726181592199221642
61;2;7;200;10;10;10;1397461;1726181592209210190
62;2;7;200;10;10;10;1432821;1726181592219192936
63;2;7;200;10;10;10;1417664;1726181592229188036
64;2;7;200;10;10;10;1468792;1726181592239193199
65;2;7;200;10;10;10;1417005;1726181592249190166
66;2;7;200;10;10;10;1545694;1726181592259192285
67;2;7;200;10;10;10;1424220;1726181592269185165
68;2;7;200;10;10;10;1433087;1726181592279196025
69;2;7;200;10;10;10;1430428;1726181592289197158
70;2;7;200;10;10;10;1435837;1726181592299194325
71;2;7;200;10;10;10;1409918;1726181592309190013
72;2;7;200;10;10;10;1473064;1726181592319199781
73;2;7;200;10;10;10;1411390;1726181592329191339
74;2;7;200;10;10;10;1470552;1726181592339188642
75;2;7;200;10;10;10;1399604;1726181592349196622
76;2;7;200;10;10;10;1590023;1726181592359201064
77;2;7;200;10;10;10;1417017;1726181592369194161
78;2;7;200;10;10;10;1440538;1726181592379195443
79;2;7;200;10;10;10;1412228;1726181592389189459
80;2;7;200;10;10;10;1456613;1726181592399200942
81;2;7;200;10;10;10;1411467;1726181592409188461
82;2;7;200;10;10;10;1426381;1726181592419201675
83;2;7;200;10;10;10;1417452;1726181592429192515
84;2;7;200;10;10;10;1466332;1726181592439194160
85;2;7;200;10;10;10;1459388;1726181592449153309
86;2;7;200;10;10;10;1501395;1726181592459168399
87;2;7;200;10;10;10;1448481;1726181592469167379
88;2;7;200;10;10;10;1458990;1726181592479169902
89;2;7;200;10;10;10;1461606;1726181592489149011
90;2;7;200;10;10;10;1475964;1726181592499148052
91;2;7;200;10;10;10;1457416;1726181592509153274
92;2;7;200;10;10;10;1458966;1726181592519168094
93;2;7;200;10;10;10;1448644;1726181592529162108
94;2;7;200;10;10;10;1461628;1726181592539163713
95;2;7;200;10;10;10;1422217;1726181592549199526
96;2;7;200;10;10;10;1527369;1726181592559194122
97;2;7;200;10;10;10;1430054;1726181592569192443
98;2;7;200;10;10;10;1451764;1726181592579195504
99;2;7;200;10;10;10;1682047;1726181592589185948
0;2;8;200;10;10;10;1964599;1726181591599328299
1;2;8;200;10;10;10;1839574;1726181591609302665
2;2;8;200;10;10;10;1809718;1726181591619327858
3;2;8;200;10;10;10;1628432;1726181591629201781
4;2;8;200;10;10;10;1656663;1726181591639198867
5;2;8;200;10;10;10;1672113;1726181591649158601
6;2;8;200;10;10;10;1658654;1726181591659119759
7;2;8;200;10;10;10;1670476;1726181591669170542
8;2;8;200;10;10;10;1695185;1726181591679173256
9;2;8;200;10;10;10;1666017;1726181591689169409
10;2;8;200;10;10;10;1688681;1726181591699167560
11;2;8;200;10;10;10;1672044;1726181591709163177
12;2;8;200;10;10;10;1687658;1726181591719165689
13;2;8;200;10;10;10;1699019;1726181591729112377
14;2;8;200;10;10;10;1710673;1726181591739175129
15;2;8;200;10;10;10;1642915;1726181591749166446
16;2;8;200;10;10;10;1718027;1726181591759181089
17;2;8;200;10;10;10;1630525;1726181591769163381
18;2;8;200;10;10;10;1658181;1726181591779165004
19;2;8;200;10;10;10;1637856;1726181591789168271
20;2;8;200;10;10;10;1640914;1726181591799117090
21;2;8;200;10;10;10;1621907;1726181591809173138
22;2;8;200;10;10;10;1635710;1726181591819176545
23;2;8;200;10;10;10;1629486;1726181591829168005
24;2;8;200;10;10;10;1647053;1726181591839162359
25;2;8;200;10;10;10;1617518;1726181591849173129
26;2;8;200;10;10;10;1744712;1726181591859178918
27;2;8;200;10;10;10;1627559;1726181591869172656
28;2;8;200;10;10;10;1649830;1726181591879178340
29;2;8;200;10;10;10;1629771;1726181591889166490
30;2;8;200;10;10;10;1646349;1726181591899168780
31;2;8;200;10;10;10;1624398;1726181591909177268
32;2;8;200;10;10;10;1651472;1726181591919177186
33;2;8;200;10;10;10;1617994;1726181591929171156
34;2;8;200;10;10;10;1641711;1726181591939173409
35;2;8;200;10;10;10;1583713;1726181591949207933
36;2;8;200;10;10;10;1709043;1726181591959195832
37;2;8;200;10;10;10;1582059;1726181591969196668
38;2;8;200;10;10;10;1627781;1726181591979199530
39;2;8;200;10;10;10;1590739;1726181591989196371
40;2;8;200;10;10;10;1630117;1726181591999210030
41;2;8;200;10;10;10;1578941;1726181592009211057
42;2;8;200;10;10;10;1629071;1726181592019203696
43;2;8;200;10;10;10;1607492;1726181592029189287
44;2;8;200;10;10;10;1602111;1726181592039206428
45;2;8;200;10;10;10;1591129;1726181592049195088
46;2;8;200;10;10;10;1694071;1726181592059199196
47;2;8;200;10;10;10;1585505;1726181592069205567
48;2;8;200;10;10;10;1597555;1726181592079201212
49;2;8;200;10;10;10;1587440;1726181592089198022
50;2;8;200;10;10;10;1645568;1726181592099191698
51;2;8;200;10;10;10;1597527;1726181592109196267
52;2;8;200;10;10;10;1601421;1726181592119201968
53;2;8;200;10;10;10;1581112;1726181592129203741
54;2;8;200;10;10;10;1595665;1726181592139199895
55;2;8;200;10;10;10;1581978;1726181592149210102
56;2;8;200;10;10;10;1736779;1726181592159205086
57;2;8;200;10;10;10;1588665;1726181592169196204
58;2;8;200;10;10;10;1586105;1726181592179212936
59;2;8;200;10;10;10;1573570;1726181592189215306
60;2;8;200;10;10;10;1589378;1726181592199226013
61;2;8;200;10;10;10;1573798;1726181592209215312
62;2;8;200;10;10;10;1602741;1726181592219204852
63;2;8;200;10;10;10;1591842;1726181592229196170
64;2;8;200;10;10;10;1645316;1726181592239197907
65;2;8;200;10;10;10;1591332;1726181592249197690
66;2;8;200;10;10;10;1719346;1726181592259199115
67;2;8;200;10;10;10;1598937;1726181592269191632
68;2;8;200;10;10;10;1603541;1726181592279205952
69;2;8;200;10;10;10;1608633;1726181592289205737
70;2;8;200;10;10;10;1608779;1726181592299203673
71;2;8;200;10;10;10;1583676;1726181592309196899
72;2;8;200;10;10;10;1649636;1726181592319206885
73;2;8;200;10;10;10;1588604;1726181592329195553
74;2;8;200;10;10;10;1646901;1726181592339195514
75;2;8;200;10;10;10;1576684;1726181592349201686
76;2;8;200;10;10;10;1765079;1726181592359205169
77;2;8;200;10;10;10;1596986;1726181592369199209
78;2;8;200;10;10;10;1617067;1726181592379200582
79;2;8;200;10;10;10;1584510;1726181592389198740
80;2;8;200;10;10;10;1634844;1726181592399204631
81;2;8;200;10;10;10;1588631;1726181592409192875
82;2;8;200;10;10;10;1605367;1726181592419205409
83;2;8;200;10;10;10;1595359;1726181592429196351
84;2;8;200;10;10;10;1640894;1726181592439200897
85;2;8;200;10;10;10;1631234;1726181592449167475
86;2;8;200;10;10;10;1682512;1726181592459173621
87;2;8;200;10;10;10;1632520;1726181592469170964
88;2;8;200;10;10;10;1640212;1726181592479174014
89;2;8;200;10;10;10;1631228;1726181592489165027
90;2;8;200;10;10;10;1648127;1726181592499162551
91;2;8;200;10;10;10;1637962;1726181592509159408
92;2;8;200;10;10;10;1638577;1726181592519173264
93;2;8;200;10;10;10;1623093;1726181592529173762
94;2;8;200;10;10;10;1640096;1726181592539171857
95;2;8;200;10;10;10;1599776;1726181592549206391
96;2;8;200;10;10;10;1700208;1726181592559205447
97;2;8;200;10;10;10;1611635;1726181592569196031
98;2;8;200;10;10;10;1628907;1726181592579203058
99;2;8;200;10;10;10;1861993;1726181592589192091
0;2;9;200;10;10;10;2143751;1726181591599336602
1;2;9;200;10;10;10;2019645;1726181591609312454
2;2;9;200;10;10;10;1987476;1726181591619339007
3;2;9;200;10;10;10;1795336;1726181591629223890
4;2;9;200;10;10;10;1830497;1726181591639206925
5;2;9;200;10;10;10;1858909;1726181591649163155
6;2;9;200;10;10;10;1846234;1726181591659124692
7;2;9;200;10;10;10;1853239;1726181591669179018
8;2;9;200;10;10;10;1882023;1726181591679177508
9;2;9;200;10;10;10;1853605;1726181591689173645
10;2;9;200;10;10;10;1868141;1726181591699179429
11;2;9;200;10;10;10;1858198;1726181591709170339
12;2;9;200;10;10;10;1869093;1726181591719174625
13;2;9;200;10;10;10;1879521;1726181591729125029
14;2;9;200;10;10;10;1893607;1726181591739184785
15;2;9;200;10;10;10;1821604;1726181591749174866
16;2;9;200;10;10;10;1901184;1726181591759185276
17;2;9;200;10;10;10;1798369;1726181591769181700
18;2;9;200;10;10;10;1829501;1726181591779179336
19;2;9;200;10;10;10;1815129;1726181591789178269
20;2;9;200;10;10;10;1808542;1726181591799135705
21;2;9;200;10;10;10;1804245;1726181591809177201
22;2;9;200;10;10;10;1816654;1726181591819180755
23;2;9;200;10;10;10;1805713;1726181591829179608
24;2;9;200;10;10;10;1819340;1726181591839175092
25;2;9;200;10;10;10;1796763;1726181591849181097
26;2;9;200;10;10;10;1926932;1726181591859183821
27;2;9;200;10;10;10;1811368;1726181591869176317
28;2;9;200;10;10;10;1830967;1726181591879182970
29;2;9;200;10;10;10;1811713;1726181591889170999
30;2;9;200;10;10;10;1829360;1726181591899172928
31;2;9;200;10;10;10;1805974;1726181591909183840
32;2;9;200;10;10;10;1830920;1726181591919185717
33;2;9;200;10;10;10;1800324;1726181591929175337
34;2;9;200;10;10;10;1824584;1726181591939177679
35;2;9;200;10;10;10;1761745;1726181591949211786
36;2;9;200;10;10;10;1889690;1726181591959201573
37;2;9;200;10;10;10;1758828;1726181591969200731
38;2;9;200;10;10;10;1799810;1726181591979208975
39;2;9;200;10;10;10;1765261;1726181591989203973
40;2;9;200;10;10;10;1798211;1726181591999223719
41;2;9;200;10;10;10;1758352;1726181592009214562
42;2;9;200;10;10;10;1806896;1726181592019212561
43;2;9;200;10;10;10;1782560;1726181592029196057
44;2;9;200;10;10;10;1775655;1726181592039215307
45;2;9;200;10;10;10;1766342;1726181592049202297
46;2;9;200;10;10;10;1864933;1726181592059209502
47;2;9;200;10;10;10;1756586;1726181592069217199
48;2;9;200;10;10;10;1773855;1726181592079208566
49;2;9;200;10;10;10;1765187;1726181592089202890
50;2;9;200;10;10;10;1821336;1726181592099197752
51;2;9;200;10;10;10;1771372;1726181592109205396
52;2;9;200;10;10;10;1779166;1726181592119206015
53;2;9;200;10;10;10;1756634;1726181592129210534
54;2;9;200;10;10;10;1766052;1726181592139209159
55;2;9;200;10;10;10;1757637;1726181592149217323
56;2;9;200;10;10;10;1913198;1726181592159214661
57;2;9;200;10;10;10;1765476;1726181592169203489
58;2;9;200;10;10;10;1760492;1726181592179220023
59;2;9;200;10;10;10;1749752;1726181592189222347
60;2;9;200;10;10;10;1757827;1726181592199241498
61;2;9;200;10;10;10;1748178;1726181592209223986
62;2;9;200;10;10;10;1779851;1726181592219211108
63;2;9;200;10;10;10;1761878;1726181592229207915
64;2;9;200;10;10;10;1819139;1726181592239206167
65;2;9;200;10;10;10;1767123;1726181592249205196
66;2;9;200;10;10;10;1894781;1726181592259206083
67;2;9;200;10;10;10;1764725;1726181592269208687
68;2;9;200;10;10;10;1781382;1726181592279210197
69;2;9;200;10;10;10;1791533;1726181592289210303
70;2;9;200;10;10;10;1787336;1726181592299208443
71;2;9;200;10;10;10;1755193;1726181592309206416
72;2;9;200;10;10;10;1827643;1726181592319212405
73;2;9;200;10;10;10;1764121;1726181592329202778
74;2;9;200;10;10;10;1821971;1726181592339202785
75;2;9;200;10;10;10;1756206;1726181592349205562
76;2;9;200;10;10;10;1914220;1726181592359238306
77;2;9;200;10;10;10;1777285;1726181592369202853
78;2;9;200;10;10;10;1791323;1726181592379207783
79;2;9;200;10;10;10;1763058;1726181592389203211
80;2;9;200;10;10;10;1812623;1726181592399208538
81;2;9;200;10;10;10;1763092;1726181592409199830
82;2;9;200;10;10;10;1783955;1726181592419209406
83;2;9;200;10;10;10;1763466;1726181592429211363
84;2;9;200;10;10;10;1815033;1726181592439208303
85;2;9;200;10;10;10;1813132;1726181592449172883
86;2;9;200;10;10;10;1864340;1726181592459177777
87;2;9;200;10;10;10;1814963;1726181592469174550
88;2;9;200;10;10;10;1821901;1726181592479177951
89;2;9;200;10;10;10;1805492;1726181592489175701
90;2;9;200;10;10;10;1821501;1726181592499176438
91;2;9;200;10;10;10;1819996;1726181592509163731
92;2;9;200;10;10;10;1822021;1726181592519177347
93;2;9;200;10;10;10;1788105;1726181592529195849
94;2;9;200;10;10;10;1818532;1726181592539180309
95;2;9;200;10;10;10;1778921;1726181592549213016
96;2;9;200;10;10;10;1880046;1726181592559210742
97;2;9;200;10;10;10;1793389;1726181592569200093
98;2;9;200;10;10;10;1798839;1726181592579218417
99;2;9;200;10;10;10;2040195;1726181592589202177
0;3;0;200;10;10;10;659030;1726181591599138973
1;3;0;200;10;10;10;513824;1726181591609140975
2;3;0;200;10;10;10;419738;1726181591619147767
3;3;0;200;10;10;10;255269;1726181591629087206
4;3;0;200;10;10;10;224129;1726181591639111599
5;3;0;200;10;10;10;210514;1726181591649099284
6;3;0;200;10;10;10;205701;1726181591659034335
7;3;0;200;10;10;10;211959;1726181591669100589
8;3;0;200;10;10;10;212154;1726181591679103716
9;3;0;200;10;10;10;207127;1726181591689101191
10;3;0;200;10;10;10;210757;1726181591699103802
11;3;0;200;10;10;10;206979;1726181591709100944
12;3;0;200;10;10;10;215537;1726181591719099757
13;3;0;200;10;10;10;225049;1726181591729043991
14;3;0;200;10;10;10;215717;1726181591739102194
15;3;0;200;10;10;10;209518;1726181591749102970
16;3;0;200;10;10;10;254893;1726181591759102100
17;3;0;200;10;10;10;206330;1726181591769101848
18;3;0;200;10;10;10;201224;1726181591779100909
19;3;0;200;10;10;10;208944;1726181591789106467
20;3;0;200;10;10;10;213811;1726181591799039848
21;3;0;200;10;10;10;203441;1726181591809106935
22;3;0;200;10;10;10;214992;1726181591819102841
23;3;0;200;10;10;10;201743;1726181591829106798
24;3;0;200;10;10;10;208975;1726181591839098642
25;3;0;200;10;10;10;201940;1726181591849100811
26;3;0;200;10;10;10;296855;1726181591859105443
27;3;0;200;10;10;10;207175;1726181591869103707
28;3;0;200;10;10;10;210045;1726181591879105866
29;3;0;200;10;10;10;206380;1726181591889102569
30;3;0;200;10;10;10;210406;1726181591899099556
31;3;0;200;10;10;10;212410;1726181591909105698
32;3;0;200;10;10;10;220142;1726181591919103613
33;3;0;200;10;10;10;203698;1726181591929102952
34;3;0;200;10;10;10;204064;1726181591939104805
35;3;0;200;10;10;10;227541;1726181591949110321
36;3;0;200;10;10;10;300359;1726181591959111322
37;3;0;200;10;10;10;223278;1726181591969109407
38;3;0;200;10;10;10;222237;1726181591979111991
39;3;0;200;10;10;10;223911;1726181591989111481
40;3;0;200;10;10;10;226687;1726181591999111079
41;3;0;200;10;10;10;226021;1726181592009111285
42;3;0;200;10;10;10;212093;1726181592019112519
43;3;0;200;10;10;10;235700;1726181592029110509
44;3;0;200;10;10;10;224385;1726181592039112893
45;3;0;200;10;10;10;225066;1726181592049109897
46;3;0;200;10;10;10;265500;1726181592059110730
47;3;0;200;10;10;10;227858;1726181592069109766
48;3;0;200;10;10;10;223300;1726181592079112359
49;3;0;200;10;10;10;221381;1726181592089110355
50;3;0;200;10;10;10;226634;1726181592099110057
51;3;0;200;10;10;10;226379;1726181592109111294
52;3;0;200;10;10;10;224259;1726181592119110825
53;3;0;200;10;10;10;227235;1726181592129109647
54;3;0;200;10;10;10;229012;1726181592139111820
55;3;0;200;10;10;10;226348;1726181592149110070
56;3;0;200;10;10;10;321626;1726181592159112319
57;3;0;200;10;10;10;223219;1726181592169110288
58;3;0;200;10;10;10;229414;1726181592179110282
59;3;0;200;10;10;10;211293;1726181592189111125
60;3;0;200;10;10;10;213362;1726181592199115812
61;3;0;200;10;10;10;211862;1726181592209110101
62;3;0;200;10;10;10;225407;1726181592219111227
63;3;0;200;10;10;10;222636;1726181592229110668
64;3;0;200;10;10;10;236864;1726181592239111910
65;3;0;200;10;10;10;227040;1726181592249110571
66;3;0;200;10;10;10;302889;1726181592259111992
67;3;0;200;10;10;10;227238;1726181592269110925
68;3;0;200;10;10;10;224505;1726181592279111580
69;3;0;200;10;10;10;215157;1726181592289110482
70;3;0;200;10;10;10;228913;1726181592299111646
71;3;0;200;10;10;10;224798;1726181592309111497
72;3;0;200;10;10;10;242871;1726181592319114331
73;3;0;200;10;10;10;225377;1726181592329110121
74;3;0;200;10;10;10;225743;1726181592339111833
75;3;0;200;10;10;10;222241;1726181592349108648
76;3;0;200;10;10;10;306875;1726181592359111208
77;3;0;200;10;10;10;222685;1726181592369109728
78;3;0;200;10;10;10;234249;1726181592379111388
79;3;0;200;10;10;10;223955;1726181592389111561
80;3;0;200;10;10;10;224992;1726181592399111974
81;3;0;200;10;10;10;226669;1726181592409109959
82;3;0;200;10;10;10;227703;1726181592419111748
83;3;0;200;10;10;10;222697;1726181592429111165
84;3;0;200;10;10;10;235448;1726181592439111048
85;3;0;200;10;10;10;204563;1726181592449106695
86;3;0;200;10;10;10;238989;1726181592459103813
87;3;0;200;10;10;10;203005;1726181592469107044
88;3;0;200;10;10;10;209888;1726181592479103706
89;3;0;200;10;10;10;211927;1726181592489102978
90;3;0;200;10;10;10;203722;1726181592499100915
91;3;0;200;10;10;10;203043;1726181592509103624
92;3;0;200;10;10;10;208343;1726181592519104535
93;3;0;200;10;10;10;200382;1726181592529103066
94;3;0;200;10;10;10;207081;1726181592539104790
95;3;0;200;10;10;10;230309;1726181592549110197
96;3;0;200;10;10;10;248054;1726181592559111718
97;3;0;200;10;10;10;224727;1726181592569110377
98;3;0;200;10;10;10;230406;1726181592579111335
99;3;0;200;10;10;10;241573;1726181592589110225
0;3;1;200;10;10;10;738992;1726181591599249779
1;3;1;200;10;10;10;629941;1726181591609214904
2;3;1;200;10;10;10;608141;1726181591619223344
3;3;1;200;10;10;10;406830;1726181591629130194
4;3;1;200;10;10;10;373970;1726181591639150938
5;3;1;200;10;10;10;387021;1726181591649122758
6;3;1;200;10;10;10;379331;1726181591659060433
7;3;1;200;10;10;10;387375;1726181591669124682
8;3;1;200;10;10;10;387307;1726181591679127684
9;3;1;200;10;10;10;383765;1726181591689124278
10;3;1;200;10;10;10;385025;1726181591699127635
11;3;1;200;10;10;10;382101;1726181591709123878
12;3;1;200;10;10;10;389811;1726181591719123899
13;3;1;200;10;10;10;397726;1726181591729073828
14;3;1;200;10;10;10;388843;1726181591739129410
15;3;1;200;10;10;10;381111;1726181591749126615
16;3;1;200;10;10;10;425633;1726181591759127219
17;3;1;200;10;10;10;378398;1726181591769124564
18;3;1;200;10;10;10;373355;1726181591779124153
19;3;1;200;10;10;10;381478;1726181591789129202
20;3;1;200;10;10;10;388635;1726181591799065232
21;3;1;200;10;10;10;375911;1726181591809129254
22;3;1;200;10;10;10;384002;1726181591819126378
23;3;1;200;10;10;10;373993;1726181591829129593
24;3;1;200;10;10;10;380148;1726181591839121992
25;3;1;200;10;10;10;374777;1726181591849123476
26;3;1;200;10;10;10;468062;1726181591859129454
27;3;1;200;10;10;10;380123;1726181591869126350
28;3;1;200;10;10;10;381828;1726181591879128901
29;3;1;200;10;10;10;377689;1726181591889125311
30;3;1;200;10;10;10;382255;1726181591899122790
31;3;1;200;10;10;10;383420;1726181591909127901
32;3;1;200;10;10;10;392001;1726181591919126700
33;3;1;200;10;10;10;375825;1726181591929125330
34;3;1;200;10;10;10;374936;1726181591939128178
35;3;1;200;10;10;10;380235;1726181591949146972
36;3;1;200;10;10;10;458808;1726181591959149695
37;3;1;200;10;10;10;374845;1726181591969146185
38;3;1;200;10;10;10;373391;1726181591979149427
39;3;1;200;10;10;10;377891;1726181591989148170
40;3;1;200;10;10;10;379917;1726181591999148568
41;3;1;200;10;10;10;379435;1726181592009147174
42;3;1;200;10;10;10;368179;1726181592019150709
43;3;1;200;10;10;10;388721;1726181592029147052
44;3;1;200;10;10;10;375852;1726181592039150672
45;3;1;200;10;10;10;379240;1726181592049146213
46;3;1;200;10;10;10;438006;1726181592059148799
47;3;1;200;10;10;10;379186;1726181592069147047
48;3;1;200;10;10;10;375908;1726181592079149710
49;3;1;200;10;10;10;374815;1726181592089146904
50;3;1;200;10;10;10;378987;1726181592099147389
51;3;1;200;10;10;10;379368;1726181592109148112
52;3;1;200;10;10;10;376532;1726181592119148172
53;3;1;200;10;10;10;380078;1726181592129146385
54;3;1;200;10;10;10;380993;1726181592139148962
55;3;1;200;10;10;10;379431;1726181592149146723
56;3;1;200;10;10;10;486395;1726181592159149919
57;3;1;200;10;10;10;376333;1726181592169147041
58;3;1;200;10;10;10;381059;1726181592179147697
59;3;1;200;10;10;10;376623;1726181592189147291
60;3;1;200;10;10;10;379061;1726181592199152966
61;3;1;200;10;10;10;378393;1726181592209146101
62;3;1;200;10;10;10;378127;1726181592219148257
63;3;1;200;10;10;10;374789;1726181592229146919
64;3;1;200;10;10;10;389634;1726181592239149138
65;3;1;200;10;10;10;379934;1726181592249147221
66;3;1;200;10;10;10;467647;1726181592259150055
67;3;1;200;10;10;10;379666;1726181592269147561
68;3;1;200;10;10;10;378391;1726181592279148498
69;3;1;200;10;10;10;373965;1726181592289146895
70;3;1;200;10;10;10;381778;1726181592299149171
71;3;1;200;10;10;10;377474;1726181592309147987
72;3;1;200;10;10;10;395084;1726181592319151984
73;3;1;200;10;10;10;377893;1726181592329146628
74;3;1;200;10;10;10;379162;1726181592339149304
75;3;1;200;10;10;10;375287;1726181592349145335
76;3;1;200;10;10;10;471647;1726181592359149136
77;3;1;200;10;10;10;376839;1726181592369146236
78;3;1;200;10;10;10;386687;1726181592379148864
79;3;1;200;10;10;10;376057;1726181592389148069
80;3;1;200;10;10;10;378475;1726181592399149441
81;3;1;200;10;10;10;379116;1726181592409146963
82;3;1;200;10;10;10;379276;1726181592419149410
83;3;1;200;10;10;10;375081;1726181592429147941
84;3;1;200;10;10;10;388046;1726181592439148377
85;3;1;200;10;10;10;377346;1726181592449128970
86;3;1;200;10;10;10;415958;1726181592459127625
87;3;1;200;10;10;10;376697;1726181592469129414
88;3;1;200;10;10;10;381260;1726181592479126874
89;3;1;200;10;10;10;383863;1726181592489125194
90;3;1;200;10;10;10;374961;1726181592499123537
91;3;1;200;10;10;10;376340;1726181592509126123
92;3;1;200;10;10;10;379120;1726181592519127876
93;3;1;200;10;10;10;373904;1726181592529125335
94;3;1;200;10;10;10;378453;1726181592539127726
95;3;1;200;10;10;10;385336;1726181592549147273
96;3;1;200;10;10;10;433341;1726181592559149695
97;3;1;200;10;10;10;380000;1726181592569147132
98;3;1;200;10;10;10;384805;1726181592579149071
99;3;1;200;10;10;10;471750;1726181592589146601
0;3;2;200;10;10;10;916580;1726181591599259481
1;3;2;200;10;10;10;793452;1726181591609238487
2;3;2;200;10;10;10;772647;1726181591619248052
3;3;2;200;10;10;10;585713;1726181591629138026
4;3;2;200;10;10;10;601472;1726181591639157284
5;3;2;200;10;10;10;573894;1726181591649128294
6;3;2;200;10;10;10;560386;1726181591659070289
7;3;2;200;10;10;10;574610;1726181591669130127
8;3;2;200;10;10;10;596776;1726181591679133368
9;3;2;200;10;10;10;571769;1726181591689129598
10;3;2;200;10;10;10;586867;1726181591699133360
11;3;2;200;10;10;10;568558;1726181591709129134
12;3;2;200;10;10;10;590131;1726181591719129587
13;3;2;200;10;10;10;588046;1726181591729079851
14;3;2;200;10;10;10;607845;1726181591739135576
15;3;2;200;10;10;10;565597;1726181591749132278
16;3;2;200;10;10;10;664499;1726181591759133075
17;3;2;200;10;10;10;560563;1726181591769129889
18;3;2;200;10;10;10;557991;1726181591779129632
19;3;2;200;10;10;10;563717;1726181591789134611
20;3;2;200;10;10;10;570306;1726181591799070768
21;3;2;200;10;10;10;558233;1726181591809134610
22;3;2;200;10;10;10;564373;1726181591819131867
23;3;2;200;10;10;10;557348;1726181591829134914
24;3;2;200;10;10;10;561913;1726181591839127307
25;3;2;200;10;10;10;557385;1726181591849128664
26;3;2;200;10;10;10;685304;1726181591859135207
27;3;2;200;10;10;10;561877;1726181591869131483
28;3;2;200;10;10;10;581205;1726181591879134296
29;3;2;200;10;10;10;561060;1726181591889130552
30;3;2;200;10;10;10;564565;1726181591899128264
31;3;2;200;10;10;10;565135;1726181591909133159
32;3;2;200;10;10;10;591267;1726181591919132264
33;3;2;200;10;10;10;559040;1726181591929130475
34;3;2;200;10;10;10;558108;1726181591939133542
35;3;2;200;10;10;10;558789;1726181591949152431
36;3;2;200;10;10;10;646505;1726181591959155420
37;3;2;200;10;10;10;539855;1726181591969163649
38;3;2;200;10;10;10;581102;1726181591979155208
39;3;2;200;10;10;10;553317;1726181591989156509
40;3;2;200;10;10;10;571702;1726181591999174729
41;3;2;200;10;10;10;555507;1726181592009154454
42;3;2;200;10;10;10;564523;1726181592019156448
43;3;2;200;10;10;10;566726;1726181592029152513
44;3;2;200;10;10;10;572563;1726181592039156287
45;3;2;200;10;10;10;555243;1726181592049153851
46;3;2;200;10;10;10;661297;1726181592059154609
47;3;2;200;10;10;10;558072;1726181592069152242
48;3;2;200;10;10;10;558765;1726181592079157255
49;3;2;200;10;10;10;552243;1726181592089154039
50;3;2;200;10;10;10;586258;1726181592099153030
51;3;2;200;10;10;10;559616;1726181592109153745
52;3;2;200;10;10;10;571757;1726181592119153822
53;3;2;200;10;10;10;555288;1726181592129153576
54;3;2;200;10;10;10;573520;1726181592139154704
55;3;2;200;10;10;10;558290;1726181592149152122
56;3;2;200;10;10;10;686325;1726181592159155843
57;3;2;200;10;10;10;549111;1726181592169156708
58;3;2;200;10;10;10;559599;1726181592179168254
59;3;2;200;10;10;10;536413;1726181592189170643
60;3;2;200;10;10;10;560505;1726181592199173645
61;3;2;200;10;10;10;544749;1726181592209164028
62;3;2;200;10;10;10;570040;1726181592219156017
63;3;2;200;10;10;10;551438;1726181592229154524
64;3;2;200;10;10;10;611928;1726181592239154660
65;3;2;200;10;10;10;546365;1726181592249164403
66;3;2;200;10;10;10;685498;1726181592259158664
67;3;2;200;10;10;10;558703;1726181592269152699
68;3;2;200;10;10;10;558905;1726181592279168396
69;3;2;200;10;10;10;555912;1726181592289152401
70;3;2;200;10;10;10;578061;1726181592299154747
71;3;2;200;10;10;10;555330;1726181592309153472
72;3;2;200;10;10;10;604541;1726181592319157557
73;3;2;200;10;10;10;553985;1726181592329153812
74;3;2;200;10;10;10;589817;1726181592339154747
75;3;2;200;10;10;10;551336;1726181592349152391
76;3;2;200;10;10;10;736497;1726181592359156419
77;3;2;200;10;10;10;555183;1726181592369151456
78;3;2;200;10;10;10;580144;1726181592379154672
79;3;2;200;10;10;10;553768;1726181592389153404
80;3;2;200;10;10;10;585167;1726181592399158644
81;3;2;200;10;10;10;556638;1726181592409152508
82;3;2;200;10;10;10;572179;1726181592419155180
83;3;2;200;10;10;10;553347;1726181592429153431
84;3;2;200;10;10;10;582418;1726181592439167628
85;3;2;200;10;10;10;559668;1726181592449134286
86;3;2;200;10;10;10;615805;1726181592459133168
87;3;2;200;10;10;10;559844;1726181592469134684
88;3;2;200;10;10;10;562948;1726181592479132317
89;3;2;200;10;10;10;565305;1726181592489130408
90;3;2;200;10;10;10;556599;1726181592499129068
91;3;2;200;10;10;10;559542;1726181592509131455
92;3;2;200;10;10;10;561147;1726181592519133300
93;3;2;200;10;10;10;557373;1726181592529130497
94;3;2;200;10;10;10;561371;1726181592539133377
95;3;2;200;10;10;10;550329;1726181592549168476
96;3;2;200;10;10;10;655601;1726181592559155259
97;3;2;200;10;10;10;561032;1726181592569152299
98;3;2;200;10;10;10;581740;1726181592579154646
99;3;2;200;10;10;10;661497;1726181592589153589
0;3;3;200;10;10;10;1097254;1726181591599266442
1;3;3;200;10;10;10;969618;1726181591609249279
2;3;3;200;10;10;10;946227;1726181591619263201
3;3;3;200;10;10;10;760481;1726181591629150314
4;3;3;200;10;10;10;790068;1726181591639168672
5;3;3;200;10;10;10;761028;1726181591649132262
6;3;3;200;10;10;10;763614;1726181591659077113
7;3;3;200;10;10;10;762673;1726181591669133945
8;3;3;200;10;10;10;788366;1726181591679137353
9;3;3;200;10;10;10;758833;1726181591689133507
10;3;3;200;10;10;10;780585;1726181591699137163
11;3;3;200;10;10;10;756566;1726181591709132861
12;3;3;200;10;10;10;782934;1726181591719133486
13;3;3;200;10;10;10;778328;1726181591729084508
14;3;3;200;10;10;10;800819;1726181591739139692
15;3;3;200;10;10;10;750650;1726181591749136062
16;3;3;200;10;10;10;847496;1726181591759137325
17;3;3;200;10;10;10;742759;1726181591769133578
18;3;3;200;10;10;10;778526;1726181591779133390
19;3;3;200;10;10;10;746952;1726181591789138391
20;3;3;200;10;10;10;761813;1726181591799074726
21;3;3;200;10;10;10;740969;1726181591809138534
22;3;3;200;10;10;10;763068;1726181591819135782
23;3;3;200;10;10;10;739811;1726181591829138766
24;3;3;200;10;10;10;764277;1726181591839131149
25;3;3;200;10;10;10;738714;1726181591849132585
26;3;3;200;10;10;10;866606;1726181591859139195
27;3;3;200;10;10;10;744549;1726181591869135247
28;3;3;200;10;10;10;771556;1726181591879137993
29;3;3;200;10;10;10;745221;1726181591889134306
30;3;3;200;10;10;10;766853;1726181591899131954
31;3;3;200;10;10;10;747176;1726181591909136807
32;3;3;200;10;10;10;776945;1726181591919136233
33;3;3;200;10;10;10;742543;1726181591929134306
34;3;3;200;10;10;10;761688;1726181591939137269
35;3;3;200;10;10;10;725497;1726181591949168808
36;3;3;200;10;10;10;824489;1726181591959164357
37;3;3;200;10;10;10;717416;1726181591969168393
38;3;3;200;10;10;10;772583;1726181591979162739
39;3;3;200;10;10;10;728775;1726181591989162699
40;3;3;200;10;10;10;765179;1726181591999179902
41;3;3;200;10;10;10;729121;1726181592009164437
42;3;3;200;10;10;10;746992;1726181592019164840
43;3;3;200;10;10;10;739578;1726181592029162729
44;3;3;200;10;10;10;747739;1726181592039165948
45;3;3;200;10;10;10;725866;1726181592049164945
46;3;3;200;10;10;10;830932;1726181592059168306
47;3;3;200;10;10;10;721149;1726181592069171888
48;3;3;200;10;10;10;734837;1726181592079166136
49;3;3;200;10;10;10;726211;1726181592089161460
50;3;3;200;10;10;10;779325;1726181592099161598
51;3;3;200;10;10;10;730814;1726181592109166073
52;3;3;200;10;10;10;742466;1726181592119167667
53;3;3;200;10;10;10;730426;1726181592129159344
54;3;3;200;10;10;10;745547;1726181592139165065
55;3;3;200;10;10;10;720643;1726181592149172100
56;3;3;200;10;10;10;861145;1726181592159166837
57;3;3;200;10;10;10;720027;1726181592169168237
58;3;3;200;10;10;10;734076;1726181592179175961
59;3;3;200;10;10;10;705873;1726181592189183783
60;3;3;200;10;10;10;739152;1726181592199179566
61;3;3;200;10;10;10;722547;1726181592209168942
62;3;3;200;10;10;10;745841;1726181592219164490
63;3;3;200;10;10;10;726130;1726181592229163822
64;3;3;200;10;10;10;780757;1726181592239168333
65;3;3;200;10;10;10;724151;1726181592249169312
66;3;3;200;10;10;10;859339;1726181592259167151
67;3;3;200;10;10;10;730681;1726181592269163389
68;3;3;200;10;10;10;739592;1726181592279173455
69;3;3;200;10;10;10;725457;1726181592289170449
70;3;3;200;10;10;10;748194;1726181592299168904
71;3;3;200;10;10;10;724641;1726181592309165177
72;3;3;200;10;10;10;793557;1726181592319164118
73;3;3;200;10;10;10;722833;1726181592329166552
74;3;3;200;10;10;10;776552;1726181592339165731
75;3;3;200;10;10;10;725134;1726181592349160143
76;3;3;200;10;10;10;911193;1726181592359164861
77;3;3;200;10;10;10;732931;1726181592369157143
78;3;3;200;10;10;10;752099;1726181592379167340
79;3;3;200;10;10;10;722242;1726181592389167016
80;3;3;200;10;10;10;773828;1726181592399167431
81;3;3;200;10;10;10;726230;1726181592409162974
82;3;3;200;10;10;10;743406;1726181592419168857
83;3;3;200;10;10;10;732105;1726181592429159198
84;3;3;200;10;10;10;775733;1726181592439172757
85;3;3;200;10;10;10;742451;1726181592449138083
86;3;3;200;10;10;10;800313;1726181592459137174
87;3;3;200;10;10;10;743629;1726181592469138348
88;3;3;200;10;10;10;763576;1726181592479136118
89;3;3;200;10;10;10;747641;1726181592489134111
90;3;3;200;10;10;10;758793;1726181592499132895
91;3;3;200;10;10;10;742325;1726181592509135319
92;3;3;200;10;10;10;762559;1726181592519137041
93;3;3;200;10;10;10;741693;1726181592529134076
94;3;3;200;10;10;10;754126;1726181592539137343
95;3;3;200;10;10;10;729121;1726181592549174687
96;3;3;200;10;10;10;831647;1726181592559164195
97;3;3;200;10;10;10;737777;1726181592569159702
98;3;3;200;10;10;10;746305;1726181592579177468
99;3;3;200;10;10;10;899518;1726181592589166909
0;3;4;200;10;10;10;1277973;1726181591599274187
1;3;4;200;10;10;10;1142338;1726181591609264261
2;3;4;200;10;10;10;1117946;1726181591619280341
3;3;4;200;10;10;10;938942;1726181591629157321
4;3;4;200;10;10;10;967980;1726181591639173354
5;3;4;200;10;10;10;946916;1726181591649136160
6;3;4;200;10;10;10;946315;1726181591659083731
7;3;4;200;10;10;10;950199;1726181591669137575
8;3;4;200;10;10;10;976239;1726181591679141028
9;3;4;200;10;10;10;945671;1726181591689137164
10;3;4;200;10;10;10;967048;1726181591699140913
11;3;4;200;10;10;10;944691;1726181591709136620
12;3;4;200;10;10;10;968901;1726181591719137232
13;3;4;200;10;10;10;966475;1726181591729088870
14;3;4;200;10;10;10;988877;1726181591739143833
15;3;4;200;10;10;10;934985;1726181591749139885
16;3;4;200;10;10;10;1028089;1726181591759141293
17;3;4;200;10;10;10;925642;1726181591769137139
18;3;4;200;10;10;10;958077;1726181591779137024
19;3;4;200;10;10;10;930627;1726181591789142026
20;3;4;200;10;10;10;945908;1726181591799078516
21;3;4;200;10;10;10;923748;1726181591809142159
22;3;4;200;10;10;10;944921;1726181591819139412
23;3;4;200;10;10;10;922610;1726181591829142401
24;3;4;200;10;10;10;946142;1726181591839134838
25;3;4;200;10;10;10;920355;1726181591849136515
26;3;4;200;10;10;10;1048254;1726181591859142913
27;3;4;200;10;10;10;927925;1726181591869138756
28;3;4;200;10;10;10;955574;1726181591879141702
29;3;4;200;10;10;10;927507;1726181591889137979
30;3;4;200;10;10;10;950304;1726181591899135531
31;3;4;200;10;10;10;929618;1726181591909140467
32;3;4;200;10;10;10;959861;1726181591919139908
33;3;4;200;10;10;10;924598;1726181591929137874
34;3;4;200;10;10;10;943394;1726181591939140932
35;3;4;200;10;10;10;902508;1726181591949173427
36;3;4;200;10;10;10;1007150;1726181591959168615
37;3;4;200;10;10;10;894195;1726181591969172110
38;3;4;200;10;10;10;944199;1726181591979170845
39;3;4;200;10;10;10;898620;1726181591989173835
40;3;4;200;10;10;10;943649;1726181591999183720
41;3;4;200;10;10;10;901827;1726181592009172929
42;3;4;200;10;10;10;927390;1726181592019171984
43;3;4;200;10;10;10;918154;1726181592029167196
44;3;4;200;10;10;10;921494;1726181592039173952
45;3;4;200;10;10;10;903110;1726181592049169208
46;3;4;200;10;10;10;1008552;1726181592059172825
47;3;4;200;10;10;10;898599;1726181592069176370
48;3;4;200;10;10;10;908542;1726181592079175179
49;3;4;200;10;10;10;900806;1726181592089169023
50;3;4;200;10;10;10;957268;1726181592099165755
51;3;4;200;10;10;10;907756;1726181592109170605
52;3;4;200;10;10;10;918876;1726181592119172316
53;3;4;200;10;10;10;904462;1726181592129167414
54;3;4;200;10;10;10;920875;1726181592139169481
55;3;4;200;10;10;10;899345;1726181592149176657
56;3;4;200;10;10;10;1041754;1726181592159171254
57;3;4;200;10;10;10;897910;1726181592169172432
58;3;4;200;10;10;10;903398;1726181592179186812
59;3;4;200;10;10;10;884263;1726181592189188270
60;3;4;200;10;10;10;917334;1726181592199183566
61;3;4;200;10;10;10;901876;1726181592209172804
62;3;4;200;10;10;10;919701;1726181592219173501
63;3;4;200;10;10;10;903735;1726181592229167958
64;3;4;200;10;10;10;957628;1726181592239172702
65;3;4;200;10;10;10;902098;1726181592249173324
66;3;4;200;10;10;10;1035389;1726181592259171343
67;3;4;200;10;10;10;908757;1726181592269167329
68;3;4;200;10;10;10;918229;1726181592279177405
69;3;4;200;10;10;10;907826;1726181592289174980
70;3;4;200;10;10;10;924961;1726181592299173292
71;3;4;200;10;10;10;900913;1726181592309169349
72;3;4;200;10;10;10;967201;1726181592319171819
73;3;4;200;10;10;10;899494;1726181592329170814
74;3;4;200;10;10;10;954894;1726181592339170057
75;3;4;200;10;10;10;897858;1726181592349168320
76;3;4;200;10;10;10;1080822;1726181592359177277
77;3;4;200;10;10;10;911870;1726181592369160980
78;3;4;200;10;10;10;929874;1726181592379171886
79;3;4;200;10;10;10;898411;1726181592389171429
80;3;4;200;10;10;10;950983;1726181592399171600
81;3;4;200;10;10;10;902324;1726181592409167125
82;3;4;200;10;10;10;921801;1726181592419173468
83;3;4;200;10;10;10;908397;1726181592429166794
84;3;4;200;10;10;10;954234;1726181592439176676
85;3;4;200;10;10;10;924623;1726181592449141700
86;3;4;200;10;10;10;982906;1726181592459140882
87;3;4;200;10;10;10;926324;1726181592469141992
88;3;4;200;10;10;10;946493;1726181592479139758
89;3;4;200;10;10;10;929033;1726181592489137722
90;3;4;200;10;10;10;941257;1726181592499136541
91;3;4;200;10;10;10;926375;1726181592509138886
92;3;4;200;10;10;10;945090;1726181592519140645
93;3;4;200;10;10;10;925308;1726181592529137597
94;3;4;200;10;10;10;937584;1726181592539141149
95;3;4;200;10;10;10;904112;1726181592549182893
96;3;4;200;10;10;10;1009005;1726181592559172446
97;3;4;200;10;10;10;914452;1726181592569167204
98;3;4;200;10;10;10;925248;1726181592579182737
99;3;4;200;10;10;10;1088004;1726181592589171016
0;3;5;200;10;10;10;1456269;1726181591599284723
1;3;5;200;10;10;10;1320653;1726181591609273209
2;3;5;200;10;10;10;1286165;1726181591619299562
3;3;5;200;10;10;10;1116038;1726181591629167482
4;3;5;200;10;10;10;1143468;1726181591639180249
5;3;5;200;10;10;10;1132283;1726181591649139971
6;3;5;200;10;10;10;1133238;1726181591659088007
7;3;5;200;10;10;10;1137079;1726181591669141180
8;3;5;200;10;10;10;1164173;1726181591679144717
9;3;5;200;10;10;10;1132961;1726181591689141135
10;3;5;200;10;10;10;1153498;1726181591699144614
11;3;5;200;10;10;10;1131141;1726181591709140504
12;3;5;200;10;10;10;1155096;1726181591719141243
13;3;5;200;10;10;10;1149285;1726181591729097818
14;3;5;200;10;10;10;1176062;1726181591739148385
15;3;5;200;10;10;10;1118550;1726181591749143655
16;3;5;200;10;10;10;1209521;1726181591759145563
17;3;5;200;10;10;10;1108086;1726181591769140583
18;3;5;200;10;10;10;1138790;1726181591779140820
19;3;5;200;10;10;10;1114147;1726181591789145633
20;3;5;200;10;10;10;1129104;1726181591799082508
21;3;5;200;10;10;10;1104080;1726181591809145795
22;3;5;200;10;10;10;1126928;1726181591819143040
23;3;5;200;10;10;10;1105116;1726181591829145927
24;3;5;200;10;10;10;1127922;1726181591839138393
25;3;5;200;10;10;10;1101937;1726181591849140547
26;3;5;200;10;10;10;1230389;1726181591859146916
27;3;5;200;10;10;10;1110636;1726181591869142289
28;3;5;200;10;10;10;1140059;1726181591879145198
29;3;5;200;10;10;10;1108776;1726181591889141518
30;3;5;200;10;10;10;1131230;1726181591899139096
31;3;5;200;10;10;10;1112300;1726181591909144052
32;3;5;200;10;10;10;1141406;1726181591919143887
33;3;5;200;10;10;10;1106540;1726181591929141397
34;3;5;200;10;10;10;1125170;1726181591939144880
35;3;5;200;10;10;10;1075950;1726181591949181763
36;3;5;200;10;10;10;1187150;1726181591959175503
37;3;5;200;10;10;10;1060918;1726181591969184958
38;3;5;200;10;10;10;1118838;1726181591979177323
39;3;5;200;10;10;10;1075399;1726181591989178005
40;3;5;200;10;10;10;1121934;1726181591999187687
41;3;5;200;10;10;10;1072499;1726181592009184176
42;3;5;200;10;10;10;1106971;1726181592019178902
43;3;5;200;10;10;10;1095186;1726181592029171001
44;3;5;200;10;10;10;1093065;1726181592039184509
45;3;5;200;10;10;10;1080954;1726181592049174013
46;3;5;200;10;10;10;1185724;1726181592059176877
47;3;5;200;10;10;10;1076892;1726181592069180088
48;3;5;200;10;10;10;1083920;1726181592079182414
49;3;5;200;10;10;10;1075248;1726181592089176504
50;3;5;200;10;10;10;1133934;1726181592099170786
51;3;5;200;10;10;10;1076072;1726181592109183681
52;3;5;200;10;10;10;1090657;1726181592119181669
53;3;5;200;10;10;10;1067742;1726181592129185012
54;3;5;200;10;10;10;1090813;1726181592139178836
55;3;5;200;10;10;10;1077675;1726181592149180568
56;3;5;200;10;10;10;1216852;1726181592159180521
57;3;5;200;10;10;10;1075953;1726181592169175949
58;3;5;200;10;10;10;1079110;1726181592179190967
59;3;5;200;10;10;10;1059984;1726181592189195986
60;3;5;200;10;10;10;1086221;1726181592199196392
61;3;5;200;10;10;10;1069067;1726181592209187690
62;3;5;200;10;10;10;1094838;1726181592219180284
63;3;5;200;10;10;10;1079346;1726181592229174862
64;3;5;200;10;10;10;1135538;1726181592239176484
65;3;5;200;10;10;10;1079428;1726181592249177217
66;3;5;200;10;10;10;1209363;1726181592259178635
67;3;5;200;10;10;10;1086631;1726181592269170761
68;3;5;200;10;10;10;1095107;1726181592279183318
69;3;5;200;10;10;10;1089298;1726181592289179013
70;3;5;200;10;10;10;1102111;1726181592299177083
71;3;5;200;10;10;10;1075964;1726181592309174554
72;3;5;200;10;10;10;1137380;1726181592319182427
73;3;5;200;10;10;10;1075061;1726181592329175871
74;3;5;200;10;10;10;1133659;1726181592339174027
75;3;5;200;10;10;10;1074014;1726181592349174045
76;3;5;200;10;10;10;1258064;1726181592359181852
77;3;5;200;10;10;10;1087808;1726181592369168612
78;3;5;200;10;10;10;1106539;1726181592379177471
79;3;5;200;10;10;10;1075126;1726181592389175196
80;3;5;200;10;10;10;1125574;1726181592399178277
81;3;5;200;10;10;10;1078471;1726181592409171640
82;3;5;200;10;10;10;1083874;1726181592419192719
83;3;5;200;10;10;10;1074586;1726181592429183872
84;3;5;200;10;10;10;1129307;1726181592439182507
85;3;5;200;10;10;10;1107139;1726181592449145314
86;3;5;200;10;10;10;1166072;1726181592459144814
87;3;5;200;10;10;10;1109944;1726181592469145663
88;3;5;200;10;10;10;1128007;1726181592479143699
89;3;5;200;10;10;10;1110677;1726181592489141263
90;3;5;200;10;10;10;1123857;1726181592499140205
91;3;5;200;10;10;10;1108079;1726181592509142708
92;3;5;200;10;10;10;1125624;1726181592519144522
93;3;5;200;10;10;10;1107951;1726181592529141128
94;3;5;200;10;10;10;1120633;1726181592539145059
95;3;5;200;10;10;10;1082554;1726181592549187180
96;3;5;200;10;10;10;1183164;1726181592559182524
97;3;5;200;10;10;10;1080472;1726181592569184547
98;3;5;200;10;10;10;1104539;1726181592579186747
99;3;5;200;10;10;10;1287743;1726181592589174720
0;3;6;200;10;10;10;1638131;1726181591599292967
1;3;6;200;10;10;10;1496077;1726181591609284679
2;3;6;200;10;10;10;1464474;1726181591619309098
3;3;6;200;10;10;10;1290661;1726181591629179173
4;3;6;200;10;10;10;1316210;1726181591639187716
5;3;6;200;10;10;10;1318801;1726181591649144083
6;3;6;200;10;10;10;1316085;1726181591659094202
7;3;6;200;10;10;10;1325034;1726181591669144801
8;3;6;200;10;10;10;1350734;1726181591679148754
9;3;6;200;10;10;10;1319589;1726181591689145089
10;3;6;200;10;10;10;1339617;1726181591699148661
11;3;6;200;10;10;10;1318669;1726181591709144560
12;3;6;200;10;10;10;1340830;1726181591719145371
13;3;6;200;10;10;10;1336016;1726181591729102451
14;3;6;200;10;10;10;1362584;1726181591739153025
15;3;6;200;10;10;10;1301317;1726181591749147689
16;3;6;200;10;10;10;1369821;1726181591759170184
17;3;6;200;10;10;10;1289817;1726181591769144173
18;3;6;200;10;10;10;1320214;1726181591779144784
19;3;6;200;10;10;10;1296021;1726181591789149458
20;3;6;200;10;10;10;1307708;1726181591799090986
21;3;6;200;10;10;10;1285653;1726181591809149782
22;3;6;200;10;10;10;1308378;1726181591819147146
23;3;6;200;10;10;10;1287339;1726181591829149910
24;3;6;200;10;10;10;1308994;1726181591839142354
25;3;6;200;10;10;10;1274410;1726181591849154873
26;3;6;200;10;10;10;1412280;1726181591859151817
27;3;6;200;10;10;10;1293265;1726181591869145897
28;3;6;200;10;10;10;1321147;1726181591879149066
29;3;6;200;10;10;10;1292308;1726181591889145322
30;3;6;200;10;10;10;1313097;1726181591899143077
31;3;6;200;10;10;10;1293624;1726181591909147990
32;3;6;200;10;10;10;1310471;1726181591919160853
33;3;6;200;10;10;10;1286119;1726181591929145284
34;3;6;200;10;10;10;1306524;1726181591939148890
35;3;6;200;10;10;10;1241780;1726181591949198951
36;3;6;200;10;10;10;1366718;1726181591959179812
37;3;6;200;10;10;10;1237737;1726181591969189203
38;3;6;200;10;10;10;1293915;1726181591979184085
39;3;6;200;10;10;10;1252886;1726181591989181919
40;3;6;200;10;10;10;1299060;1726181591999191377
41;3;6;200;10;10;10;1236605;1726181592009201888
42;3;6;200;10;10;10;1285859;1726181592019186145
43;3;6;200;10;10;10;1269387;1726181592029178386
44;3;6;200;10;10;10;1269703;1726181592039188766
45;3;6;200;10;10;10;1255609;1726181592049180763
46;3;6;200;10;10;10;1361206;1726181592059182458
47;3;6;200;10;10;10;1245785;1726181592069192546
48;3;6;200;10;10;10;1256219;1726181592079191625
49;3;6;200;10;10;10;1250342;1726181592089182793
50;3;6;200;10;10;10;1308911;1726181592099178211
51;3;6;200;10;10;10;1253470;1726181592109188412
52;3;6;200;10;10;10;1264292;1726181592119188542
53;3;6;200;10;10;10;1242182;1726181592129192452
54;3;6;200;10;10;10;1266273;1726181592139182840
55;3;6;200;10;10;10;1245946;1726181592149194572
56;3;6;200;10;10;10;1397986;1726181592159184771
57;3;6;200;10;10;10;1248462;1726181592169184949
58;3;6;200;10;10;10;1251726;1726181592179198498
59;3;6;200;10;10;10;1234919;1726181592189202781
60;3;6;200;10;10;10;1248016;1726181592199216366
61;3;6;200;10;10;10;1244000;1726181592209194446
62;3;6;200;10;10;10;1268551;1726181592219188434
63;3;6;200;10;10;10;1252291;1726181592229183603
64;3;6;200;10;10;10;1309448;1726181592239183906
65;3;6;200;10;10;10;1255542;1726181592249182801
66;3;6;200;10;10;10;1383382;1726181592259185465
67;3;6;200;10;10;10;1259885;1726181592269179876
68;3;6;200;10;10;10;1271469;1726181592279188449
69;3;6;200;10;10;10;1261297;1726181592289192290
70;3;6;200;10;10;10;1276282;1726181592299184359
71;3;6;200;10;10;10;1250389;1726181592309181224
72;3;6;200;10;10;10;1315709;1726181592319186878
73;3;6;200;10;10;10;1250282;1726181592329182718
74;3;6;200;10;10;10;1307351;1726181592339182069
75;3;6;200;10;10;10;1248040;1726181592349180142
76;3;6;200;10;10;10;1429016;1726181592359192758
77;3;6;200;10;10;10;1264126;1726181592369175848
78;3;6;200;10;10;10;1281688;1726181592379184724
79;3;6;200;10;10;10;1250058;1726181592389182046
80;3;6;200;10;10;10;1291361;1726181592399195612
81;3;6;200;10;10;10;1253138;1726181592409178517
82;3;6;200;10;10;10;1260745;1726181592419197382
83;3;6;200;10;10;10;1252938;1726181592429188460
84;3;6;200;10;10;10;1306316;1726181592439186588
85;3;6;200;10;10;10;1290048;1726181592449149359
86;3;6;200;10;10;10;1347982;1726181592459148910
87;3;6;200;10;10;10;1280233;1726181592469162716
88;3;6;200;10;10;10;1291602;1726181592479164860
89;3;6;200;10;10;10;1292273;1726181592489145120
90;3;6;200;10;10;10;1305686;1726181592499144135
91;3;6;200;10;10;10;1290406;1726181592509146600
92;3;6;200;10;10;10;1306320;1726181592519148520
93;3;6;200;10;10;10;1291352;1726181592529145217
94;3;6;200;10;10;10;1302714;1726181592539148992
95;3;6;200;10;10;10;1258233;1726181592549193917
96;3;6;200;10;10;10;1362031;1726181592559187718
97;3;6;200;10;10;10;1260954;1726181592569188956
98;3;6;200;10;10;10;1284662;1726181592579190463
99;3;6;200;10;10;10;1514488;1726181592589181362
0;3;7;200;10;10;10;1799452;1726181591599319445
1;3;7;200;10;10;10;1674974;1726181591609293167
2;3;7;200;10;10;10;1643354;1726181591619318455
3;3;7;200;10;10;10;1469760;1726181591629186493
4;3;7;200;10;10;10;1493736;1726181591639192359
5;3;7;200;10;10;10;1502958;1726181591649151167
6;3;7;200;10;10;10;1495039;1726181591659105745
7;3;7;200;10;10;10;1502292;1726181591669159209
8;3;7;200;10;10;10;1522627;1726181591679168353
9;3;7;200;10;10;10;1492228;1726181591689164345
10;3;7;200;10;10;10;1526022;1726181591699152675
11;3;7;200;10;10;10;1506805;1726181591709148628
12;3;7;200;10;10;10;1515941;1726181591719159673
13;3;7;200;10;10;10;1523909;1726181591729107188
14;3;7;200;10;10;10;1539461;1726181591739167580
15;3;7;200;10;10;10;1483801;1726181591749151832
16;3;7;200;10;10;10;1549562;1726181591759176480
17;3;7;200;10;10;10;1472389;1726181591769147789
18;3;7;200;10;10;10;1499510;1726181591779150292
19;3;7;200;10;10;10;1477901;1726181591789154194
20;3;7;200;10;10;10;1472322;1726181591799112917
21;3;7;200;10;10;10;1453264;1726181591809168494
22;3;7;200;10;10;10;1468420;1726181591819171485
23;3;7;200;10;10;10;1469709;1726181591829153885
24;3;7;200;10;10;10;1490149;1726181591839146370
25;3;7;200;10;10;10;1452129;1726181591849164120
26;3;7;200;10;10;10;1583573;1726181591859166953
27;3;7;200;10;10;10;1458519;1726181591869167811
28;3;7;200;10;10;10;1488920;1726181591879166271
29;3;7;200;10;10;10;1470005;1726181591889152798
30;3;7;200;10;10;10;1478036;1726181591899163879
31;3;7;200;10;10;10;1461854;1726181591909165143
32;3;7;200;10;10;10;1483130;1726181591919172715
33;3;7;200;10;10;10;1450339;1726181591929166138
34;3;7;200;10;10;10;1473552;1726181591939168433
35;3;7;200;10;10;10;1418503;1726181591949204007
36;3;7;200;10;10;10;1545047;1726181591959186524
37;3;7;200;10;10;10;1416507;1726181591969192817
38;3;7;200;10;10;10;1464906;1726181591979194062
39;3;7;200;10;10;10;1427340;1726181591989189335
40;3;7;200;10;10;10;1468773;1726181591999202700
41;3;7;200;10;10;10;1414121;1726181592009207049
42;3;7;200;10;10;10;1462872;1726181592019196401
43;3;7;200;10;10;10;1446355;1726181592029182337
44;3;7;200;10;10;10;1444077;1726181592039195862
45;3;7;200;10;10;10;1427586;1726181592049189495
46;3;7;200;10;10;10;1535830;1726181592059189191
47;3;7;200;10;10;10;1420036;1726181592069201222
48;3;7;200;10;10;10;1433591;1726181592079195764
49;3;7;200;10;10;10;1421542;1726181592089193381
50;3;7;200;10;10;10;1482881;1726181592099186106
51;3;7;200;10;10;10;1431684;1726181592109192366
52;3;7;200;10;10;10;1437160;1726181592119197389
53;3;7;200;10;10;10;1419264;1726181592129196732
54;3;7;200;10;10;10;1435994;1726181592139192696
55;3;7;200;10;10;10;1418141;1726181592149204047
56;3;7;200;10;10;10;1571833;1726181592159196581
57;3;7;200;10;10;10;1426262;1726181592169188788
58;3;7;200;10;10;10;1425847;1726181592179205344
59;3;7;200;10;10;10;1411780;1726181592189208044
60;3;7;200;10;10;10;1424642;1726181592199221642
61;3;7;200;10;10;10;1410094;1726181592209210190
62;3;7;200;10;10;10;1445481;1726181592219192936
63;3;7;200;10;10;10;1430467;1726181592229188036
64;3;7;200;10;10;10;1481296;1726181592239193199
65;3;7;200;10;10;10;1429453;1726181592249190166
66;3;7;200;10;10;10;1558232;1726181592259192285
67;3;7;200;10;10;10;1436661;1726181592269185165
68;3;7;200;10;10;10;1445514;1726181592279196025
69;3;7;200;10;10;10;1443522;1726181592289197158
70;3;7;200;10;10;10;1448520;1726181592299194325
71;3;7;200;10;10;10;1422617;1726181592309190013
72;3;7;200;10;10;10;1485787;1726181592319199781
73;3;7;200;10;10;10;1424001;1726181592329191339
74;3;7;200;10;10;10;1483319;1726181592339188642
75;3;7;200;10;10;10;1412212;1726181592349196622
76;3;7;200;10;10;10;1602416;1726181592359201064
77;3;7;200;10;10;10;1429832;1726181592369194161
78;3;7;200;10;10;10;1453076;1726181592379195443
79;3;7;200;10;10;10;1424802;1726181592389189459
80;3;7;200;10;10;10;1469288;1726181592399200942
81;3;7;200;10;10;10;1424026;1726181592409188461
82;3;7;200;10;10;10;1439105;1726181592419201675
83;3;7;200;10;10;10;1429929;1726181592429192515
84;3;7;200;10;10;10;1478916;1726181592439194160
85;3;7;200;10;10;10;1472322;1726181592449153309
86;3;7;200;10;10;10;1514355;1726181592459168399
87;3;7;200;10;10;10;1461562;1726181592469167379
88;3;7;200;10;10;10;1471819;1726181592479169902
89;3;7;200;10;10;10;1474504;1726181592489149011
90;3;7;200;10;10;10;1488966;1726181592499148052
91;3;7;200;10;10;10;1470355;1726181592509153274
92;3;7;200;10;10;10;1471765;1726181592519168094
93;3;7;200;10;10;10;1461706;1726181592529162108
94;3;7;200;10;10;10;1474244;1726181592539163713
95;3;7;200;10;10;10;1435086;1726181592549199526
96;3;7;200;10;10;10;1540218;1726181592559194122
97;3;7;200;10;10;10;1443045;1726181592569192443
98;3;7;200;10;10;10;1464646;1726181592579195504
99;3;7;200;10;10;10;1694730;1726181592589185948
0;3;8;200;10;10;10;1977556;1726181591599328299
1;3;8;200;10;10;10;1852533;1726181591609302665
2;3;8;200;10;10;10;1822644;1726181591619327858
3;3;8;200;10;10;10;1641490;1726181591629201781
4;3;8;200;10;10;10;1669249;1726181591639198867
5;3;8;200;10;10;10;1685236;1726181591649158601
6;3;8;200;10;10;10;1672112;1726181591659119759
7;3;8;200;10;10;10;1683782;1726181591669170542
8;3;8;200;10;10;10;1708381;1726181591679173256
9;3;8;200;10;10;10;1679231;1726181591689169409
10;3;8;200;10;10;10;1701937;1726181591699167560
11;3;8;200;10;10;10;1685484;1726181591709163177
12;3;8;200;10;10;10;1700829;1726181591719165689
13;3;8;200;10;10;10;1712436;1726181591729112377
14;3;8;200;10;10;10;1724068;1726181591739175129
15;3;8;200;10;10;10;1655865;1726181591749166446
16;3;8;200;10;10;10;1731074;1726181591759181089
17;3;8;200;10;10;10;1643453;1726181591769163381
18;3;8;200;10;10;10;1670818;1726181591779165004
19;3;8;200;10;10;10;1650895;1726181591789168271
20;3;8;200;10;10;10;1653834;1726181591799117090
21;3;8;200;10;10;10;1634630;1726181591809173138
22;3;8;200;10;10;10;1648354;1726181591819176545
23;3;8;200;10;10;10;1642571;1726181591829168005
24;3;8;200;10;10;10;1659689;1726181591839162359
25;3;8;200;10;10;10;1630553;1726181591849173129
26;3;8;200;10;10;10;1757575;1726181591859178918
27;3;8;200;10;10;10;1640532;1726181591869172656
28;3;8;200;10;10;10;1662796;1726181591879178340
29;3;8;200;10;10;10;1642670;1726181591889166490
30;3;8;200;10;10;10;1659182;1726181591899168780
31;3;8;200;10;10;10;1637468;1726181591909177268
32;3;8;200;10;10;10;1664631;1726181591919177186
33;3;8;200;10;10;10;1630943;1726181591929171156
34;3;8;200;10;10;10;1654641;1726181591939173409
35;3;8;200;10;10;10;1596218;1726181591949207933
36;3;8;200;10;10;10;1722117;1726181591959195832
37;3;8;200;10;10;10;1594438;1726181591969196668
38;3;8;200;10;10;10;1640243;1726181591979199530
39;3;8;200;10;10;10;1603352;1726181591989196371
40;3;8;200;10;10;10;1642538;1726181591999210030
41;3;8;200;10;10;10;1591572;1726181592009211057
42;3;8;200;10;10;10;1641975;1726181592019203696
43;3;8;200;10;10;10;1619986;1726181592029189287
44;3;8;200;10;10;10;1614761;1726181592039206428
45;3;8;200;10;10;10;1603884;1726181592049195088
46;3;8;200;10;10;10;1706346;1726181592059199196
47;3;8;200;10;10;10;1598180;1726181592069205567
48;3;8;200;10;10;10;1610204;1726181592079201212
49;3;8;200;10;10;10;1600065;1726181592089198022
50;3;8;200;10;10;10;1658040;1726181592099191698
51;3;8;200;10;10;10;1610100;1726181592109196267
52;3;8;200;10;10;10;1613907;1726181592119201968
53;3;8;200;10;10;10;1593595;1726181592129203741
54;3;8;200;10;10;10;1607762;1726181592139199895
55;3;8;200;10;10;10;1594504;1726181592149210102
56;3;8;200;10;10;10;1749718;1726181592159205086
57;3;8;200;10;10;10;1601454;1726181592169196204
58;3;8;200;10;10;10;1598626;1726181592179212936
59;3;8;200;10;10;10;1586227;1726181592189215306
60;3;8;200;10;10;10;1602159;1726181592199226013
61;3;8;200;10;10;10;1586354;1726181592209215312
62;3;8;200;10;10;10;1615385;1726181592219204852
63;3;8;200;10;10;10;1604489;1726181592229196170
64;3;8;200;10;10;10;1657753;1726181592239197907
65;3;8;200;10;10;10;1604054;1726181592249197690
66;3;8;200;10;10;10;1731940;1726181592259199115
67;3;8;200;10;10;10;1611604;1726181592269191632
68;3;8;200;10;10;10;1616158;1726181592279205952
69;3;8;200;10;10;10;1621578;1726181592289205737
70;3;8;200;10;10;10;1621440;1726181592299203673
71;3;8;200;10;10;10;1596029;1726181592309196899
72;3;8;200;10;10;10;1662403;1726181592319206885
73;3;8;200;10;10;10;1601265;1726181592329195553
74;3;8;200;10;10;10;1659446;1726181592339195514
75;3;8;200;10;10;10;1589542;1726181592349201686
76;3;8;200;10;10;10;1777757;1726181592359205169
77;3;8;200;10;10;10;1609711;1726181592369199209
78;3;8;200;10;10;10;1629387;1726181592379200582
79;3;8;200;10;10;10;1597176;1726181592389198740
80;3;8;200;10;10;10;1647471;1726181592399204631
81;3;8;200;10;10;10;1601167;1726181592409192875
82;3;8;200;10;10;10;1617979;1726181592419205409
83;3;8;200;10;10;10;1608157;1726181592429196351
84;3;8;200;10;10;10;1653417;1726181592439200897
85;3;8;200;10;10;10;1644252;1726181592449167475
86;3;8;200;10;10;10;1695137;1726181592459173621
87;3;8;200;10;10;10;1645272;1726181592469170964
88;3;8;200;10;10;10;1652951;1726181592479174014
89;3;8;200;10;10;10;1643985;1726181592489165027
90;3;8;200;10;10;10;1661029;1726181592499162551
91;3;8;200;10;10;10;1650831;1726181592509159408
92;3;8;200;10;10;10;1651609;1726181592519173264
93;3;8;200;10;10;10;1635896;1726181592529173762
94;3;8;200;10;10;10;1652973;1726181592539171857
95;3;8;200;10;10;10;1612727;1726181592549206391
96;3;8;200;10;10;10;1713117;1726181592559205447
97;3;8;200;10;10;10;1624449;1726181592569196031
98;3;8;200;10;10;10;1641755;1726181592579203058
99;3;8;200;10;10;10;1875178;1726181592589192091
0;3;9;200;10;10;10;2156184;1726181591599336602
1;3;9;200;10;10;10;2032744;1726181591609312454
2;3;9;200;10;10;10;2001117;1726181591619339007
3;3;9;200;10;10;10;1808759;1726181591629223890
4;3;9;200;10;10;10;1843500;1726181591639206925
5;3;9;200;10;10;10;1872335;1726181591649163155
6;3;9;200;10;10;10;1859466;1726181591659124692
7;3;9;200;10;10;10;1866839;1726181591669179018
8;3;9;200;10;10;10;1895773;1726181591679177508
9;3;9;200;10;10;10;1867103;1726181591689173645
10;3;9;200;10;10;10;1881571;1726181591699179429
11;3;9;200;10;10;10;1871871;1726181591709170339
12;3;9;200;10;10;10;1882457;1726181591719174625
13;3;9;200;10;10;10;1892970;1726181591729125029
14;3;9;200;10;10;10;1906997;1726181591739184785
15;3;9;200;10;10;10;1834948;1726181591749174866
16;3;9;200;10;10;10;1914542;1726181591759185276
17;3;9;200;10;10;10;1811449;1726181591769181700
18;3;9;200;10;10;10;1842338;1726181591779179336
19;3;9;200;10;10;10;1828236;1726181591789178269
20;3;9;200;10;10;10;1821733;1726181591799135705
21;3;9;200;10;10;10;1817452;1726181591809177201
22;3;9;200;10;10;10;1829668;1726181591819180755
23;3;9;200;10;10;10;1818976;1726181591829179608
24;3;9;200;10;10;10;1832331;1726181591839175092
25;3;9;200;10;10;10;1810041;1726181591849181097
26;3;9;200;10;10;10;1939971;1726181591859183821
27;3;9;200;10;10;10;1824565;1726181591869176317
28;3;9;200;10;10;10;1843939;1726181591879182970
29;3;9;200;10;10;10;1824695;1726181591889170999
30;3;9;200;10;10;10;1842521;1726181591899172928
31;3;9;200;10;10;10;1819392;1726181591909183840
32;3;9;200;10;10;10;1844063;1726181591919185717
33;3;9;200;10;10;10;1813364;1726181591929175337
34;3;9;200;10;10;10;1837707;1726181591939177679
35;3;9;200;10;10;10;1774455;1726181591949211786
36;3;9;200;10;10;10;1902651;1726181591959201573
37;3;9;200;10;10;10;1771547;1726181591969200731
38;3;9;200;10;10;10;1812777;1726181591979208975
39;3;9;200;10;10;10;1778366;1726181591989203973
40;3;9;200;10;10;10;1811058;1726181591999223719
41;3;9;200;10;10;10;1771237;1726181592009214562
42;3;9;200;10;10;10;1820133;1726181592019212561
43;3;9;200;10;10;10;1795307;1726181592029196057
44;3;9;200;10;10;10;1788432;1726181592039215307
45;3;9;200;10;10;10;1779331;1726181592049202297
46;3;9;200;10;10;10;1877752;1726181592059209502
47;3;9;200;10;10;10;1769379;1726181592069217199
48;3;9;200;10;10;10;1786697;1726181592079208566
49;3;9;200;10;10;10;1778002;1726181592089202890
50;3;9;200;10;10;10;1834284;1726181592099197752
51;3;9;200;10;10;10;1784370;1726181592109205396
52;3;9;200;10;10;10;1792096;1726181592119206015
53;3;9;200;10;10;10;1769655;1726181592129210534
54;3;9;200;10;10;10;1778787;1726181592139209159
55;3;9;200;10;10;10;1770461;1726181592149217323
56;3;9;200;10;10;10;1926165;1726181592159214661
57;3;9;200;10;10;10;1778331;1726181592169203489
58;3;9;200;10;10;10;1773175;1726181592179220023
59;3;9;200;10;10;10;1762630;1726181592189222347
60;3;9;200;10;10;10;1770605;1726181592199241498
61;3;9;200;10;10;10;1761098;1726181592209223986
62;3;9;200;10;10;10;1792908;1726181592219211108
63;3;9;200;10;10;10;1774759;1726181592229207915
64;3;9;200;10;10;10;1831921;1726181592239206167
65;3;9;200;10;10;10;1780144;1726181592249205196
66;3;9;200;10;10;10;1907755;1726181592259206083
67;3;9;200;10;10;10;1777451;1726181592269208687
68;3;9;200;10;10;10;1794551;1726181592279210197
69;3;9;200;10;10;10;1804557;1726181592289210303
70;3;9;200;10;10;10;1800345;1726181592299208443
71;3;9;200;10;10;10;1767906;1726181592309206416
72;3;9;200;10;10;10;1840689;1726181592319212405
73;3;9;200;10;10;10;1776920;1726181592329202778
74;3;9;200;10;10;10;1834872;1726181592339202785
75;3;9;200;10;10;10;1769028;1726181592349205562
76;3;9;200;10;10;10;1927144;1726181592359238306
77;3;9;200;10;10;10;1790301;1726181592369202853
78;3;9;200;10;10;10;1804037;1726181592379207783
79;3;9;200;10;10;10;1775882;1726181592389203211
80;3;9;200;10;10;10;1825592;1726181592399208538
81;3;9;200;10;10;10;1776023;1726181592409199830
82;3;9;200;10;10;10;1796913;1726181592419209406
83;3;9;200;10;10;10;1776308;1726181592429211363
84;3;9;200;10;10;10;1827735;1726181592439208303
85;3;9;200;10;10;10;1826126;1726181592449172883
86;3;9;200;10;10;10;1877365;1726181592459177777
87;3;9;200;10;10;10;1828146;1726181592469174550
88;3;9;200;10;10;10;1835068;1726181592479177951
89;3;9;200;10;10;10;1818554;1726181592489175701
90;3;9;200;10;10;10;1834567;1726181592499176438
91;3;9;200;10;10;10;1832969;1726181592509163731
92;3;9;200;10;10;10;1835570;1726181592519177347
93;3;9;200;10;10;10;1801216;1726181592529195849
94;3;9;200;10;10;10;1831639;1726181592539180309
95;3;9;200;10;10;10;1791955;1726181592549213016
96;3;9;200;10;10;10;1893085;1726181592559210742
97;3;9;200;10;10;10;1806657;1726181592569200093
98;3;9;200;10;10;10;1811809;1726181592579218417
99;3;9;200;10;10;10;2053222;1726181592589202177
0;4;0;200;10;10;10;386548;1726181591599138973
1;4;0;200;10;10;10;527238;1726181591609140975
2;4;0;200;10;10;10;433150;1726181591619147767
3;4;0;200;10;10;10;268252;1726181591629087206
4;4;0;200;10;10;10;237197;1726181591639111599
5;4;0;200;10;10;10;223976;1726181591649099284
6;4;0;200;10;10;10;219462;1726181591659034335
7;4;0;200;10;10;10;225615;1726181591669100589
8;4;0;200;10;10;10;225646;1726181591679103716
9;4;0;200;10;10;10;220949;1726181591689101191
10;4;0;200;10;10;10;224154;1726181591699103802
11;4;0;200;10;10;10;220231;1726181591709100944
12;4;0;200;10;10;10;229064;1726181591719099757
13;4;0;200;10;10;10;238764;1726181591729043991
14;4;0;200;10;10;10;229425;1726181591739102194
15;4;0;200;10;10;10;222879;1726181591749102970
16;4;0;200;10;10;10;269692;1726181591759102100
17;4;0;200;10;10;10;219593;1726181591769101848
18;4;0;200;10;10;10;214378;1726181591779100909
19;4;0;200;10;10;10;222440;1726181591789106467
20;4;0;200;10;10;10;227533;1726181591799039848
21;4;0;200;10;10;10;216739;1726181591809106935
22;4;0;200;10;10;10;227925;1726181591819102841
23;4;0;200;10;10;10;215179;1726181591829106798
24;4;0;200;10;10;10;222033;1726181591839098642
25;4;0;200;10;10;10;215499;1726181591849100811
26;4;0;200;10;10;10;310132;1726181591859105443
27;4;0;200;10;10;10;220546;1726181591869103707
28;4;0;200;10;10;10;223245;1726181591879105866
29;4;0;200;10;10;10;219695;1726181591889102569
30;4;0;200;10;10;10;223967;1726181591899099556
31;4;0;200;10;10;10;225329;1726181591909105698
32;4;0;200;10;10;10;233349;1726181591919103613
33;4;0;200;10;10;10;216998;1726181591929102952
34;4;0;200;10;10;10;217432;1726181591939104805
35;4;0;200;10;10;10;240234;1726181591949110321
36;4;0;200;10;10;10;315043;1726181591959111322
37;4;0;200;10;10;10;236083;1726181591969109407
38;4;0;200;10;10;10;235145;1726181591979111991
39;4;0;200;10;10;10;236827;1726181591989111481
40;4;0;200;10;10;10;239819;1726181591999111079
41;4;0;200;10;10;10;238952;1726181592009111285
42;4;0;200;10;10;10;225060;1726181592019112519
43;4;0;200;10;10;10;248648;1726181592029110509
44;4;0;200;10;10;10;237256;1726181592039112893
45;4;0;200;10;10;10;237944;1726181592049109897
46;4;0;200;10;10;10;283064;1726181592059110730
47;4;0;200;10;10;10;240630;1726181592069109766
48;4;0;200;10;10;10;236065;1726181592079112359
49;4;0;200;10;10;10;234313;1726181592089110355
50;4;0;200;10;10;10;239689;1726181592099110057
51;4;0;200;10;10;10;239361;1726181592109111294
52;4;0;200;10;10;10;237142;1726181592119110825
53;4;0;200;10;10;10;240331;1726181592129109647
54;4;0;200;10;10;10;241859;1726181592139111820
55;4;0;200;10;10;10;239134;1726181592149110070
56;4;0;200;10;10;10;335040;1726181592159112319
57;4;0;200;10;10;10;236196;1726181592169110288
58;4;0;200;10;10;10;242227;1726181592179110282
59;4;0;200;10;10;10;236575;1726181592189111125
60;4;0;200;10;10;10;226290;1726181592199115812
61;4;0;200;10;10;10;237257;1726181592209110101
62;4;0;200;10;10;10;238597;1726181592219111227
63;4;0;200;10;10;10;235472;1726181592229110668
64;4;0;200;10;10;10;249957;1726181592239111910
65;4;0;200;10;10;10;239816;1726181592249110571
66;4;0;200;10;10;10;316280;1726181592259111992
67;4;0;200;10;10;10;239912;1726181592269110925
68;4;0;200;10;10;10;237764;1726181592279111580
69;4;0;200;10;10;10;228479;1726181592289110482
70;4;0;200;10;10;10;241995;1726181592299111646
71;4;0;200;10;10;10;237257;1726181592309111497
72;4;0;200;10;10;10;255653;1726181592319114331
73;4;0;200;10;10;10;238164;1726181592329110121
74;4;0;200;10;10;10;238875;1726181592339111833
75;4;0;200;10;10;10;235051;1726181592349108648
76;4;0;200;10;10;10;320156;1726181592359111208
77;4;0;200;10;10;10;235663;1726181592369109728
78;4;0;200;10;10;10;247018;1726181592379111388
79;4;0;200;10;10;10;236634;1726181592389111561
80;4;0;200;10;10;10;238102;1726181592399111974
81;4;0;200;10;10;10;239459;1726181592409109959
82;4;0;200;10;10;10;240458;1726181592419111748
83;4;0;200;10;10;10;235414;1726181592429111165
84;4;0;200;10;10;10;248399;1726181592439111048
85;4;0;200;10;10;10;217850;1726181592449106695
86;4;0;200;10;10;10;255550;1726181592459103813
87;4;0;200;10;10;10;216324;1726181592469107044
88;4;0;200;10;10;10;223149;1726181592479103706
89;4;0;200;10;10;10;225143;1726181592489102978
90;4;0;200;10;10;10;216874;1726181592499100915
91;4;0;200;10;10;10;216515;1726181592509103624
92;4;0;200;10;10;10;221383;1726181592519104535
93;4;0;200;10;10;10;213774;1726181592529103066
94;4;0;200;10;10;10;220330;1726181592539104790
95;4;0;200;10;10;10;243440;1726181592549110197
96;4;0;200;10;10;10;261583;1726181592559111718
97;4;0;200;10;10;10;237826;1726181592569110377
98;4;0;200;10;10;10;243555;1726181592579111335
99;4;0;200;10;10;10;255187;1726181592589110225
0;4;1;200;10;10;10;561461;1726181591599249779
1;4;1;200;10;10;10;642919;1726181591609214904
2;4;1;200;10;10;10;620971;1726181591619223344
3;4;1;200;10;10;10;419667;1726181591629130194
4;4;1;200;10;10;10;386550;1726181591639150938
5;4;1;200;10;10;10;400305;1726181591649122758
6;4;1;200;10;10;10;392244;1726181591659060433
7;4;1;200;10;10;10;400761;1726181591669124682
8;4;1;200;10;10;10;400796;1726181591679127684
9;4;1;200;10;10;10;396925;1726181591689124278
10;4;1;200;10;10;10;398220;1726181591699127635
11;4;1;200;10;10;10;395305;1726181591709123878
12;4;1;200;10;10;10;402970;1726181591719123899
13;4;1;200;10;10;10;411407;1726181591729073828
14;4;1;200;10;10;10;402155;1726181591739129410
15;4;1;200;10;10;10;394467;1726181591749126615
16;4;1;200;10;10;10;438629;1726181591759127219
17;4;1;200;10;10;10;391448;1726181591769124564
18;4;1;200;10;10;10;386674;1726181591779124153
19;4;1;200;10;10;10;394406;1726181591789129202
20;4;1;200;10;10;10;401467;1726181591799065232
21;4;1;200;10;10;10;388795;1726181591809129254
22;4;1;200;10;10;10;396801;1726181591819126378
23;4;1;200;10;10;10;387098;1726181591829129593
24;4;1;200;10;10;10;393006;1726181591839121992
25;4;1;200;10;10;10;387837;1726181591849123476
26;4;1;200;10;10;10;481143;1726181591859129454
27;4;1;200;10;10;10;392863;1726181591869126350
28;4;1;200;10;10;10;394894;1726181591879128901
29;4;1;200;10;10;10;390698;1726181591889125311
30;4;1;200;10;10;10;395293;1726181591899122790
31;4;1;200;10;10;10;396220;1726181591909127901
32;4;1;200;10;10;10;405127;1726181591919126700
33;4;1;200;10;10;10;388748;1726181591929125330
34;4;1;200;10;10;10;387997;1726181591939128178
35;4;1;200;10;10;10;392707;1726181591949146972
36;4;1;200;10;10;10;471657;1726181591959149695
37;4;1;200;10;10;10;387395;1726181591969146185
38;4;1;200;10;10;10;385889;1726181591979149427
39;4;1;200;10;10;10;390544;1726181591989148170
40;4;1;200;10;10;10;392681;1726181591999148568
41;4;1;200;10;10;10;391959;1726181592009147174
42;4;1;200;10;10;10;381247;1726181592019150709
43;4;1;200;10;10;10;401314;1726181592029147052
44;4;1;200;10;10;10;388697;1726181592039150672
45;4;1;200;10;10;10;391906;1726181592049146213
46;4;1;200;10;10;10;450696;1726181592059148799
47;4;1;200;10;10;10;392048;1726181592069147047
48;4;1;200;10;10;10;388596;1726181592079149710
49;4;1;200;10;10;10;387568;1726181592089146904
50;4;1;200;10;10;10;391815;1726181592099147389
51;4;1;200;10;10;10;392376;1726181592109148112
52;4;1;200;10;10;10;389407;1726181592119148172
53;4;1;200;10;10;10;392597;1726181592129146385
54;4;1;200;10;10;10;393386;1726181592139148962
55;4;1;200;10;10;10;392310;1726181592149146723
56;4;1;200;10;10;10;499434;1726181592159149919
57;4;1;200;10;10;10;388893;1726181592169147041
58;4;1;200;10;10;10;393650;1726181592179147697
59;4;1;200;10;10;10;389194;1726181592189147291
60;4;1;200;10;10;10;391780;1726181592199152966
61;4;1;200;10;10;10;391211;1726181592209146101
62;4;1;200;10;10;10;390645;1726181592219148257
63;4;1;200;10;10;10;387416;1726181592229146919
64;4;1;200;10;10;10;402358;1726181592239149138
65;4;1;200;10;10;10;392634;1726181592249147221
66;4;1;200;10;10;10;480311;1726181592259150055
67;4;1;200;10;10;10;392306;1726181592269147561
68;4;1;200;10;10;10;391076;1726181592279148498
69;4;1;200;10;10;10;386936;1726181592289146895
70;4;1;200;10;10;10;394529;1726181592299149171
71;4;1;200;10;10;10;390250;1726181592309147987
72;4;1;200;10;10;10;407759;1726181592319151984
73;4;1;200;10;10;10;390654;1726181592329146628
74;4;1;200;10;10;10;391820;1726181592339149304
75;4;1;200;10;10;10;387994;1726181592349145335
76;4;1;200;10;10;10;484089;1726181592359149136
77;4;1;200;10;10;10;389353;1726181592369146236
78;4;1;200;10;10;10;399295;1726181592379148864
79;4;1;200;10;10;10;388854;1726181592389148069
80;4;1;200;10;10;10;391234;1726181592399149441
81;4;1;200;10;10;10;391729;1726181592409146963
82;4;1;200;10;10;10;391845;1726181592419149410
83;4;1;200;10;10;10;387603;1726181592429147941
84;4;1;200;10;10;10;400597;1726181592439148377
85;4;1;200;10;10;10;390274;1726181592449128970
86;4;1;200;10;10;10;429065;1726181592459127625
87;4;1;200;10;10;10;389811;1726181592469129414
88;4;1;200;10;10;10;394239;1726181592479126874
89;4;1;200;10;10;10;396670;1726181592489125194
90;4;1;200;10;10;10;387880;1726181592499123537
91;4;1;200;10;10;10;389315;1726181592509126123
92;4;1;200;10;10;10;392153;1726181592519127876
93;4;1;200;10;10;10;386923;1726181592529125335
94;4;1;200;10;10;10;391475;1726181592539127726
95;4;1;200;10;10;10;398162;1726181592549147273
96;4;1;200;10;10;10;446241;1726181592559149695
97;4;1;200;10;10;10;392818;1726181592569147132
98;4;1;200;10;10;10;397668;1726181592579149071
99;4;1;200;10;10;10;485424;1726181592589146601
0;4;2;200;10;10;10;742213;1726181591599259481
1;4;2;200;10;10;10;806223;1726181591609238487
2;4;2;200;10;10;10;785653;1726181591619248052
3;4;2;200;10;10;10;598629;1726181591629138026
4;4;2;200;10;10;10;615868;1726181591639157284
5;4;2;200;10;10;10;587264;1726181591649128294
6;4;2;200;10;10;10;573481;1726181591659070289
7;4;2;200;10;10;10;587991;1726181591669130127
8;4;2;200;10;10;10;611466;1726181591679133368
9;4;2;200;10;10;10;585045;1726181591689129598
10;4;2;200;10;10;10;602840;1726181591699133360
11;4;2;200;10;10;10;581895;1726181591709129134
12;4;2;200;10;10;10;606095;1726181591719129587
13;4;2;200;10;10;10;601833;1726181591729079851
14;4;2;200;10;10;10;622287;1726181591739135576
15;4;2;200;10;10;10;578878;1726181591749132278
16;4;2;200;10;10;10;677367;1726181591759133075
17;4;2;200;10;10;10;573228;1726181591769129889
18;4;2;200;10;10;10;598702;1726181591779129632
19;4;2;200;10;10;10;576774;1726181591789134611
20;4;2;200;10;10;10;583153;1726181591799070768
21;4;2;200;10;10;10;571027;1726181591809134610
22;4;2;200;10;10;10;592205;1726181591819131867
23;4;2;200;10;10;10;570240;1726181591829134914
24;4;2;200;10;10;10;588243;1726181591839127307
25;4;2;200;10;10;10;570176;1726181591849128664
26;4;2;200;10;10;10;697931;1726181591859135207
27;4;2;200;10;10;10;574580;1726181591869131483
28;4;2;200;10;10;10;599652;1726181591879134296
29;4;2;200;10;10;10;574003;1726181591889130552
30;4;2;200;10;10;10;592978;1726181591899128264
31;4;2;200;10;10;10;577826;1726181591909133159
32;4;2;200;10;10;10;605451;1726181591919132264
33;4;2;200;10;10;10;572193;1726181591929130475
34;4;2;200;10;10;10;585594;1726181591939133542
35;4;2;200;10;10;10;571518;1726181591949152431
36;4;2;200;10;10;10;659409;1726181591959155420
37;4;2;200;10;10;10;552486;1726181591969163649
38;4;2;200;10;10;10;596551;1726181591979155208
39;4;2;200;10;10;10;565944;1726181591989156509
40;4;2;200;10;10;10;585117;1726181591999174729
41;4;2;200;10;10;10;568350;1726181592009154454
42;4;2;200;10;10;10;579424;1726181592019156448
43;4;2;200;10;10;10;579489;1726181592029152513
44;4;2;200;10;10;10;585708;1726181592039156287
45;4;2;200;10;10;10;567741;1726181592049153851
46;4;2;200;10;10;10;673874;1726181592059154609
47;4;2;200;10;10;10;570741;1726181592069152242
48;4;2;200;10;10;10;572202;1726181592079157255
49;4;2;200;10;10;10;564914;1726181592089154039
50;4;2;200;10;10;10;601947;1726181592099153030
51;4;2;200;10;10;10;572484;1726181592109153745
52;4;2;200;10;10;10;585307;1726181592119153822
53;4;2;200;10;10;10;567806;1726181592129153576
54;4;2;200;10;10;10;586553;1726181592139154704
55;4;2;200;10;10;10;570903;1726181592149152122
56;4;2;200;10;10;10;698970;1726181592159155843
57;4;2;200;10;10;10;561784;1726181592169156708
58;4;2;200;10;10;10;572449;1726181592179168254
59;4;2;200;10;10;10;548875;1726181592189170643
60;4;2;200;10;10;10;573410;1726181592199173645
61;4;2;200;10;10;10;557345;1726181592209164028
62;4;2;200;10;10;10;583426;1726181592219156017
63;4;2;200;10;10;10;564222;1726181592229154524
64;4;2;200;10;10;10;624641;1726181592239154660
65;4;2;200;10;10;10;559036;1726181592249164403
66;4;2;200;10;10;10;698237;1726181592259158664
67;4;2;200;10;10;10;571576;1726181592269152699
68;4;2;200;10;10;10;572165;1726181592279168396
69;4;2;200;10;10;10;568852;1726181592289152401
70;4;2;200;10;10;10;591119;1726181592299154747
71;4;2;200;10;10;10;567841;1726181592309153472
72;4;2;200;10;10;10;629672;1726181592319157557
73;4;2;200;10;10;10;566619;1726181592329153812
74;4;2;200;10;10;10;615591;1726181592339154747
75;4;2;200;10;10;10;564136;1726181592349152391
76;4;2;200;10;10;10;749206;1726181592359156419
77;4;2;200;10;10;10;567961;1726181592369151456
78;4;2;200;10;10;10;592890;1726181592379154672
79;4;2;200;10;10;10;566385;1726181592389153404
80;4;2;200;10;10;10;598877;1726181592399158644
81;4;2;200;10;10;10;569142;1726181592409152508
82;4;2;200;10;10;10;585407;1726181592419155180
83;4;2;200;10;10;10;566072;1726181592429153431
84;4;2;200;10;10;10;595704;1726181592439167628
85;4;2;200;10;10;10;572610;1726181592449134286
86;4;2;200;10;10;10;628796;1726181592459133168
87;4;2;200;10;10;10;572868;1726181592469134684
88;4;2;200;10;10;10;590746;1726181592479132317
89;4;2;200;10;10;10;578248;1726181592489130408
90;4;2;200;10;10;10;580924;1726181592499129068
91;4;2;200;10;10;10;572503;1726181592509131455
92;4;2;200;10;10;10;589179;1726181592519133300
93;4;2;200;10;10;10;570211;1726181592529130497
94;4;2;200;10;10;10;581245;1726181592539133377
95;4;2;200;10;10;10;562974;1726181592549168476
96;4;2;200;10;10;10;668030;1726181592559155259
97;4;2;200;10;10;10;573741;1726181592569152299
98;4;2;200;10;10;10;594684;1726181592579154646
99;4;2;200;10;10;10;674832;1726181592589153589
0;4;3;200;10;10;10;922695;1726181591599266442
1;4;3;200;10;10;10;982491;1726181591609249279
2;4;3;200;10;10;10;959338;1726181591619263201
3;4;3;200;10;10;10;773167;1726181591629150314
4;4;3;200;10;10;10;802787;1726181591639168672
5;4;3;200;10;10;10;774401;1726181591649132262
6;4;3;200;10;10;10;776669;1726181591659077113
7;4;3;200;10;10;10;775852;1726181591669133945
8;4;3;200;10;10;10;801681;1726181591679137353
9;4;3;200;10;10;10;772049;1726181591689133507
10;4;3;200;10;10;10;793733;1726181591699137163
11;4;3;200;10;10;10;769915;1726181591709132861
12;4;3;200;10;10;10;795840;1726181591719133486
13;4;3;200;10;10;10;791640;1726181591729084508
14;4;3;200;10;10;10;814164;1726181591739139692
15;4;3;200;10;10;10;763840;1726181591749136062
16;4;3;200;10;10;10;860048;1726181591759137325
17;4;3;200;10;10;10;755597;1726181591769133578
18;4;3;200;10;10;10;791153;1726181591779133390
19;4;3;200;10;10;10;759962;1726181591789138391
20;4;3;200;10;10;10;774761;1726181591799074726
21;4;3;200;10;10;10;753856;1726181591809138534
22;4;3;200;10;10;10;775818;1726181591819135782
23;4;3;200;10;10;10;752688;1726181591829138766
24;4;3;200;10;10;10;776950;1726181591839131149
25;4;3;200;10;10;10;751610;1726181591849132585
26;4;3;200;10;10;10;879305;1726181591859139195
27;4;3;200;10;10;10;757483;1726181591869135247
28;4;3;200;10;10;10;784428;1726181591879137993
29;4;3;200;10;10;10;758173;1726181591889134306
30;4;3;200;10;10;10;779627;1726181591899131954
31;4;3;200;10;10;10;759885;1726181591909136807
32;4;3;200;10;10;10;789810;1726181591919136233
33;4;3;200;10;10;10;755227;1726181591929134306
34;4;3;200;10;10;10;774721;1726181591939137269
35;4;3;200;10;10;10;738069;1726181591949168808
36;4;3;200;10;10;10;837398;1726181591959164357
37;4;3;200;10;10;10;729953;1726181591969168393
38;4;3;200;10;10;10;784872;1726181591979162739
39;4;3;200;10;10;10;741202;1726181591989162699
40;4;3;200;10;10;10;777749;1726181591999179902
41;4;3;200;10;10;10;741660;1726181592009164437
42;4;3;200;10;10;10;760095;1726181592019164840
43;4;3;200;10;10;10;752444;1726181592029162729
44;4;3;200;10;10;10;760426;1726181592039165948
45;4;3;200;10;10;10;738459;1726181592049164945
46;4;3;200;10;10;10;843511;1726181592059168306
47;4;3;200;10;10;10;733582;1726181592069171888
48;4;3;200;10;10;10;747475;1726181592079166136
49;4;3;200;10;10;10;738984;1726181592089161460
50;4;3;200;10;10;10;792074;1726181592099161598
51;4;3;200;10;10;10;743461;1726181592109166073
52;4;3;200;10;10;10;755108;1726181592119167667
53;4;3;200;10;10;10;743016;1726181592129159344
54;4;3;200;10;10;10;758005;1726181592139165065
55;4;3;200;10;10;10;733243;1726181592149172100
56;4;3;200;10;10;10;873983;1726181592159166837
57;4;3;200;10;10;10;732621;1726181592169168237
58;4;3;200;10;10;10;746376;1726181592179175961
59;4;3;200;10;10;10;718734;1726181592189183783
60;4;3;200;10;10;10;751775;1726181592199179566
61;4;3;200;10;10;10;735327;1726181592209168942
62;4;3;200;10;10;10;758375;1726181592219164490
63;4;3;200;10;10;10;738736;1726181592229163822
64;4;3;200;10;10;10;793219;1726181592239168333
65;4;3;200;10;10;10;736868;1726181592249169312
66;4;3;200;10;10;10;872073;1726181592259167151
67;4;3;200;10;10;10;743323;1726181592269163389
68;4;3;200;10;10;10;752377;1726181592279173455
69;4;3;200;10;10;10;738565;1726181592289170449
70;4;3;200;10;10;10;760869;1726181592299168904
71;4;3;200;10;10;10;737153;1726181592309165177
72;4;3;200;10;10;10;806001;1726181592319164118
73;4;3;200;10;10;10;735260;1726181592329166552
74;4;3;200;10;10;10;789340;1726181592339165731
75;4;3;200;10;10;10;737669;1726181592349160143
76;4;3;200;10;10;10;923806;1726181592359164861
77;4;3;200;10;10;10;745752;1726181592369157143
78;4;3;200;10;10;10;764658;1726181592379167340
79;4;3;200;10;10;10;734809;1726181592389167016
80;4;3;200;10;10;10;786396;1726181592399167431
81;4;3;200;10;10;10;738720;1726181592409162974
82;4;3;200;10;10;10;756122;1726181592419168857
83;4;3;200;10;10;10;745038;1726181592429159198
84;4;3;200;10;10;10;788085;1726181592439172757
85;4;3;200;10;10;10;755173;1726181592449138083
86;4;3;200;10;10;10;813171;1726181592459137174
87;4;3;200;10;10;10;756666;1726181592469138348
88;4;3;200;10;10;10;776568;1726181592479136118
89;4;3;200;10;10;10;760357;1726181592489134111
90;4;3;200;10;10;10;771643;1726181592499132895
91;4;3;200;10;10;10;755332;1726181592509135319
92;4;3;200;10;10;10;775307;1726181592519137041
93;4;3;200;10;10;10;754595;1726181592529134076
94;4;3;200;10;10;10;767158;1726181592539137343
95;4;3;200;10;10;10;741746;1726181592549174687
96;4;3;200;10;10;10;844420;1726181592559164195
97;4;3;200;10;10;10;750667;1726181592569159702
98;4;3;200;10;10;10;759040;1726181592579177468
99;4;3;200;10;10;10;912919;1726181592589166909
0;4;4;200;10;10;10;1102732;1726181591599274187
1;4;4;200;10;10;10;1155141;1726181591609264261
2;4;4;200;10;10;10;1130998;1726181591619280341
3;4;4;200;10;10;10;951946;1726181591629157321
4;4;4;200;10;10;10;980635;1726181591639173354
5;4;4;200;10;10;10;960055;1726181591649136160
6;4;4;200;10;10;10;959642;1726181591659083731
7;4;4;200;10;10;10;963126;1726181591669137575
8;4;4;200;10;10;10;989564;1726181591679141028
9;4;4;200;10;10;10;958807;1726181591689137164
10;4;4;200;10;10;10;980060;1726181591699140913
11;4;4;200;10;10;10;957951;1726181591709136620
12;4;4;200;10;10;10;981955;1726181591719137232
13;4;4;200;10;10;10;979901;1726181591729088870
14;4;4;200;10;10;10;1002185;1726181591739143833
15;4;4;200;10;10;10;948007;1726181591749139885
16;4;4;200;10;10;10;1041007;1726181591759141293
17;4;4;200;10;10;10;938439;1726181591769137139
18;4;4;200;10;10;10;970696;1726181591779137024
19;4;4;200;10;10;10;943549;1726181591789142026
20;4;4;200;10;10;10;958823;1726181591799078516
21;4;4;200;10;10;10;936479;1726181591809142159
22;4;4;200;10;10;10;957597;1726181591819139412
23;4;4;200;10;10;10;935467;1726181591829142401
24;4;4;200;10;10;10;959068;1726181591839134838
25;4;4;200;10;10;10;933203;1726181591849136515
26;4;4;200;10;10;10;1061300;1726181591859142913
27;4;4;200;10;10;10;940833;1726181591869138756
28;4;4;200;10;10;10;968881;1726181591879141702
29;4;4;200;10;10;10;940172;1726181591889137979
30;4;4;200;10;10;10;963121;1726181591899135531
31;4;4;200;10;10;10;942538;1726181591909140467
32;4;4;200;10;10;10;972656;1726181591919139908
33;4;4;200;10;10;10;937494;1726181591929137874
34;4;4;200;10;10;10;956273;1726181591939140932
35;4;4;200;10;10;10;915239;1726181591949173427
36;4;4;200;10;10;10;1020156;1726181591959168615
37;4;4;200;10;10;10;906494;1726181591969172110
38;4;4;200;10;10;10;956657;1726181591979170845
39;4;4;200;10;10;10;910943;1726181591989173835
40;4;4;200;10;10;10;956152;1726181591999183720
41;4;4;200;10;10;10;914329;1726181592009172929
42;4;4;200;10;10;10;940335;1726181592019171984
43;4;4;200;10;10;10;930697;1726181592029167196
44;4;4;200;10;10;10;934092;1726181592039173952
45;4;4;200;10;10;10;915778;1726181592049169208
46;4;4;200;10;10;10;1021011;1726181592059172825
47;4;4;200;10;10;10;911207;1726181592069176370
48;4;4;200;10;10;10;921219;1726181592079175179
49;4;4;200;10;10;10;913377;1726181592089169023
50;4;4;200;10;10;10;969735;1726181592099165755
51;4;4;200;10;10;10;920185;1726181592109170605
52;4;4;200;10;10;10;931469;1726181592119172316
53;4;4;200;10;10;10;917058;1726181592129167414
54;4;4;200;10;10;10;933056;1726181592139169481
55;4;4;200;10;10;10;911984;1726181592149176657
56;4;4;200;10;10;10;1054420;1726181592159171254
57;4;4;200;10;10;10;910525;1726181592169172432
58;4;4;200;10;10;10;915648;1726181592179186812
59;4;4;200;10;10;10;896951;1726181592189188270
60;4;4;200;10;10;10;929840;1726181592199183566
61;4;4;200;10;10;10;914530;1726181592209172804
62;4;4;200;10;10;10;932296;1726181592219173501
63;4;4;200;10;10;10;916313;1726181592229167958
64;4;4;200;10;10;10;970322;1726181592239172702
65;4;4;200;10;10;10;914748;1726181592249173324
66;4;4;200;10;10;10;1048040;1726181592259171343
67;4;4;200;10;10;10;921231;1726181592269167329
68;4;4;200;10;10;10;930929;1726181592279177405
69;4;4;200;10;10;10;920505;1726181592289174980
70;4;4;200;10;10;10;937479;1726181592299173292
71;4;4;200;10;10;10;913349;1726181592309169349
72;4;4;200;10;10;10;979732;1726181592319171819
73;4;4;200;10;10;10;911985;1726181592329170814
74;4;4;200;10;10;10;967767;1726181592339170057
75;4;4;200;10;10;10;910435;1726181592349168320
76;4;4;200;10;10;10;1093503;1726181592359177277
77;4;4;200;10;10;10;924509;1726181592369160980
78;4;4;200;10;10;10;942433;1726181592379171886
79;4;4;200;10;10;10;910822;1726181592389171429
80;4;4;200;10;10;10;963516;1726181592399171600
81;4;4;200;10;10;10;914738;1726181592409167125
82;4;4;200;10;10;10;934623;1726181592419173468
83;4;4;200;10;10;10;920999;1726181592429166794
84;4;4;200;10;10;10;966632;1726181592439176676
85;4;4;200;10;10;10;937387;1726181592449141700
86;4;4;200;10;10;10;995713;1726181592459140882
87;4;4;200;10;10;10;939476;1726181592469141992
88;4;4;200;10;10;10;959377;1726181592479139758
89;4;4;200;10;10;10;941927;1726181592489137722
90;4;4;200;10;10;10;954146;1726181592499136541
91;4;4;200;10;10;10;938929;1726181592509138886
92;4;4;200;10;10;10;957768;1726181592519140645
93;4;4;200;10;10;10;938317;1726181592529137597
94;4;4;200;10;10;10;950626;1726181592539141149
95;4;4;200;10;10;10;916646;1726181592549182893
96;4;4;200;10;10;10;1021763;1726181592559172446
97;4;4;200;10;10;10;927218;1726181592569167204
98;4;4;200;10;10;10;938020;1726181592579182737
99;4;4;200;10;10;10;1101379;1726181592589171016
0;4;5;200;10;10;10;1280516;1726181591599284723
1;4;5;200;10;10;10;1333886;1726181591609273209
2;4;5;200;10;10;10;1299127;1726181591619299562
3;4;5;200;10;10;10;1128808;1726181591629167482
4;4;5;200;10;10;10;1155915;1726181591639180249
5;4;5;200;10;10;10;1145468;1726181591649139971
6;4;5;200;10;10;10;1146267;1726181591659088007
7;4;5;200;10;10;10;1150513;1726181591669141180
8;4;5;200;10;10;10;1177320;1726181591679144717
9;4;5;200;10;10;10;1146161;1726181591689141135
10;4;5;200;10;10;10;1166560;1726181591699144614
11;4;5;200;10;10;10;1144291;1726181591709140504
12;4;5;200;10;10;10;1168382;1726181591719141243
13;4;5;200;10;10;10;1162451;1726181591729097818
14;4;5;200;10;10;10;1189484;1726181591739148385
15;4;5;200;10;10;10;1131516;1726181591749143655
16;4;5;200;10;10;10;1222388;1726181591759145563
17;4;5;200;10;10;10;1120986;1726181591769140583
18;4;5;200;10;10;10;1151704;1726181591779140820
19;4;5;200;10;10;10;1126933;1726181591789145633
20;4;5;200;10;10;10;1142148;1726181591799082508
21;4;5;200;10;10;10;1116936;1726181591809145795
22;4;5;200;10;10;10;1139874;1726181591819143040
23;4;5;200;10;10;10;1117963;1726181591829145927
24;4;5;200;10;10;10;1140736;1726181591839138393
25;4;5;200;10;10;10;1114854;1726181591849140547
26;4;5;200;10;10;10;1243319;1726181591859146916
27;4;5;200;10;10;10;1123395;1726181591869142289
28;4;5;200;10;10;10;1152814;1726181591879145198
29;4;5;200;10;10;10;1121866;1726181591889141518
30;4;5;200;10;10;10;1144005;1726181591899139096
31;4;5;200;10;10;10;1125060;1726181591909144052
32;4;5;200;10;10;10;1154290;1726181591919143887
33;4;5;200;10;10;10;1119056;1726181591929141397
34;4;5;200;10;10;10;1138030;1726181591939144880
35;4;5;200;10;10;10;1088611;1726181591949181763
36;4;5;200;10;10;10;1199753;1726181591959175503
37;4;5;200;10;10;10;1073666;1726181591969184958
38;4;5;200;10;10;10;1131509;1726181591979177323
39;4;5;200;10;10;10;1087986;1726181591989178005
40;4;5;200;10;10;10;1134458;1726181591999187687
41;4;5;200;10;10;10;1085020;1726181592009184176
42;4;5;200;10;10;10;1119851;1726181592019178902
43;4;5;200;10;10;10;1107806;1726181592029171001
44;4;5;200;10;10;10;1105502;1726181592039184509
45;4;5;200;10;10;10;1093496;1726181592049174013
46;4;5;200;10;10;10;1198376;1726181592059176877
47;4;5;200;10;10;10;1089488;1726181592069180088
48;4;5;200;10;10;10;1096693;1726181592079182414
49;4;5;200;10;10;10;1087930;1726181592089176504
50;4;5;200;10;10;10;1146677;1726181592099170786
51;4;5;200;10;10;10;1088661;1726181592109183681
52;4;5;200;10;10;10;1103074;1726181592119181669
53;4;5;200;10;10;10;1080395;1726181592129185012
54;4;5;200;10;10;10;1103247;1726181592139178836
55;4;5;200;10;10;10;1090362;1726181592149180568
56;4;5;200;10;10;10;1229781;1726181592159180521
57;4;5;200;10;10;10;1088432;1726181592169175949
58;4;5;200;10;10;10;1091539;1726181592179190967
59;4;5;200;10;10;10;1072387;1726181592189195986
60;4;5;200;10;10;10;1098741;1726181592199196392
61;4;5;200;10;10;10;1081538;1726181592209187690
62;4;5;200;10;10;10;1107412;1726181592219180284
63;4;5;200;10;10;10;1092004;1726181592229174862
64;4;5;200;10;10;10;1148011;1726181592239176484
65;4;5;200;10;10;10;1091958;1726181592249177217
66;4;5;200;10;10;10;1221949;1726181592259178635
67;4;5;200;10;10;10;1099393;1726181592269170761
68;4;5;200;10;10;10;1107626;1726181592279183318
69;4;5;200;10;10;10;1102027;1726181592289179013
70;4;5;200;10;10;10;1114687;1726181592299177083
71;4;5;200;10;10;10;1088297;1726181592309174554
72;4;5;200;10;10;10;1150007;1726181592319182427
73;4;5;200;10;10;10;1087761;1726181592329175871
74;4;5;200;10;10;10;1146237;1726181592339174027
75;4;5;200;10;10;10;1086592;1726181592349174045
76;4;5;200;10;10;10;1270846;1726181592359181852
77;4;5;200;10;10;10;1100620;1726181592369168612
78;4;5;200;10;10;10;1119164;1726181592379177471
79;4;5;200;10;10;10;1087723;1726181592389175196
80;4;5;200;10;10;10;1138313;1726181592399178277
81;4;5;200;10;10;10;1091205;1726181592409171640
82;4;5;200;10;10;10;1096224;1726181592419192719
83;4;5;200;10;10;10;1087199;1726181592429183872
84;4;5;200;10;10;10;1141739;1726181592439182507
85;4;5;200;10;10;10;1119983;1726181592449145314
86;4;5;200;10;10;10;1178859;1726181592459144814
87;4;5;200;10;10;10;1122914;1726181592469145663
88;4;5;200;10;10;10;1140806;1726181592479143699
89;4;5;200;10;10;10;1123271;1726181592489141263
90;4;5;200;10;10;10;1136902;1726181592499140205
91;4;5;200;10;10;10;1120759;1726181592509142708
92;4;5;200;10;10;10;1138617;1726181592519144522
93;4;5;200;10;10;10;1120982;1726181592529141128
94;4;5;200;10;10;10;1133508;1726181592539145059
95;4;5;200;10;10;10;1095065;1726181592549187180
96;4;5;200;10;10;10;1195810;1726181592559182524
97;4;5;200;10;10;10;1093251;1726181592569184547
98;4;5;200;10;10;10;1117274;1726181592579186747
99;4;5;200;10;10;10;1301305;1726181592589174720
0;4;6;200;10;10;10;1461212;1726181591599292967
1;4;6;200;10;10;10;1508845;1726181591609284679
2;4;6;200;10;10;10;1477435;1726181591619309098
3;4;6;200;10;10;10;1303521;1726181591629179173
4;4;6;200;10;10;10;1328904;1726181591639187716
5;4;6;200;10;10;10;1332214;1726181591649144083
6;4;6;200;10;10;10;1329273;1726181591659094202
7;4;6;200;10;10;10;1338449;1726181591669144801
8;4;6;200;10;10;10;1364075;1726181591679148754
9;4;6;200;10;10;10;1333007;1726181591689145089
10;4;6;200;10;10;10;1352647;1726181591699148661
11;4;6;200;10;10;10;1332015;1726181591709144560
12;4;6;200;10;10;10;1353949;1726181591719145371
13;4;6;200;10;10;10;1349305;1726181591729102451
14;4;6;200;10;10;10;1375909;1726181591739153025
15;4;6;200;10;10;10;1314194;1726181591749147689
16;4;6;200;10;10;10;1382757;1726181591759170184
17;4;6;200;10;10;10;1302726;1726181591769144173
18;4;6;200;10;10;10;1333017;1726181591779144784
19;4;6;200;10;10;10;1308895;1726181591789149458
20;4;6;200;10;10;10;1320617;1726181591799090986
21;4;6;200;10;10;10;1298746;1726181591809149782
22;4;6;200;10;10;10;1321184;1726181591819147146
23;4;6;200;10;10;10;1300343;1726181591829149910
24;4;6;200;10;10;10;1321755;1726181591839142354
25;4;6;200;10;10;10;1287529;1726181591849154873
26;4;6;200;10;10;10;1425018;1726181591859151817
27;4;6;200;10;10;10;1306010;1726181591869145897
28;4;6;200;10;10;10;1333907;1726181591879149066
29;4;6;200;10;10;10;1305297;1726181591889145322
30;4;6;200;10;10;10;1325869;1726181591899143077
31;4;6;200;10;10;10;1306397;1726181591909147990
32;4;6;200;10;10;10;1323250;1726181591919160853
33;4;6;200;10;10;10;1299037;1726181591929145284
34;4;6;200;10;10;10;1319411;1726181591939148890
35;4;6;200;10;10;10;1254269;1726181591949198951
36;4;6;200;10;10;10;1379490;1726181591959179812
37;4;6;200;10;10;10;1250451;1726181591969189203
38;4;6;200;10;10;10;1306328;1726181591979184085
39;4;6;200;10;10;10;1265407;1726181591989181919
40;4;6;200;10;10;10;1311693;1726181591999191377
41;4;6;200;10;10;10;1249306;1726181592009201888
42;4;6;200;10;10;10;1298817;1726181592019186145
43;4;6;200;10;10;10;1281879;1726181592029178386
44;4;6;200;10;10;10;1282145;1726181592039188766
45;4;6;200;10;10;10;1268071;1726181592049180763
46;4;6;200;10;10;10;1373745;1726181592059182458
47;4;6;200;10;10;10;1258416;1726181592069192546
48;4;6;200;10;10;10;1268737;1726181592079191625
49;4;6;200;10;10;10;1263063;1726181592089182793
50;4;6;200;10;10;10;1321463;1726181592099178211
51;4;6;200;10;10;10;1266249;1726181592109188412
52;4;6;200;10;10;10;1276946;1726181592119188542
53;4;6;200;10;10;10;1254689;1726181592129192452
54;4;6;200;10;10;10;1278648;1726181592139182840
55;4;6;200;10;10;10;1258444;1726181592149194572
56;4;6;200;10;10;10;1410841;1726181592159184771
57;4;6;200;10;10;10;1261011;1726181592169184949
58;4;6;200;10;10;10;1264393;1726181592179198498
59;4;6;200;10;10;10;1247610;1726181592189202781
60;4;6;200;10;10;10;1260561;1726181592199216366
61;4;6;200;10;10;10;1256611;1726181592209194446
62;4;6;200;10;10;10;1281141;1726181592219188434
63;4;6;200;10;10;10;1265163;1726181592229183603
64;4;6;200;10;10;10;1322002;1726181592239183906
65;4;6;200;10;10;10;1268215;1726181592249182801
66;4;6;200;10;10;10;1396011;1726181592259185465
67;4;6;200;10;10;10;1272572;1726181592269179876
68;4;6;200;10;10;10;1284077;1726181592279188449
69;4;6;200;10;10;10;1274100;1726181592289192290
70;4;6;200;10;10;10;1289041;1726181592299184359
71;4;6;200;10;10;10;1262875;1726181592309181224
72;4;6;200;10;10;10;1328220;1726181592319186878
73;4;6;200;10;10;10;1262971;1726181592329182718
74;4;6;200;10;10;10;1320091;1726181592339182069
75;4;6;200;10;10;10;1260545;1726181592349180142
76;4;6;200;10;10;10;1441774;1726181592359192758
77;4;6;200;10;10;10;1276888;1726181592369175848
78;4;6;200;10;10;10;1294334;1726181592379184724
79;4;6;200;10;10;10;1262678;1726181592389182046
80;4;6;200;10;10;10;1304256;1726181592399195612
81;4;6;200;10;10;10;1265710;1726181592409178517
82;4;6;200;10;10;10;1273306;1726181592419197382
83;4;6;200;10;10;10;1265526;1726181592429188460
84;4;6;200;10;10;10;1318692;1726181592439186588
85;4;6;200;10;10;10;1303034;1726181592449149359
86;4;6;200;10;10;10;1360845;1726181592459148910
87;4;6;200;10;10;10;1293155;1726181592469162716
88;4;6;200;10;10;10;1304405;1726181592479164860
89;4;6;200;10;10;10;1305345;1726181592489145120
90;4;6;200;10;10;10;1318675;1726181592499144135
91;4;6;200;10;10;10;1303308;1726181592509146600
92;4;6;200;10;10;10;1319123;1726181592519148520
93;4;6;200;10;10;10;1304192;1726181592529145217
94;4;6;200;10;10;10;1315622;1726181592539148992
95;4;6;200;10;10;10;1270779;1726181592549193917
96;4;6;200;10;10;10;1374868;1726181592559187718
97;4;6;200;10;10;10;1273843;1726181592569188956
98;4;6;200;10;10;10;1297366;1726181592579190463
99;4;6;200;10;10;10;1527388;1726181592589181362
0;4;7;200;10;10;10;1624997;1726181591599319445
1;4;7;200;10;10;10;1687809;1726181591609293167
2;4;7;200;10;10;10;1656512;1726181591619318455
3;4;7;200;10;10;10;1482763;1726181591629186493
4;4;7;200;10;10;10;1506309;1726181591639192359
5;4;7;200;10;10;10;1516113;1726181591649151167
6;4;7;200;10;10;10;1508059;1726181591659105745
7;4;7;200;10;10;10;1515941;1726181591669159209
8;4;7;200;10;10;10;1535739;1726181591679168353
9;4;7;200;10;10;10;1505542;1726181591689164345
10;4;7;200;10;10;10;1539127;1726181591699152675
11;4;7;200;10;10;10;1520241;1726181591709148628
12;4;7;200;10;10;10;1529176;1726181591719159673
13;4;7;200;10;10;10;1537415;1726181591729107188
14;4;7;200;10;10;10;1552742;1726181591739167580
15;4;7;200;10;10;10;1496889;1726181591749151832
16;4;7;200;10;10;10;1562319;1726181591759176480
17;4;7;200;10;10;10;1485532;1726181591769147789
18;4;7;200;10;10;10;1512554;1726181591779150292
19;4;7;200;10;10;10;1490907;1726181591789154194
20;4;7;200;10;10;10;1485165;1726181591799112917
21;4;7;200;10;10;10;1466165;1726181591809168494
22;4;7;200;10;10;10;1481138;1726181591819171485
23;4;7;200;10;10;10;1482655;1726181591829153885
24;4;7;200;10;10;10;1503053;1726181591839146370
25;4;7;200;10;10;10;1465104;1726181591849164120
26;4;7;200;10;10;10;1596404;1726181591859166953
27;4;7;200;10;10;10;1471457;1726181591869167811
28;4;7;200;10;10;10;1501976;1726181591879166271
29;4;7;200;10;10;10;1482889;1726181591889152798
30;4;7;200;10;10;10;1491072;1726181591899163879
31;4;7;200;10;10;10;1474745;1726181591909165143
32;4;7;200;10;10;10;1496043;1726181591919172715
33;4;7;200;10;10;10;1463129;1726181591929166138
34;4;7;200;10;10;10;1486425;1726181591939168433
35;4;7;200;10;10;10;1431123;1726181591949204007
36;4;7;200;10;10;10;1557858;1726181591959186524
37;4;7;200;10;10;10;1429292;1726181591969192817
38;4;7;200;10;10;10;1477532;1726181591979194062
39;4;7;200;10;10;10;1439929;1726181591989189335
40;4;7;200;10;10;10;1481276;1726181591999202700
41;4;7;200;10;10;10;1426738;1726181592009207049
42;4;7;200;10;10;10;1475821;1726181592019196401
43;4;7;200;10;10;10;1458999;1726181592029182337
44;4;7;200;10;10;10;1456790;1726181592039195862
45;4;7;200;10;10;10;1440005;1726181592049189495
46;4;7;200;10;10;10;1548375;1726181592059189191
47;4;7;200;10;10;10;1432634;1726181592069201222
48;4;7;200;10;10;10;1446209;1726181592079195764
49;4;7;200;10;10;10;1434481;1726181592089193381
50;4;7;200;10;10;10;1495317;1726181592099186106
51;4;7;200;10;10;10;1444394;1726181592109192366
52;4;7;200;10;10;10;1449730;1726181592119197389
53;4;7;200;10;10;10;1431724;1726181592129196732
54;4;7;200;10;10;10;1448402;1726181592139192696
55;4;7;200;10;10;10;1430854;1726181592149204047
56;4;7;200;10;10;10;1584790;1726181592159196581
57;4;7;200;10;10;10;1438663;1726181592169188788
58;4;7;200;10;10;10;1438218;1726181592179205344
59;4;7;200;10;10;10;1424573;1726181592189208044
60;4;7;200;10;10;10;1437227;1726181592199221642
61;4;7;200;10;10;10;1422662;1726181592209210190
62;4;7;200;10;10;10;1457997;1726181592219192936
63;4;7;200;10;10;10;1443128;1726181592229188036
64;4;7;200;10;10;10;1493797;1726181592239193199
65;4;7;200;10;10;10;1441916;1726181592249190166
66;4;7;200;10;10;10;1570695;1726181592259192285
67;4;7;200;10;10;10;1449339;1726181592269185165
68;4;7;200;10;10;10;1458049;1726181592279196025
69;4;7;200;10;10;10;1456599;1726181592289197158
70;4;7;200;10;10;10;1461187;1726181592299194325
71;4;7;200;10;10;10;1434888;1726181592309190013
72;4;7;200;10;10;10;1498436;1726181592319199781
73;4;7;200;10;10;10;1436685;1726181592329191339
74;4;7;200;10;10;10;1496146;1726181592339188642
75;4;7;200;10;10;10;1424840;1726181592349196622
76;4;7;200;10;10;10;1614828;1726181592359201064
77;4;7;200;10;10;10;1442703;1726181592369194161
78;4;7;200;10;10;10;1465608;1726181592379195443
79;4;7;200;10;10;10;1437216;1726181592389189459
80;4;7;200;10;10;10;1482126;1726181592399200942
81;4;7;200;10;10;10;1436422;1726181592409188461
82;4;7;200;10;10;10;1451875;1726181592419201675
83;4;7;200;10;10;10;1442506;1726181592429192515
84;4;7;200;10;10;10;1491568;1726181592439194160
85;4;7;200;10;10;10;1485280;1726181592449153309
86;4;7;200;10;10;10;1527220;1726181592459168399
87;4;7;200;10;10;10;1474536;1726181592469167379
88;4;7;200;10;10;10;1484700;1726181592479169902
89;4;7;200;10;10;10;1487457;1726181592489149011
90;4;7;200;10;10;10;1502010;1726181592499148052
91;4;7;200;10;10;10;1483300;1726181592509153274
92;4;7;200;10;10;10;1484580;1726181592519168094
93;4;7;200;10;10;10;1474700;1726181592529162108
94;4;7;200;10;10;10;1487121;1726181592539163713
95;4;7;200;10;10;10;1447902;1726181592549199526
96;4;7;200;10;10;10;1553073;1726181592559194122
97;4;7;200;10;10;10;1455866;1726181592569192443
98;4;7;200;10;10;10;1477430;1726181592579195504
99;4;7;200;10;10;10;1707586;1726181592589185948
0;4;8;200;10;10;10;1803769;1726181591599328299
1;4;8;200;10;10;10;1865559;1726181591609302665
2;4;8;200;10;10;10;1835617;1726181591619327858
3;4;8;200;10;10;10;1654545;1726181591629201781
4;4;8;200;10;10;10;1681968;1726181591639198867
5;4;8;200;10;10;10;1698375;1726181591649158601
6;4;8;200;10;10;10;1685521;1726181591659119759
7;4;8;200;10;10;10;1697170;1726181591669170542
8;4;8;200;10;10;10;1721296;1726181591679173256
9;4;8;200;10;10;10;1692500;1726181591689169409
10;4;8;200;10;10;10;1715164;1726181591699167560
11;4;8;200;10;10;10;1698809;1726181591709163177
12;4;8;200;10;10;10;1713947;1726181591719165689
13;4;8;200;10;10;10;1725894;1726181591729112377
14;4;8;200;10;10;10;1737215;1726181591739175129
15;4;8;200;10;10;10;1668766;1726181591749166446
16;4;8;200;10;10;10;1743957;1726181591759181089
17;4;8;200;10;10;10;1656150;1726181591769163381
18;4;8;200;10;10;10;1683573;1726181591779165004
19;4;8;200;10;10;10;1664059;1726181591789168271
20;4;8;200;10;10;10;1666661;1726181591799117090
21;4;8;200;10;10;10;1647405;1726181591809173138
22;4;8;200;10;10;10;1661011;1726181591819176545
23;4;8;200;10;10;10;1655465;1726181591829168005
24;4;8;200;10;10;10;1672406;1726181591839162359
25;4;8;200;10;10;10;1643378;1726181591849173129
26;4;8;200;10;10;10;1770681;1726181591859178918
27;4;8;200;10;10;10;1653443;1726181591869172656
28;4;8;200;10;10;10;1675632;1726181591879178340
29;4;8;200;10;10;10;1655549;1726181591889166490
30;4;8;200;10;10;10;1672168;1726181591899168780
31;4;8;200;10;10;10;1650253;1726181591909177268
32;4;8;200;10;10;10;1677715;1726181591919177186
33;4;8;200;10;10;10;1643671;1726181591929171156
34;4;8;200;10;10;10;1667603;1726181591939173409
35;4;8;200;10;10;10;1608816;1726181591949207933
36;4;8;200;10;10;10;1735102;1726181591959195832
37;4;8;200;10;10;10;1606990;1726181591969196668
38;4;8;200;10;10;10;1652808;1726181591979199530
39;4;8;200;10;10;10;1615904;1726181591989196371
40;4;8;200;10;10;10;1655096;1726181591999210030
41;4;8;200;10;10;10;1603973;1726181592009211057
42;4;8;200;10;10;10;1654768;1726181592019203696
43;4;8;200;10;10;10;1632467;1726181592029189287
44;4;8;200;10;10;10;1627378;1726181592039206428
45;4;8;200;10;10;10;1616396;1726181592049195088
46;4;8;200;10;10;10;1718823;1726181592059199196
47;4;8;200;10;10;10;1610749;1726181592069205567
48;4;8;200;10;10;10;1622867;1726181592079201212
49;4;8;200;10;10;10;1612717;1726181592089198022
50;4;8;200;10;10;10;1670756;1726181592099191698
51;4;8;200;10;10;10;1622655;1726181592109196267
52;4;8;200;10;10;10;1626293;1726181592119201968
53;4;8;200;10;10;10;1606268;1726181592129203741
54;4;8;200;10;10;10;1620090;1726181592139199895
55;4;8;200;10;10;10;1607100;1726181592149210102
56;4;8;200;10;10;10;1762614;1726181592159205086
57;4;8;200;10;10;10;1614129;1726181592169196204
58;4;8;200;10;10;10;1611167;1726181592179212936
59;4;8;200;10;10;10;1598908;1726181592189215306
60;4;8;200;10;10;10;1614923;1726181592199226013
61;4;8;200;10;10;10;1598987;1726181592209215312
62;4;8;200;10;10;10;1628163;1726181592219204852
63;4;8;200;10;10;10;1617099;1726181592229196170
64;4;8;200;10;10;10;1670365;1726181592239197907
65;4;8;200;10;10;10;1616585;1726181592249197690
66;4;8;200;10;10;10;1744566;1726181592259199115
67;4;8;200;10;10;10;1624142;1726181592269191632
68;4;8;200;10;10;10;1628668;1726181592279205952
69;4;8;200;10;10;10;1634551;1726181592289205737
70;4;8;200;10;10;10;1634020;1726181592299203673
71;4;8;200;10;10;10;1608585;1726181592309196899
72;4;8;200;10;10;10;1675131;1726181592319206885
73;4;8;200;10;10;10;1613903;1726181592329195553
74;4;8;200;10;10;10;1671883;1726181592339195514
75;4;8;200;10;10;10;1602504;1726181592349201686
76;4;8;200;10;10;10;1790418;1726181592359205169
77;4;8;200;10;10;10;1622232;1726181592369199209
78;4;8;200;10;10;10;1641901;1726181592379200582
79;4;8;200;10;10;10;1609806;1726181592389198740
80;4;8;200;10;10;10;1659934;1726181592399204631
81;4;8;200;10;10;10;1613608;1726181592409192875
82;4;8;200;10;10;10;1630624;1726181592419205409
83;4;8;200;10;10;10;1620702;1726181592429196351
84;4;8;200;10;10;10;1665937;1726181592439200897
85;4;8;200;10;10;10;1657196;1726181592449167475
86;4;8;200;10;10;10;1707992;1726181592459173621
87;4;8;200;10;10;10;1658108;1726181592469170964
88;4;8;200;10;10;10;1665712;1726181592479174014
89;4;8;200;10;10;10;1656607;1726181592489165027
90;4;8;200;10;10;10;1674029;1726181592499162551
91;4;8;200;10;10;10;1663711;1726181592509159408
92;4;8;200;10;10;10;1664555;1726181592519173264
93;4;8;200;10;10;10;1648780;1726181592529173762
94;4;8;200;10;10;10;1665882;1726181592539171857
95;4;8;200;10;10;10;1625582;1726181592549206391
96;4;8;200;10;10;10;1725842;1726181592559205447
97;4;8;200;10;10;10;1637347;1726181592569196031
98;4;8;200;10;10;10;1654546;1726181592579203058
99;4;8;200;10;10;10;1888181;1726181592589192091
0;4;9;200;10;10;10;1982522;1726181591599336602
1;4;9;200;10;10;10;2045506;1726181591609312454
2;4;9;200;10;10;10;2014749;1726181591619339007
3;4;9;200;10;10;10;1821987;1726181591629223890
4;4;9;200;10;10;10;1856379;1726181591639206925
5;4;9;200;10;10;10;1885860;1726181591649163155
6;4;9;200;10;10;10;1872653;1726181591659124692
7;4;9;200;10;10;10;1880513;1726181591669179018
8;4;9;200;10;10;10;1909350;1726181591679177508
9;4;9;200;10;10;10;1880586;1726181591689173645
10;4;9;200;10;10;10;1895054;1726181591699179429
11;4;9;200;10;10;10;1885469;1726181591709170339
12;4;9;200;10;10;10;1896130;1726181591719174625
13;4;9;200;10;10;10;1906604;1726181591729125029
14;4;9;200;10;10;10;1920449;1726181591739184785
15;4;9;200;10;10;10;1848381;1726181591749174866
16;4;9;200;10;10;10;1927736;1726181591759185276
17;4;9;200;10;10;10;1824578;1726181591769181700
18;4;9;200;10;10;10;1855203;1726181591779179336
19;4;9;200;10;10;10;1841435;1726181591789178269
20;4;9;200;10;10;10;1834743;1726181591799135705
21;4;9;200;10;10;10;1830793;1726181591809177201
22;4;9;200;10;10;10;1842796;1726181591819180755
23;4;9;200;10;10;10;1832151;1726181591829179608
24;4;9;200;10;10;10;1845290;1726181591839175092
25;4;9;200;10;10;10;1823232;1726181591849181097
26;4;9;200;10;10;10;1953222;1726181591859183821
27;4;9;200;10;10;10;1837574;1726181591869176317
28;4;9;200;10;10;10;1857054;1726181591879182970
29;4;9;200;10;10;10;1837465;1726181591889170999
30;4;9;200;10;10;10;1855642;1726181591899172928
31;4;9;200;10;10;10;1832518;1726181591909183840
32;4;9;200;10;10;10;1857184;1726181591919185717
33;4;9;200;10;10;10;1826497;1726181591929175337
34;4;9;200;10;10;10;1850818;1726181591939177679
35;4;9;200;10;10;10;1787155;1726181591949211786
36;4;9;200;10;10;10;1915769;1726181591959201573
37;4;9;200;10;10;10;1784241;1726181591969200731
38;4;9;200;10;10;10;1825662;1726181591979208975
39;4;9;200;10;10;10;1791434;1726181591989203973
40;4;9;200;10;10;10;1823744;1726181591999223719
41;4;9;200;10;10;10;1784170;1726181592009214562
42;4;9;200;10;10;10;1833343;1726181592019212561
43;4;9;200;10;10;10;1808099;1726181592029196057
44;4;9;200;10;10;10;1801026;1726181592039215307
45;4;9;200;10;10;10;1792399;1726181592049202297
46;4;9;200;10;10;10;1890637;1726181592059209502
47;4;9;200;10;10;10;1782011;1726181592069217199
48;4;9;200;10;10;10;1799636;1726181592079208566
49;4;9;200;10;10;10;1790830;1726181592089202890
50;4;9;200;10;10;10;1847317;1726181592099197752
51;4;9;200;10;10;10;1797384;1726181592109205396
52;4;9;200;10;10;10;1805009;1726181592119206015
53;4;9;200;10;10;10;1782542;1726181592129210534
54;4;9;200;10;10;10;1791421;1726181592139209159
55;4;9;200;10;10;10;1783138;1726181592149217323
56;4;9;200;10;10;10;1939404;1726181592159214661
57;4;9;200;10;10;10;1791163;1726181592169203489
58;4;9;200;10;10;10;1786029;1726181592179220023
59;4;9;200;10;10;10;1775514;1726181592189222347
60;4;9;200;10;10;10;1783397;1726181592199241498
61;4;9;200;10;10;10;1773940;1726181592209223986
62;4;9;200;10;10;10;1805824;1726181592219211108
63;4;9;200;10;10;10;1787796;1726181592229207915
64;4;9;200;10;10;10;1844668;1726181592239206167
65;4;9;200;10;10;10;1793106;1726181592249205196
66;4;9;200;10;10;10;1920667;1726181592259206083
67;4;9;200;10;10;10;1790181;1726181592269208687
68;4;9;200;10;10;10;1807574;1726181592279210197
69;4;9;200;10;10;10;1817792;1726181592289210303
70;4;9;200;10;10;10;1813276;1726181592299208443
71;4;9;200;10;10;10;1780642;1726181592309206416
72;4;9;200;10;10;10;1853608;1726181592319212405
73;4;9;200;10;10;10;1789866;1726181592329202778
74;4;9;200;10;10;10;1847752;1726181592339202785
75;4;9;200;10;10;10;1781679;1726181592349205562
76;4;9;200;10;10;10;1939977;1726181592359238306
77;4;9;200;10;10;10;1803306;1726181592369202853
78;4;9;200;10;10;10;1816684;1726181592379207783
79;4;9;200;10;10;10;1788909;1726181592389203211
80;4;9;200;10;10;10;1838540;1726181592399208538
81;4;9;200;10;10;10;1788892;1726181592409199830
82;4;9;200;10;10;10;1809805;1726181592419209406
83;4;9;200;10;10;10;1789263;1726181592429211363
84;4;9;200;10;10;10;1840641;1726181592439208303
85;4;9;200;10;10;10;1839314;1726181592449172883
86;4;9;200;10;10;10;1890388;1726181592459177777
87;4;9;200;10;10;10;1841341;1726181592469174550
88;4;9;200;10;10;10;1848064;1726181592479177951
89;4;9;200;10;10;10;1831635;1726181592489175701
90;4;9;200;10;10;10;1847621;1726181592499176438
91;4;9;200;10;10;10;1846073;1726181592509163731
92;4;9;200;10;10;10;1848930;1726181592519177347
93;4;9;200;10;10;10;1814397;1726181592529195849
94;4;9;200;10;10;10;1844609;1726181592539180309
95;4;9;200;10;10;10;1804877;1726181592549213016
96;4;9;200;10;10;10;1906098;1726181592559210742
97;4;9;200;10;10;10;1819683;1726181592569200093
98;4;9;200;10;10;10;1824744;1726181592579218417
99;4;9;200;10;10;10;2066363;1726181592589202177
0;5;0;200;10;10;10;414645;1726181591599138973
1;5;0;200;10;10;10;540477;1726181591609140975
2;5;0;200;10;10;10;446803;1726181591619147767
3;5;0;200;10;10;10;281426;1726181591629087206
4;5;0;200;10;10;10;250009;1726181591639111599
5;5;0;200;10;10;10;237655;1726181591649099284
6;5;0;200;10;10;10;233152;1726181591659034335
7;5;0;200;10;10;10;239130;1726181591669100589
8;5;0;200;10;10;10;239193;1726181591679103716
9;5;0;200;10;10;10;234459;1726181591689101191
10;5;0;200;10;10;10;237682;1726181591699103802
11;5;0;200;10;10;10;233662;1726181591709100944
12;5;0;200;10;10;10;242742;1726181591719099757
13;5;0;200;10;10;10;252289;1726181591729043991
14;5;0;200;10;10;10;243288;1726181591739102194
15;5;0;200;10;10;10;236008;1726181591749102970
16;5;0;200;10;10;10;283172;1726181591759102100
17;5;0;200;10;10;10;232816;1726181591769101848
18;5;0;200;10;10;10;227670;1726181591779100909
19;5;0;200;10;10;10;235978;1726181591789106467
20;5;0;200;10;10;10;244440;1726181591799039848
21;5;0;200;10;10;10;229813;1726181591809106935
22;5;0;200;10;10;10;240981;1726181591819102841
23;5;0;200;10;10;10;228542;1726181591829106798
24;5;0;200;10;10;10;235374;1726181591839098642
25;5;0;200;10;10;10;228996;1726181591849100811
26;5;0;200;10;10;10;323363;1726181591859105443
27;5;0;200;10;10;10;234032;1726181591869103707
28;5;0;200;10;10;10;236582;1726181591879105866
29;5;0;200;10;10;10;232995;1726181591889102569
30;5;0;200;10;10;10;237285;1726181591899099556
31;5;0;200;10;10;10;238323;1726181591909105698
32;5;0;200;10;10;10;246539;1726181591919103613
33;5;0;200;10;10;10;230127;1726181591929102952
34;5;0;200;10;10;10;230692;1726181591939104805
35;5;0;200;10;10;10;252927;1726181591949110321
36;5;0;200;10;10;10;328796;1726181591959111322
37;5;0;200;10;10;10;248848;1726181591969109407
38;5;0;200;10;10;10;247997;1726181591979111991
39;5;0;200;10;10;10;249768;1726181591989111481
40;5;0;200;10;10;10;252792;1726181591999111079
41;5;0;200;10;10;10;251979;1726181592009111285
42;5;0;200;10;10;10;238112;1726181592019112519
43;5;0;200;10;10;10;261387;1726181592029110509
44;5;0;200;10;10;10;249888;1726181592039112893
45;5;0;200;10;10;10;251081;1726181592049109897
46;5;0;200;10;10;10;297875;1726181592059110730
47;5;0;200;10;10;10;253509;1726181592069109766
48;5;0;200;10;10;10;249180;1726181592079112359
49;5;0;200;10;10;10;247275;1726181592089110355
50;5;0;200;10;10;10;252624;1726181592099110057
51;5;0;200;10;10;10;252381;1726181592109111294
52;5;0;200;10;10;10;249958;1726181592119110825
53;5;0;200;10;10;10;253305;1726181592129109647
54;5;0;200;10;10;10;254757;1726181592139111820
55;5;0;200;10;10;10;252136;1726181592149110070
56;5;0;200;10;10;10;349441;1726181592159112319
57;5;0;200;10;10;10;248975;1726181592169110288
58;5;0;200;10;10;10;255015;1726181592179110282
59;5;0;200;10;10;10;249455;1726181592189111125
60;5;0;200;10;10;10;251933;1726181592199115812
61;5;0;200;10;10;10;250211;1726181592209110101
62;5;0;200;10;10;10;251610;1726181592219111227
63;5;0;200;10;10;10;248258;1726181592229110668
64;5;0;200;10;10;10;262756;1726181592239111910
65;5;0;200;10;10;10;252544;1726181592249110571
66;5;0;200;10;10;10;329287;1726181592259111992
67;5;0;200;10;10;10;252595;1726181592269110925
68;5;0;200;10;10;10;250898;1726181592279111580
69;5;0;200;10;10;10;241797;1726181592289110482
70;5;0;200;10;10;10;255034;1726181592299111646
71;5;0;200;10;10;10;250032;1726181592309111497
72;5;0;200;10;10;10;268587;1726181592319114331
73;5;0;200;10;10;10;250844;1726181592329110121
74;5;0;200;10;10;10;251934;1726181592339111833
75;5;0;200;10;10;10;247982;1726181592349108648
76;5;0;200;10;10;10;345568;1726181592359111208
77;5;0;200;10;10;10;248614;1726181592369109728
78;5;0;200;10;10;10;259799;1726181592379111388
79;5;0;200;10;10;10;249355;1726181592389111561
80;5;0;200;10;10;10;251216;1726181592399111974
81;5;0;200;10;10;10;252340;1726181592409109959
82;5;0;200;10;10;10;253352;1726181592419111748
83;5;0;200;10;10;10;248181;1726181592429111165
84;5;0;200;10;10;10;261172;1726181592439111048
85;5;0;200;10;10;10;231067;1726181592449106695
86;5;0;200;10;10;10;270599;1726181592459103813
87;5;0;200;10;10;10;229679;1726181592469107044
88;5;0;200;10;10;10;236302;1726181592479103706
89;5;0;200;10;10;10;238448;1726181592489102978
90;5;0;200;10;10;10;229938;1726181592499100915
91;5;0;200;10;10;10;229880;1726181592509103624
92;5;0;200;10;10;10;234513;1726181592519104535
93;5;0;200;10;10;10;227294;1726181592529103066
94;5;0;200;10;10;10;233561;1726181592539104790
95;5;0;200;10;10;10;256256;1726181592549110197
96;5;0;200;10;10;10;278645;1726181592559111718
97;5;0;200;10;10;10;251097;1726181592569110377
98;5;0;200;10;10;10;256830;1726181592579111335
99;5;0;200;10;10;10;268883;1726181592589110225
0;5;1;200;10;10;10;574665;1726181591599249779
1;5;1;200;10;10;10;655966;1726181591609214904
2;5;1;200;10;10;10;633859;1726181591619223344
3;5;1;200;10;10;10;432387;1726181591629130194
4;5;1;200;10;10;10;399392;1726181591639150938
5;5;1;200;10;10;10;413630;1726181591649122758
6;5;1;200;10;10;10;405352;1726181591659060433
7;5;1;200;10;10;10;414011;1726181591669124682
8;5;1;200;10;10;10;414233;1726181591679127684
9;5;1;200;10;10;10;410261;1726181591689124278
10;5;1;200;10;10;10;411536;1726181591699127635
11;5;1;200;10;10;10;408400;1726181591709123878
12;5;1;200;10;10;10;416277;1726181591719123899
13;5;1;200;10;10;10;425025;1726181591729073828
14;5;1;200;10;10;10;415609;1726181591739129410
15;5;1;200;10;10;10;407812;1726181591749126615
16;5;1;200;10;10;10;451544;1726181591759127219
17;5;1;200;10;10;10;404530;1726181591769124564
18;5;1;200;10;10;10;399860;1726181591779124153
19;5;1;200;10;10;10;407291;1726181591789129202
20;5;1;200;10;10;10;414433;1726181591799065232
21;5;1;200;10;10;10;401669;1726181591809129254
22;5;1;200;10;10;10;409811;1726181591819126378
23;5;1;200;10;10;10;400301;1726181591829129593
24;5;1;200;10;10;10;406022;1726181591839121992
25;5;1;200;10;10;10;400897;1726181591849123476
26;5;1;200;10;10;10;494264;1726181591859129454
27;5;1;200;10;10;10;405727;1726181591869126350
28;5;1;200;10;10;10;407968;1726181591879128901
29;5;1;200;10;10;10;403649;1726181591889125311
30;5;1;200;10;10;10;408440;1726181591899122790
31;5;1;200;10;10;10;409115;1726181591909127901
32;5;1;200;10;10;10;418326;1726181591919126700
33;5;1;200;10;10;10;401902;1726181591929125330
34;5;1;200;10;10;10;401227;1726181591939128178
35;5;1;200;10;10;10;405327;1726181591949146972
36;5;1;200;10;10;10;484525;1726181591959149695
37;5;1;200;10;10;10;400073;1726181591969146185
38;5;1;200;10;10;10;398464;1726181591979149427
39;5;1;200;10;10;10;403385;1726181591989148170
40;5;1;200;10;10;10;405298;1726181591999148568
41;5;1;200;10;10;10;404763;1726181592009147174
42;5;1;200;10;10;10;394357;1726181592019150709
43;5;1;200;10;10;10;413958;1726181592029147052
44;5;1;200;10;10;10;401698;1726181592039150672
45;5;1;200;10;10;10;404617;1726181592049146213
46;5;1;200;10;10;10;463301;1726181592059148799
47;5;1;200;10;10;10;404863;1726181592069147047
48;5;1;200;10;10;10;401335;1726181592079149710
49;5;1;200;10;10;10;400395;1726181592089146904
50;5;1;200;10;10;10;404488;1726181592099147389
51;5;1;200;10;10;10;405286;1726181592109148112
52;5;1;200;10;10;10;402075;1726181592119148172
53;5;1;200;10;10;10;405081;1726181592129146385
54;5;1;200;10;10;10;405878;1726181592139148962
55;5;1;200;10;10;10;405211;1726181592149146723
56;5;1;200;10;10;10;512480;1726181592159149919
57;5;1;200;10;10;10;401459;1726181592169147041
58;5;1;200;10;10;10;406384;1726181592179147697
59;5;1;200;10;10;10;401845;1726181592189147291
60;5;1;200;10;10;10;404785;1726181592199152966
61;5;1;200;10;10;10;404002;1726181592209146101
62;5;1;200;10;10;10;403371;1726181592219148257
63;5;1;200;10;10;10;400215;1726181592229146919
64;5;1;200;10;10;10;415126;1726181592239149138
65;5;1;200;10;10;10;405459;1726181592249147221
66;5;1;200;10;10;10;492975;1726181592259150055
67;5;1;200;10;10;10;405100;1726181592269147561
68;5;1;200;10;10;10;403772;1726181592279148498
69;5;1;200;10;10;10;400007;1726181592289146895
70;5;1;200;10;10;10;407198;1726181592299149171
71;5;1;200;10;10;10;402957;1726181592309147987
72;5;1;200;10;10;10;420460;1726181592319151984
73;5;1;200;10;10;10;403384;1726181592329146628
74;5;1;200;10;10;10;404746;1726181592339149304
75;5;1;200;10;10;10;400701;1726181592349145335
76;5;1;200;10;10;10;496737;1726181592359149136
77;5;1;200;10;10;10;402050;1726181592369146236
78;5;1;200;10;10;10;411927;1726181592379148864
79;5;1;200;10;10;10;401515;1726181592389148069
80;5;1;200;10;10;10;404037;1726181592399149441
81;5;1;200;10;10;10;404334;1726181592409146963
82;5;1;200;10;10;10;404390;1726181592419149410
83;5;1;200;10;10;10;400258;1726181592429147941
84;5;1;200;10;10;10;413184;1726181592439148377
85;5;1;200;10;10;10;403187;1726181592449128970
86;5;1;200;10;10;10;442439;1726181592459127625
87;5;1;200;10;10;10;402912;1726181592469129414
88;5;1;200;10;10;10;407165;1726181592479126874
89;5;1;200;10;10;10;409485;1726181592489125194
90;5;1;200;10;10;10;400834;1726181592499123537
91;5;1;200;10;10;10;402360;1726181592509126123
92;5;1;200;10;10;10;405088;1726181592519127876
93;5;1;200;10;10;10;399844;1726181592529125335
94;5;1;200;10;10;10;404768;1726181592539127726
95;5;1;200;10;10;10;411114;1726181592549147273
96;5;1;200;10;10;10;459015;1726181592559149695
97;5;1;200;10;10;10;405833;1726181592569147132
98;5;1;200;10;10;10;410398;1726181592579149071
99;5;1;200;10;10;10;499285;1726181592589146601
0;5;2;200;10;10;10;755488;1726181591599259481
1;5;2;200;10;10;10;819170;1726181591609238487
2;5;2;200;10;10;10;798893;1726181591619248052
3;5;2;200;10;10;10;611711;1726181591629138026
4;5;2;200;10;10;10;641645;1726181591639157284
5;5;2;200;10;10;10;600554;1726181591649128294
6;5;2;200;10;10;10;586774;1726181591659070289
7;5;2;200;10;10;10;601182;1726181591669130127
8;5;2;200;10;10;10;624949;1726181591679133368
9;5;2;200;10;10;10;598233;1726181591689129598
10;5;2;200;10;10;10;616639;1726181591699133360
11;5;2;200;10;10;10;595257;1726181591709129134
12;5;2;200;10;10;10;619814;1726181591719129587
13;5;2;200;10;10;10;615533;1726181591729079851
14;5;2;200;10;10;10;636022;1726181591739135576
15;5;2;200;10;10;10;592226;1726181591749132278
16;5;2;200;10;10;10;690170;1726181591759133075
17;5;2;200;10;10;10;585941;1726181591769129889
18;5;2;200;10;10;10;618295;1726181591779129632
19;5;2;200;10;10;10;589857;1726181591789134611
20;5;2;200;10;10;10;596236;1726181591799070768
21;5;2;200;10;10;10;583995;1726181591809134610
22;5;2;200;10;10;10;606065;1726181591819131867
23;5;2;200;10;10;10;583227;1726181591829134914
24;5;2;200;10;10;10;605221;1726181591839127307
25;5;2;200;10;10;10;583043;1726181591849128664
26;5;2;200;10;10;10;710623;1726181591859135207
27;5;2;200;10;10;10;587581;1726181591869131483
28;5;2;200;10;10;10;613315;1726181591879134296
29;5;2;200;10;10;10;587008;1726181591889130552
30;5;2;200;10;10;10;608105;1726181591899128264
31;5;2;200;10;10;10;590744;1726181591909133159
32;5;2;200;10;10;10;618743;1726181591919132264
33;5;2;200;10;10;10;585233;1726181591929130475
34;5;2;200;10;10;10;601627;1726181591939133542
35;5;2;200;10;10;10;584210;1726181591949152431
36;5;2;200;10;10;10;672285;1726181591959155420
37;5;2;200;10;10;10;565225;1726181591969163649
38;5;2;200;10;10;10;622367;1726181591979155208
39;5;2;200;10;10;10;578436;1726181591989156509
40;5;2;200;10;10;10;598358;1726181591999174729
41;5;2;200;10;10;10;581212;1726181592009154454
42;5;2;200;10;10;10;592612;1726181592019156448
43;5;2;200;10;10;10;592248;1726181592029152513
44;5;2;200;10;10;10;598557;1726181592039156287
45;5;2;200;10;10;10;580473;1726181592049153851
46;5;2;200;10;10;10;686314;1726181592059154609
47;5;2;200;10;10;10;583564;1726181592069152242
48;5;2;200;10;10;10;585091;1726181592079157255
49;5;2;200;10;10;10;577399;1726181592089154039
50;5;2;200;10;10;10;615478;1726181592099153030
51;5;2;200;10;10;10;585333;1726181592109153745
52;5;2;200;10;10;10;598168;1726181592119153822
53;5;2;200;10;10;10;580456;1726181592129153576
54;5;2;200;10;10;10;599244;1726181592139154704
55;5;2;200;10;10;10;583664;1726181592149152122
56;5;2;200;10;10;10;711773;1726181592159155843
57;5;2;200;10;10;10;574509;1726181592169156708
58;5;2;200;10;10;10;584943;1726181592179168254
59;5;2;200;10;10;10;561562;1726181592189170643
60;5;2;200;10;10;10;585964;1726181592199173645
61;5;2;200;10;10;10;570143;1726181592209164028
62;5;2;200;10;10;10;595967;1726181592219156017
63;5;2;200;10;10;10;577208;1726181592229154524
64;5;2;200;10;10;10;637134;1726181592239154660
65;5;2;200;10;10;10;571590;1726181592249164403
66;5;2;200;10;10;10;710921;1726181592259158664
67;5;2;200;10;10;10;584376;1726181592269152699
68;5;2;200;10;10;10;585020;1726181592279168396
69;5;2;200;10;10;10;581967;1726181592289152401
70;5;2;200;10;10;10;603852;1726181592299154747
71;5;2;200;10;10;10;580438;1726181592309153472
72;5;2;200;10;10;10;642209;1726181592319157557
73;5;2;200;10;10;10;579311;1726181592329153812
74;5;2;200;10;10;10;628186;1726181592339154747
75;5;2;200;10;10;10;576757;1726181592349152391
76;5;2;200;10;10;10;761915;1726181592359156419
77;5;2;200;10;10;10;580634;1726181592369151456
78;5;2;200;10;10;10;605656;1726181592379154672
79;5;2;200;10;10;10;579139;1726181592389153404
80;5;2;200;10;10;10;611972;1726181592399158644
81;5;2;200;10;10;10;581646;1726181592409152508
82;5;2;200;10;10;10;598089;1726181592419155180
83;5;2;200;10;10;10;578997;1726181592429153431
84;5;2;200;10;10;10;621245;1726181592439167628
85;5;2;200;10;10;10;585639;1726181592449134286
86;5;2;200;10;10;10;641710;1726181592459133168
87;5;2;200;10;10;10;585961;1726181592469134684
88;5;2;200;10;10;10;605059;1726181592479132317
89;5;2;200;10;10;10;591322;1726181592489130408
90;5;2;200;10;10;10;599401;1726181592499129068
91;5;2;200;10;10;10;585455;1726181592509131455
92;5;2;200;10;10;10;603885;1726181592519133300
93;5;2;200;10;10;10;583218;1726181592529130497
94;5;2;200;10;10;10;595373;1726181592539133377
95;5;2;200;10;10;10;575881;1726181592549168476
96;5;2;200;10;10;10;680612;1726181592559155259
97;5;2;200;10;10;10;586324;1726181592569152299
98;5;2;200;10;10;10;607609;1726181592579154646
99;5;2;200;10;10;10;701155;1726181592589153589
0;5;3;200;10;10;10;935988;1726181591599266442
1;5;3;200;10;10;10;995564;1726181591609249279
2;5;3;200;10;10;10;972567;1726181591619263201
3;5;3;200;10;10;10;786002;1726181591629150314
4;5;3;200;10;10;10;815454;1726181591639168672
5;5;3;200;10;10;10;787579;1726181591649132262
6;5;3;200;10;10;10;789649;1726181591659077113
7;5;3;200;10;10;10;788838;1726181591669133945
8;5;3;200;10;10;10;814966;1726181591679137353
9;5;3;200;10;10;10;785230;1726181591689133507
10;5;3;200;10;10;10;806917;1726181591699137163
11;5;3;200;10;10;10;783266;1726181591709132861
12;5;3;200;10;10;10;808935;1726181591719133486
13;5;3;200;10;10;10;805052;1726181591729084508
14;5;3;200;10;10;10;827513;1726181591739139692
15;5;3;200;10;10;10;777134;1726181591749136062
16;5;3;200;10;10;10;872570;1726181591759137325
17;5;3;200;10;10;10;768474;1726181591769133578
18;5;3;200;10;10;10;803670;1726181591779133390
19;5;3;200;10;10;10;773068;1726181591789138391
20;5;3;200;10;10;10;787879;1726181591799074726
21;5;3;200;10;10;10;766966;1726181591809138534
22;5;3;200;10;10;10;788750;1726181591819135782
23;5;3;200;10;10;10;765745;1726181591829138766
24;5;3;200;10;10;10;789914;1726181591839131149
25;5;3;200;10;10;10;764525;1726181591849132585
26;5;3;200;10;10;10;892087;1726181591859139195
27;5;3;200;10;10;10;770559;1726181591869135247
28;5;3;200;10;10;10;797295;1726181591879137993
29;5;3;200;10;10;10;771203;1726181591889134306
30;5;3;200;10;10;10;792661;1726181591899131954
31;5;3;200;10;10;10;772879;1726181591909136807
32;5;3;200;10;10;10;802929;1726181591919136233
33;5;3;200;10;10;10;768172;1726181591929134306
34;5;3;200;10;10;10;787801;1726181591939137269
35;5;3;200;10;10;10;750829;1726181591949168808
36;5;3;200;10;10;10;850513;1726181591959164357
37;5;3;200;10;10;10;742453;1726181591969168393
38;5;3;200;10;10;10;797320;1726181591979162739
39;5;3;200;10;10;10;753679;1726181591989162699
40;5;3;200;10;10;10;790386;1726181591999179902
41;5;3;200;10;10;10;754363;1726181592009164437
42;5;3;200;10;10;10;773174;1726181592019164840
43;5;3;200;10;10;10;765208;1726181592029162729
44;5;3;200;10;10;10;773105;1726181592039165948
45;5;3;200;10;10;10;751013;1726181592049164945
46;5;3;200;10;10;10;856056;1726181592059168306
47;5;3;200;10;10;10;746425;1726181592069171888
48;5;3;200;10;10;10;760251;1726181592079166136
49;5;3;200;10;10;10;751729;1726181592089161460
50;5;3;200;10;10;10;804614;1726181592099161598
51;5;3;200;10;10;10;755968;1726181592109166073
52;5;3;200;10;10;10;767681;1726181592119167667
53;5;3;200;10;10;10;755770;1726181592129159344
54;5;3;200;10;10;10;770544;1726181592139165065
55;5;3;200;10;10;10;745950;1726181592149172100
56;5;3;200;10;10;10;886790;1726181592159166837
57;5;3;200;10;10;10;745240;1726181592169168237
58;5;3;200;10;10;10;758705;1726181592179175961
59;5;3;200;10;10;10;731470;1726181592189183783
60;5;3;200;10;10;10;764275;1726181592199179566
61;5;3;200;10;10;10;747971;1726181592209168942
62;5;3;200;10;10;10;770895;1726181592219164490
63;5;3;200;10;10;10;751426;1726181592229163822
64;5;3;200;10;10;10;805686;1726181592239168333
65;5;3;200;10;10;10;749627;1726181592249169312
66;5;3;200;10;10;10;884784;1726181592259167151
67;5;3;200;10;10;10;756176;1726181592269163389
68;5;3;200;10;10;10;765121;1726181592279173455
69;5;3;200;10;10;10;751470;1726181592289170449
70;5;3;200;10;10;10;773425;1726181592299168904
71;5;3;200;10;10;10;749890;1726181592309165177
72;5;3;200;10;10;10;818530;1726181592319164118
73;5;3;200;10;10;10;747726;1726181592329166552
74;5;3;200;10;10;10;801893;1726181592339165731
75;5;3;200;10;10;10;750446;1726181592349160143
76;5;3;200;10;10;10;936481;1726181592359164861
77;5;3;200;10;10;10;758450;1726181592369157143
78;5;3;200;10;10;10;777243;1726181592379167340
79;5;3;200;10;10;10;747382;1726181592389167016
80;5;3;200;10;10;10;799129;1726181592399167431
81;5;3;200;10;10;10;751020;1726181592409162974
82;5;3;200;10;10;10;768694;1726181592419168857
83;5;3;200;10;10;10;757842;1726181592429159198
84;5;3;200;10;10;10;800428;1726181592439172757
85;5;3;200;10;10;10;768128;1726181592449138083
86;5;3;200;10;10;10;826081;1726181592459137174
87;5;3;200;10;10;10;769549;1726181592469138348
88;5;3;200;10;10;10;789526;1726181592479136118
89;5;3;200;10;10;10;773182;1726181592489134111
90;5;3;200;10;10;10;784617;1726181592499132895
91;5;3;200;10;10;10;768524;1726181592509135319
92;5;3;200;10;10;10;788180;1726181592519137041
93;5;3;200;10;10;10;767559;1726181592529134076
94;5;3;200;10;10;10;780268;1726181592539137343
95;5;3;200;10;10;10;754229;1726181592549174687
96;5;3;200;10;10;10;857290;1726181592559164195
97;5;3;200;10;10;10;763453;1726181592569159702
98;5;3;200;10;10;10;771768;1726181592579177468
99;5;3;200;10;10;10;926408;1726181592589166909
0;5;4;200;10;10;10;1116258;1726181591599274187
1;5;4;200;10;10;10;1167992;1726181591609264261
2;5;4;200;10;10;10;1144148;1726181591619280341
3;5;4;200;10;10;10;965016;1726181591629157321
4;5;4;200;10;10;10;993446;1726181591639173354
5;5;4;200;10;10;10;973120;1726181591649136160
6;5;4;200;10;10;10;972962;1726181591659083731
7;5;4;200;10;10;10;976064;1726181591669137575
8;5;4;200;10;10;10;1002993;1726181591679141028
9;5;4;200;10;10;10;972080;1726181591689137164
10;5;4;200;10;10;10;993170;1726181591699140913
11;5;4;200;10;10;10;971121;1726181591709136620
12;5;4;200;10;10;10;995161;1726181591719137232
13;5;4;200;10;10;10;993093;1726181591729088870
14;5;4;200;10;10;10;1015455;1726181591739143833
15;5;4;200;10;10;10;961213;1726181591749139885
16;5;4;200;10;10;10;1053912;1726181591759141293
17;5;4;200;10;10;10;951384;1726181591769137139
18;5;4;200;10;10;10;983329;1726181591779137024
19;5;4;200;10;10;10;956522;1726181591789142026
20;5;4;200;10;10;10;971947;1726181591799078516
21;5;4;200;10;10;10;949324;1726181591809142159
22;5;4;200;10;10;10;970439;1726181591819139412
23;5;4;200;10;10;10;948279;1726181591829142401
24;5;4;200;10;10;10;972094;1726181591839134838
25;5;4;200;10;10;10;946151;1726181591849136515
26;5;4;200;10;10;10;1074412;1726181591859142913
27;5;4;200;10;10;10;953727;1726181591869138756
28;5;4;200;10;10;10;982003;1726181591879141702
29;5;4;200;10;10;10;953051;1726181591889137979
30;5;4;200;10;10;10;975893;1726181591899135531
31;5;4;200;10;10;10;955412;1726181591909140467
32;5;4;200;10;10;10;985719;1726181591919139908
33;5;4;200;10;10;10;950358;1726181591929137874
34;5;4;200;10;10;10;969146;1726181591939140932
35;5;4;200;10;10;10;927929;1726181591949173427
36;5;4;200;10;10;10;1033293;1726181591959168615
37;5;4;200;10;10;10;918935;1726181591969172110
38;5;4;200;10;10;10;969228;1726181591979170845
39;5;4;200;10;10;10;923453;1726181591989173835
40;5;4;200;10;10;10;968988;1726181591999183720
41;5;4;200;10;10;10;926862;1726181592009172929
42;5;4;200;10;10;10;953256;1726181592019171984
43;5;4;200;10;10;10;943322;1726181592029167196
44;5;4;200;10;10;10;946682;1726181592039173952
45;5;4;200;10;10;10;928598;1726181592049169208
46;5;4;200;10;10;10;1033555;1726181592059172825
47;5;4;200;10;10;10;923746;1726181592069176370
48;5;4;200;10;10;10;933970;1726181592079175179
49;5;4;200;10;10;10;925982;1726181592089169023
50;5;4;200;10;10;10;982221;1726181592099165755
51;5;4;200;10;10;10;932809;1726181592109170605
52;5;4;200;10;10;10;944128;1726181592119172316
53;5;4;200;10;10;10;929665;1726181592129167414
54;5;4;200;10;10;10;945493;1726181592139169481
55;5;4;200;10;10;10;924712;1726181592149176657
56;5;4;200;10;10;10;1067375;1726181592159171254
57;5;4;200;10;10;10;923163;1726181592169172432
58;5;4;200;10;10;10;928196;1726181592179186812
59;5;4;200;10;10;10;909799;1726181592189188270
60;5;4;200;10;10;10;942403;1726181592199183566
61;5;4;200;10;10;10;927083;1726181592209172804
62;5;4;200;10;10;10;944983;1726181592219173501
63;5;4;200;10;10;10;929014;1726181592229167958
64;5;4;200;10;10;10;982763;1726181592239172702
65;5;4;200;10;10;10;927394;1726181592249173324
66;5;4;200;10;10;10;1060611;1726181592259171343
67;5;4;200;10;10;10;933861;1726181592269167329
68;5;4;200;10;10;10;943625;1726181592279177405
69;5;4;200;10;10;10;933390;1726181592289174980
70;5;4;200;10;10;10;950047;1726181592299173292
71;5;4;200;10;10;10;925910;1726181592309169349
72;5;4;200;10;10;10;992323;1726181592319171819
73;5;4;200;10;10;10;924464;1726181592329170814
74;5;4;200;10;10;10;980548;1726181592339170057
75;5;4;200;10;10;10;923194;1726181592349168320
76;5;4;200;10;10;10;1106185;1726181592359177277
77;5;4;200;10;10;10;937174;1726181592369160980
78;5;4;200;10;10;10;955221;1726181592379171886
79;5;4;200;10;10;10;923257;1726181592389171429
80;5;4;200;10;10;10;976292;1726181592399171600
81;5;4;200;10;10;10;927306;1726181592409167125
82;5;4;200;10;10;10;947343;1726181592419173468
83;5;4;200;10;10;10;933903;1726181592429166794
84;5;4;200;10;10;10;979312;1726181592439176676
85;5;4;200;10;10;10;950294;1726181592449141700
86;5;4;200;10;10;10;1008671;1726181592459140882
87;5;4;200;10;10;10;952549;1726181592469141992
88;5;4;200;10;10;10;972357;1726181592479139758
89;5;4;200;10;10;10;954770;1726181592489137722
90;5;4;200;10;10;10;966941;1726181592499136541
91;5;4;200;10;10;10;951916;1726181592509138886
92;5;4;200;10;10;10;970630;1726181592519140645
93;5;4;200;10;10;10;951102;1726181592529137597
94;5;4;200;10;10;10;963682;1726181592539141149
95;5;4;200;10;10;10;929252;1726181592549182893
96;5;4;200;10;10;10;1034524;1726181592559172446
97;5;4;200;10;10;10;940090;1726181592569167204
98;5;4;200;10;10;10;950690;1726181592579182737
99;5;4;200;10;10;10;1119228;1726181592589171016
0;5;5;200;10;10;10;1293989;1726181591599284723
1;5;5;200;10;10;10;1346860;1726181591609273209
2;5;5;200;10;10;10;1312081;1726181591619299562
3;5;5;200;10;10;10;1141709;1726181591629167482
4;5;5;200;10;10;10;1168406;1726181591639180249
5;5;5;200;10;10;10;1158679;1726181591649139971
6;5;5;200;10;10;10;1159443;1726181591659088007
7;5;5;200;10;10;10;1163886;1726181591669141180
8;5;5;200;10;10;10;1190540;1726181591679144717
9;5;5;200;10;10;10;1159354;1726181591689141135
10;5;5;200;10;10;10;1179695;1726181591699144614
11;5;5;200;10;10;10;1157360;1726181591709140504
12;5;5;200;10;10;10;1181332;1726181591719141243
13;5;5;200;10;10;10;1175768;1726181591729097818
14;5;5;200;10;10;10;1202910;1726181591739148385
15;5;5;200;10;10;10;1144503;1726181591749143655
16;5;5;200;10;10;10;1235226;1726181591759145563
17;5;5;200;10;10;10;1133929;1726181591769140583
18;5;5;200;10;10;10;1164629;1726181591779140820
19;5;5;200;10;10;10;1139876;1726181591789145633
20;5;5;200;10;10;10;1155353;1726181591799082508
21;5;5;200;10;10;10;1129794;1726181591809145795
22;5;5;200;10;10;10;1152773;1726181591819143040
23;5;5;200;10;10;10;1130924;1726181591829145927
24;5;5;200;10;10;10;1153611;1726181591839138393
25;5;5;200;10;10;10;1127820;1726181591849140547
26;5;5;200;10;10;10;1256351;1726181591859146916
27;5;5;200;10;10;10;1136205;1726181591869142289
28;5;5;200;10;10;10;1165699;1726181591879145198
29;5;5;200;10;10;10;1134861;1726181591889141518
30;5;5;200;10;10;10;1156796;1726181591899139096
31;5;5;200;10;10;10;1137964;1726181591909144052
32;5;5;200;10;10;10;1167107;1726181591919143887
33;5;5;200;10;10;10;1131609;1726181591929141397
34;5;5;200;10;10;10;1151051;1726181591939144880
35;5;5;200;10;10;10;1101313;1726181591949181763
36;5;5;200;10;10;10;1212476;1726181591959175503
37;5;5;200;10;10;10;1086239;1726181591969184958
38;5;5;200;10;10;10;1144330;1726181591979177323
39;5;5;200;10;10;10;1100564;1726181591989178005
40;5;5;200;10;10;10;1147132;1726181591999187687
41;5;5;200;10;10;10;1097611;1726181592009184176
42;5;5;200;10;10;10;1132899;1726181592019178902
43;5;5;200;10;10;10;1120517;1726181592029171001
44;5;5;200;10;10;10;1118165;1726181592039184509
45;5;5;200;10;10;10;1106134;1726181592049174013
46;5;5;200;10;10;10;1210884;1726181592059176877
47;5;5;200;10;10;10;1102071;1726181592069180088
48;5;5;200;10;10;10;1109458;1726181592079182414
49;5;5;200;10;10;10;1100442;1726181592089176504
50;5;5;200;10;10;10;1159482;1726181592099170786
51;5;5;200;10;10;10;1101337;1726181592109183681
52;5;5;200;10;10;10;1115614;1726181592119181669
53;5;5;200;10;10;10;1092936;1726181592129185012
54;5;5;200;10;10;10;1115745;1726181592139178836
55;5;5;200;10;10;10;1103100;1726181592149180568
56;5;5;200;10;10;10;1242532;1726181592159180521
57;5;5;200;10;10;10;1101055;1726181592169175949
58;5;5;200;10;10;10;1104149;1726181592179190967
59;5;5;200;10;10;10;1084959;1726181592189195986
60;5;5;200;10;10;10;1111508;1726181592199196392
61;5;5;200;10;10;10;1094260;1726181592209187690
62;5;5;200;10;10;10;1119956;1726181592219180284
63;5;5;200;10;10;10;1104461;1726181592229174862
64;5;5;200;10;10;10;1160815;1726181592239176484
65;5;5;200;10;10;10;1104600;1726181592249177217
66;5;5;200;10;10;10;1234475;1726181592259178635
67;5;5;200;10;10;10;1112341;1726181592269170761
68;5;5;200;10;10;10;1120191;1726181592279183318
69;5;5;200;10;10;10;1115040;1726181592289179013
70;5;5;200;10;10;10;1127401;1726181592299177083
71;5;5;200;10;10;10;1100765;1726181592309174554
72;5;5;200;10;10;10;1162824;1726181592319182427
73;5;5;200;10;10;10;1100425;1726181592329175871
74;5;5;200;10;10;10;1158869;1726181592339174027
75;5;5;200;10;10;10;1099243;1726181592349174045
76;5;5;200;10;10;10;1283592;1726181592359181852
77;5;5;200;10;10;10;1113309;1726181592369168612
78;5;5;200;10;10;10;1131883;1726181592379177471
79;5;5;200;10;10;10;1100361;1726181592389175196
80;5;5;200;10;10;10;1151081;1726181592399178277
81;5;5;200;10;10;10;1104004;1726181592409171640
82;5;5;200;10;10;10;1108872;1726181592419192719
83;5;5;200;10;10;10;1099869;1726181592429183872
84;5;5;200;10;10;10;1154413;1726181592439182507
85;5;5;200;10;10;10;1132857;1726181592449145314
86;5;5;200;10;10;10;1191826;1726181592459144814
87;5;5;200;10;10;10;1136214;1726181592469145663
88;5;5;200;10;10;10;1153642;1726181592479143699
89;5;5;200;10;10;10;1136031;1726181592489141263
90;5;5;200;10;10;10;1149740;1726181592499140205
91;5;5;200;10;10;10;1133570;1726181592509142708
92;5;5;200;10;10;10;1151592;1726181592519144522
93;5;5;200;10;10;10;1134141;1726181592529141128
94;5;5;200;10;10;10;1146368;1726181592539145059
95;5;5;200;10;10;10;1107756;1726181592549187180
96;5;5;200;10;10;10;1208416;1726181592559182524
97;5;5;200;10;10;10;1106159;1726181592569184547
98;5;5;200;10;10;10;1130094;1726181592579186747
99;5;5;200;10;10;10;1315064;1726181592589174720
0;5;6;200;10;10;10;1474931;1726181591599292967
1;5;6;200;10;10;10;1521867;1726181591609284679
2;5;6;200;10;10;10;1490482;1726181591619309098
3;5;6;200;10;10;10;1316645;1726181591629179173
4;5;6;200;10;10;10;1341773;1726181591639187716
5;5;6;200;10;10;10;1345675;1726181591649144083
6;5;6;200;10;10;10;1342507;1726181591659094202
7;5;6;200;10;10;10;1351663;1726181591669144801
8;5;6;200;10;10;10;1377320;1726181591679148754
9;5;6;200;10;10;10;1346519;1726181591689145089
10;5;6;200;10;10;10;1365666;1726181591699148661
11;5;6;200;10;10;10;1345319;1726181591709144560
12;5;6;200;10;10;10;1366915;1726181591719145371
13;5;6;200;10;10;10;1362631;1726181591729102451
14;5;6;200;10;10;10;1389085;1726181591739153025
15;5;6;200;10;10;10;1327293;1726181591749147689
16;5;6;200;10;10;10;1395752;1726181591759170184
17;5;6;200;10;10;10;1315720;1726181591769144173
18;5;6;200;10;10;10;1345717;1726181591779144784
19;5;6;200;10;10;10;1321803;1726181591789149458
20;5;6;200;10;10;10;1333631;1726181591799090986
21;5;6;200;10;10;10;1311731;1726181591809149782
22;5;6;200;10;10;10;1334048;1726181591819147146
23;5;6;200;10;10;10;1313497;1726181591829149910
24;5;6;200;10;10;10;1334599;1726181591839142354
25;5;6;200;10;10;10;1300669;1726181591849154873
26;5;6;200;10;10;10;1438007;1726181591859151817
27;5;6;200;10;10;10;1319038;1726181591869145897
28;5;6;200;10;10;10;1346712;1726181591879149066
29;5;6;200;10;10;10;1318417;1726181591889145322
30;5;6;200;10;10;10;1338742;1726181591899143077
31;5;6;200;10;10;10;1319109;1726181591909147990
32;5;6;200;10;10;10;1336039;1726181591919160853
33;5;6;200;10;10;10;1311810;1726181591929145284
34;5;6;200;10;10;10;1332328;1726181591939148890
35;5;6;200;10;10;10;1266908;1726181591949198951
36;5;6;200;10;10;10;1392324;1726181591959179812
37;5;6;200;10;10;10;1263168;1726181591969189203
38;5;6;200;10;10;10;1318858;1726181591979184085
39;5;6;200;10;10;10;1278000;1726181591989181919
40;5;6;200;10;10;10;1324293;1726181591999191377
41;5;6;200;10;10;10;1262099;1726181592009201888
42;5;6;200;10;10;10;1311741;1726181592019186145
43;5;6;200;10;10;10;1294539;1726181592029178386
44;5;6;200;10;10;10;1294693;1726181592039188766
45;5;6;200;10;10;10;1280588;1726181592049180763
46;5;6;200;10;10;10;1386372;1726181592059182458
47;5;6;200;10;10;10;1271151;1726181592069192546
48;5;6;200;10;10;10;1281302;1726181592079191625
49;5;6;200;10;10;10;1275633;1726181592089182793
50;5;6;200;10;10;10;1334086;1726181592099178211
51;5;6;200;10;10;10;1278982;1726181592109188412
52;5;6;200;10;10;10;1289689;1726181592119188542
53;5;6;200;10;10;10;1267243;1726181592129192452
54;5;6;200;10;10;10;1291015;1726181592139182840
55;5;6;200;10;10;10;1270862;1726181592149194572
56;5;6;200;10;10;10;1423733;1726181592159184771
57;5;6;200;10;10;10;1273638;1726181592169184949
58;5;6;200;10;10;10;1276933;1726181592179198498
59;5;6;200;10;10;10;1260247;1726181592189202781
60;5;6;200;10;10;10;1273403;1726181592199216366
61;5;6;200;10;10;10;1269244;1726181592209194446
62;5;6;200;10;10;10;1293649;1726181592219188434
63;5;6;200;10;10;10;1277942;1726181592229183603
64;5;6;200;10;10;10;1334554;1726181592239183906
65;5;6;200;10;10;10;1280835;1726181592249182801
66;5;6;200;10;10;10;1408900;1726181592259185465
67;5;6;200;10;10;10;1285095;1726181592269179876
68;5;6;200;10;10;10;1296483;1726181592279188449
69;5;6;200;10;10;10;1287053;1726181592289192290
70;5;6;200;10;10;10;1301709;1726181592299184359
71;5;6;200;10;10;10;1275539;1726181592309181224
72;5;6;200;10;10;10;1341047;1726181592319186878
73;5;6;200;10;10;10;1275739;1726181592329182718
74;5;6;200;10;10;10;1332777;1726181592339182069
75;5;6;200;10;10;10;1273025;1726181592349180142
76;5;6;200;10;10;10;1454501;1726181592359192758
77;5;6;200;10;10;10;1289686;1726181592369175848
78;5;6;200;10;10;10;1307118;1726181592379184724
79;5;6;200;10;10;10;1275526;1726181592389182046
80;5;6;200;10;10;10;1317017;1726181592399195612
81;5;6;200;10;10;10;1278444;1726181592409178517
82;5;6;200;10;10;10;1285994;1726181592419197382
83;5;6;200;10;10;10;1278043;1726181592429188460
84;5;6;200;10;10;10;1331289;1726181592439186588
85;5;6;200;10;10;10;1316005;1726181592449149359
86;5;6;200;10;10;10;1373737;1726181592459148910
87;5;6;200;10;10;10;1306084;1726181592469162716
88;5;6;200;10;10;10;1317163;1726181592479164860
89;5;6;200;10;10;10;1318156;1726181592489145120
90;5;6;200;10;10;10;1331795;1726181592499144135
91;5;6;200;10;10;10;1316475;1726181592509146600
92;5;6;200;10;10;10;1332059;1726181592519148520
93;5;6;200;10;10;10;1317157;1726181592529145217
94;5;6;200;10;10;10;1328599;1726181592539148992
95;5;6;200;10;10;10;1283374;1726181592549193917
96;5;6;200;10;10;10;1387638;1726181592559187718
97;5;6;200;10;10;10;1286646;1726181592569188956
98;5;6;200;10;10;10;1310108;1726181592579190463
99;5;6;200;10;10;10;1540287;1726181592589181362
0;5;7;200;10;10;10;1638335;1726181591599319445
1;5;7;200;10;10;10;1700931;1726181591609293167
2;5;7;200;10;10;10;1669646;1726181591619318455
3;5;7;200;10;10;10;1495658;1726181591629186493
4;5;7;200;10;10;10;1519001;1726181591639192359
5;5;7;200;10;10;10;1529397;1726181591649151167
6;5;7;200;10;10;10;1521395;1726181591659105745
7;5;7;200;10;10;10;1529440;1726181591669159209
8;5;7;200;10;10;10;1549140;1726181591679168353
9;5;7;200;10;10;10;1519009;1726181591689164345
10;5;7;200;10;10;10;1552329;1726181591699152675
11;5;7;200;10;10;10;1533751;1726181591709148628
12;5;7;200;10;10;10;1542651;1726181591719159673
13;5;7;200;10;10;10;1551109;1726181591729107188
14;5;7;200;10;10;10;1566242;1726181591739167580
15;5;7;200;10;10;10;1509978;1726181591749151832
16;5;7;200;10;10;10;1575168;1726181591759176480
17;5;7;200;10;10;10;1498677;1726181591769147789
18;5;7;200;10;10;10;1525680;1726181591779150292
19;5;7;200;10;10;10;1503937;1726181591789154194
20;5;7;200;10;10;10;1498004;1726181591799112917
21;5;7;200;10;10;10;1479197;1726181591809168494
22;5;7;200;10;10;10;1493979;1726181591819171485
23;5;7;200;10;10;10;1495613;1726181591829153885
24;5;7;200;10;10;10;1516005;1726181591839146370
25;5;7;200;10;10;10;1478119;1726181591849164120
26;5;7;200;10;10;10;1609375;1726181591859166953
27;5;7;200;10;10;10;1484499;1726181591869167811
28;5;7;200;10;10;10;1514865;1726181591879166271
29;5;7;200;10;10;10;1495963;1726181591889152798
30;5;7;200;10;10;10;1504172;1726181591899163879
31;5;7;200;10;10;10;1487799;1726181591909165143
32;5;7;200;10;10;10;1508825;1726181591919172715
33;5;7;200;10;10;10;1475911;1726181591929166138
34;5;7;200;10;10;10;1499462;1726181591939168433
35;5;7;200;10;10;10;1443935;1726181591949204007
36;5;7;200;10;10;10;1570781;1726181591959186524
37;5;7;200;10;10;10;1442159;1726181591969192817
38;5;7;200;10;10;10;1490309;1726181591979194062
39;5;7;200;10;10;10;1452649;1726181591989189335
40;5;7;200;10;10;10;1493907;1726181591999202700
41;5;7;200;10;10;10;1439397;1726181592009207049
42;5;7;200;10;10;10;1488928;1726181592019196401
43;5;7;200;10;10;10;1471517;1726181592029182337
44;5;7;200;10;10;10;1469345;1726181592039195862
45;5;7;200;10;10;10;1452640;1726181592049189495
46;5;7;200;10;10;10;1560992;1726181592059189191
47;5;7;200;10;10;10;1445422;1726181592069201222
48;5;7;200;10;10;10;1458832;1726181592079195764
49;5;7;200;10;10;10;1447602;1726181592089193381
50;5;7;200;10;10;10;1507778;1726181592099186106
51;5;7;200;10;10;10;1457134;1726181592109192366
52;5;7;200;10;10;10;1462478;1726181592119197389
53;5;7;200;10;10;10;1444358;1726181592129196732
54;5;7;200;10;10;10;1460899;1726181592139192696
55;5;7;200;10;10;10;1443557;1726181592149204047
56;5;7;200;10;10;10;1597652;1726181592159196581
57;5;7;200;10;10;10;1451495;1726181592169188788
58;5;7;200;10;10;10;1450679;1726181592179205344
59;5;7;200;10;10;10;1437309;1726181592189208044
60;5;7;200;10;10;10;1450007;1726181592199221642
61;5;7;200;10;10;10;1435372;1726181592209210190
62;5;7;200;10;10;10;1470574;1726181592219192936
63;5;7;200;10;10;10;1455987;1726181592229188036
64;5;7;200;10;10;10;1506459;1726181592239193199
65;5;7;200;10;10;10;1454515;1726181592249190166
66;5;7;200;10;10;10;1583092;1726181592259192285
67;5;7;200;10;10;10;1461986;1726181592269185165
68;5;7;200;10;10;10;1470477;1726181592279196025
69;5;7;200;10;10;10;1469780;1726181592289197158
70;5;7;200;10;10;10;1473807;1726181592299194325
71;5;7;200;10;10;10;1447597;1726181592309190013
72;5;7;200;10;10;10;1511302;1726181592319199781
73;5;7;200;10;10;10;1449295;1726181592329191339
74;5;7;200;10;10;10;1508864;1726181592339188642
75;5;7;200;10;10;10;1437806;1726181592349196622
76;5;7;200;10;10;10;1627382;1726181592359201064
77;5;7;200;10;10;10;1455695;1726181592369194161
78;5;7;200;10;10;10;1478204;1726181592379195443
79;5;7;200;10;10;10;1449835;1726181592389189459
80;5;7;200;10;10;10;1495055;1726181592399200942
81;5;7;200;10;10;10;1449098;1726181592409188461
82;5;7;200;10;10;10;1464746;1726181592419201675
83;5;7;200;10;10;10;1455201;1726181592429192515
84;5;7;200;10;10;10;1504267;1726181592439194160
85;5;7;200;10;10;10;1498271;1726181592449153309
86;5;7;200;10;10;10;1540280;1726181592459168399
87;5;7;200;10;10;10;1487773;1726181592469167379
88;5;7;200;10;10;10;1497474;1726181592479169902
89;5;7;200;10;10;10;1500513;1726181592489149011
90;5;7;200;10;10;10;1515072;1726181592499148052
91;5;7;200;10;10;10;1496225;1726181592509153274
92;5;7;200;10;10;10;1497463;1726181592519168094
93;5;7;200;10;10;10;1487631;1726181592529162108
94;5;7;200;10;10;10;1500056;1726181592539163713
95;5;7;200;10;10;10;1461032;1726181592549199526
96;5;7;200;10;10;10;1566077;1726181592559194122
97;5;7;200;10;10;10;1468861;1726181592569192443
98;5;7;200;10;10;10;1490253;1726181592579195504
99;5;7;200;10;10;10;1720567;1726181592589185948
0;5;8;200;10;10;10;1817070;1726181591599328299
1;5;8;200;10;10;10;1878641;1726181591609302665
2;5;8;200;10;10;10;1848452;1726181591619327858
3;5;8;200;10;10;10;1667639;1726181591629201781
4;5;8;200;10;10;10;1694425;1726181591639198867
5;5;8;200;10;10;10;1711773;1726181591649158601
6;5;8;200;10;10;10;1698899;1726181591659119759
7;5;8;200;10;10;10;1710461;1726181591669170542
8;5;8;200;10;10;10;1734359;1726181591679173256
9;5;8;200;10;10;10;1705746;1726181591689169409
10;5;8;200;10;10;10;1728408;1726181591699167560
11;5;8;200;10;10;10;1712277;1726181591709163177
12;5;8;200;10;10;10;1727159;1726181591719165689
13;5;8;200;10;10;10;1739524;1726181591729112377
14;5;8;200;10;10;10;1750657;1726181591739175129
15;5;8;200;10;10;10;1681704;1726181591749166446
16;5;8;200;10;10;10;1756890;1726181591759181089
17;5;8;200;10;10;10;1669114;1726181591769163381
18;5;8;200;10;10;10;1696397;1726181591779165004
19;5;8;200;10;10;10;1677201;1726181591789168271
20;5;8;200;10;10;10;1679460;1726181591799117090
21;5;8;200;10;10;10;1660461;1726181591809173138
22;5;8;200;10;10;10;1673837;1726181591819176545
23;5;8;200;10;10;10;1668605;1726181591829168005
24;5;8;200;10;10;10;1685193;1726181591839162359
25;5;8;200;10;10;10;1656554;1726181591849173129
26;5;8;200;10;10;10;1783634;1726181591859178918
27;5;8;200;10;10;10;1666478;1726181591869172656
28;5;8;200;10;10;10;1688699;1726181591879178340
29;5;8;200;10;10;10;1668524;1726181591889166490
30;5;8;200;10;10;10;1685176;1726181591899168780
31;5;8;200;10;10;10;1663185;1726181591909177268
32;5;8;200;10;10;10;1690756;1726181591919177186
33;5;8;200;10;10;10;1656630;1726181591929171156
34;5;8;200;10;10;10;1680641;1726181591939173409
35;5;8;200;10;10;10;1621417;1726181591949207933
36;5;8;200;10;10;10;1747991;1726181591959195832
37;5;8;200;10;10;10;1619509;1726181591969196668
38;5;8;200;10;10;10;1665347;1726181591979199530
39;5;8;200;10;10;10;1628343;1726181591989196371
40;5;8;200;10;10;10;1667613;1726181591999210030
41;5;8;200;10;10;10;1616739;1726181592009211057
42;5;8;200;10;10;10;1667633;1726181592019203696
43;5;8;200;10;10;10;1645029;1726181592029189287
44;5;8;200;10;10;10;1640031;1726181592039206428
45;5;8;200;10;10;10;1629022;1726181592049195088
46;5;8;200;10;10;10;1731359;1726181592059199196
47;5;8;200;10;10;10;1623464;1726181592069205567
48;5;8;200;10;10;10;1635654;1726181592079201212
49;5;8;200;10;10;10;1625317;1726181592089198022
50;5;8;200;10;10;10;1683383;1726181592099191698
51;5;8;200;10;10;10;1635330;1726181592109196267
52;5;8;200;10;10;10;1638986;1726181592119201968
53;5;8;200;10;10;10;1618974;1726181592129203741
54;5;8;200;10;10;10;1632383;1726181592139199895
55;5;8;200;10;10;10;1619839;1726181592149210102
56;5;8;200;10;10;10;1775545;1726181592159205086
57;5;8;200;10;10;10;1627015;1726181592169196204
58;5;8;200;10;10;10;1623750;1726181592179212936
59;5;8;200;10;10;10;1611671;1726181592189215306
60;5;8;200;10;10;10;1627861;1726181592199226013
61;5;8;200;10;10;10;1611864;1726181592209215312
62;5;8;200;10;10;10;1640980;1726181592219204852
63;5;8;200;10;10;10;1629750;1726181592229196170
64;5;8;200;10;10;10;1682931;1726181592239197907
65;5;8;200;10;10;10;1629339;1726181592249197690
66;5;8;200;10;10;10;1757186;1726181592259199115
67;5;8;200;10;10;10;1636916;1726181592269191632
68;5;8;200;10;10;10;1641134;1726181592279205952
69;5;8;200;10;10;10;1647444;1726181592289205737
70;5;8;200;10;10;10;1646780;1726181592299203673
71;5;8;200;10;10;10;1621125;1726181592309196899
72;5;8;200;10;10;10;1687923;1726181592319206885
73;5;8;200;10;10;10;1626531;1726181592329195553
74;5;8;200;10;10;10;1684546;1726181592339195514
75;5;8;200;10;10;10;1615378;1726181592349201686
76;5;8;200;10;10;10;1803152;1726181592359205169
77;5;8;200;10;10;10;1634868;1726181592369199209
78;5;8;200;10;10;10;1654344;1726181592379200582
79;5;8;200;10;10;10;1622439;1726181592389198740
80;5;8;200;10;10;10;1672529;1726181592399204631
81;5;8;200;10;10;10;1626165;1726181592409192875
82;5;8;200;10;10;10;1643266;1726181592419205409
83;5;8;200;10;10;10;1633586;1726181592429196351
84;5;8;200;10;10;10;1678550;1726181592439200897
85;5;8;200;10;10;10;1670368;1726181592449167475
86;5;8;200;10;10;10;1720868;1726181592459173621
87;5;8;200;10;10;10;1671079;1726181592469170964
88;5;8;200;10;10;10;1678678;1726181592479174014
89;5;8;200;10;10;10;1669407;1726181592489165027
90;5;8;200;10;10;10;1687034;1726181592499162551
91;5;8;200;10;10;10;1676798;1726181592509159408
92;5;8;200;10;10;10;1677476;1726181592519173264
93;5;8;200;10;10;10;1661822;1726181592529173762
94;5;8;200;10;10;10;1678853;1726181592539171857
95;5;8;200;10;10;10;1638401;1726181592549206391
96;5;8;200;10;10;10;1738645;1726181592559205447
97;5;8;200;10;10;10;1650120;1726181592569196031
98;5;8;200;10;10;10;1667495;1726181592579203058
99;5;8;200;10;10;10;1901105;1726181592589192091
0;5;9;200;10;10;10;1995863;1726181591599336602
1;5;9;200;10;10;10;2057886;1726181591609312454
2;5;9;200;10;10;10;2028415;1726181591619339007
3;5;9;200;10;10;10;1835218;1726181591629223890
4;5;9;200;10;10;10;1869122;1726181591639206925
5;5;9;200;10;10;10;1899500;1726181591649163155
6;5;9;200;10;10;10;1885959;1726181591659124692
7;5;9;200;10;10;10;1894060;1726181591669179018
8;5;9;200;10;10;10;1922908;1726181591679177508
9;5;9;200;10;10;10;1894110;1726181591689173645
10;5;9;200;10;10;10;1908563;1726181591699179429
11;5;9;200;10;10;10;1899063;1726181591709170339
12;5;9;200;10;10;10;1909764;1726181591719174625
13;5;9;200;10;10;10;1920456;1726181591729125029
14;5;9;200;10;10;10;1933885;1726181591739184785
15;5;9;200;10;10;10;1861989;1726181591749174866
16;5;9;200;10;10;10;1941013;1726181591759185276
17;5;9;200;10;10;10;1837781;1726181591769181700
18;5;9;200;10;10;10;1868150;1726181591779179336
19;5;9;200;10;10;10;1854595;1726181591789178269
20;5;9;200;10;10;10;1847983;1726181591799135705
21;5;9;200;10;10;10;1844187;1726181591809177201
22;5;9;200;10;10;10;1855896;1726181591819180755
23;5;9;200;10;10;10;1845481;1726181591829179608
24;5;9;200;10;10;10;1858240;1726181591839175092
25;5;9;200;10;10;10;1836541;1726181591849181097
26;5;9;200;10;10;10;1966284;1726181591859183821
27;5;9;200;10;10;10;1850790;1726181591869176317
28;5;9;200;10;10;10;1870179;1726181591879182970
29;5;9;200;10;10;10;1850549;1726181591889170999
30;5;9;200;10;10;10;1868670;1726181591899172928
31;5;9;200;10;10;10;1845890;1726181591909183840
32;5;9;200;10;10;10;1870141;1726181591919185717
33;5;9;200;10;10;10;1839763;1726181591929175337
34;5;9;200;10;10;10;1864067;1726181591939177679
35;5;9;200;10;10;10;1799984;1726181591949211786
36;5;9;200;10;10;10;1928758;1726181591959201573
37;5;9;200;10;10;10;1796899;1726181591969200731
38;5;9;200;10;10;10;1838627;1726181591979208975
39;5;9;200;10;10;10;1804354;1726181591989203973
40;5;9;200;10;10;10;1836638;1726181591999223719
41;5;9;200;10;10;10;1797009;1726181592009214562
42;5;9;200;10;10;10;1846546;1726181592019212561
43;5;9;200;10;10;10;1821176;1726181592029196057
44;5;9;200;10;10;10;1813758;1726181592039215307
45;5;9;200;10;10;10;1805266;1726181592049202297
46;5;9;200;10;10;10;1903637;1726181592059209502
47;5;9;200;10;10;10;1794725;1726181592069217199
48;5;9;200;10;10;10;1812513;1726181592079208566
49;5;9;200;10;10;10;1803817;1726181592089202890
50;5;9;200;10;10;10;1860141;1726181592099197752
51;5;9;200;10;10;10;1810412;1726181592109205396
52;5;9;200;10;10;10;1817996;1726181592119206015
53;5;9;200;10;10;10;1795381;1726181592129210534
54;5;9;200;10;10;10;1804449;1726181592139209159
55;5;9;200;10;10;10;1795938;1726181592149217323
56;5;9;200;10;10;10;1952353;1726181592159214661
57;5;9;200;10;10;10;1803892;1726181592169203489
58;5;9;200;10;10;10;1798990;1726181592179220023
59;5;9;200;10;10;10;1788479;1726181592189222347
60;5;9;200;10;10;10;1796343;1726181592199241498
61;5;9;200;10;10;10;1786904;1726181592209223986
62;5;9;200;10;10;10;1818698;1726181592219211108
63;5;9;200;10;10;10;1800733;1726181592229207915
64;5;9;200;10;10;10;1857543;1726181592239206167
65;5;9;200;10;10;10;1806171;1726181592249205196
66;5;9;200;10;10;10;1933755;1726181592259206083
67;5;9;200;10;10;10;1802854;1726181592269208687
68;5;9;200;10;10;10;1820648;1726181592279210197
69;5;9;200;10;10;10;1830971;1726181592289210303
70;5;9;200;10;10;10;1826241;1726181592299208443
71;5;9;200;10;10;10;1793444;1726181592309206416
72;5;9;200;10;10;10;1866569;1726181592319212405
73;5;9;200;10;10;10;1802698;1726181592329202778
74;5;9;200;10;10;10;1860792;1726181592339202785
75;5;9;200;10;10;10;1794585;1726181592349205562
76;5;9;200;10;10;10;1952953;1726181592359238306
77;5;9;200;10;10;10;1816587;1726181592369202853
78;5;9;200;10;10;10;1829536;1726181592379207783
79;5;9;200;10;10;10;1802009;1726181592389203211
80;5;9;200;10;10;10;1851507;1726181592399208538
81;5;9;200;10;10;10;1801589;1726181592409199830
82;5;9;200;10;10;10;1822733;1726181592419209406
83;5;9;200;10;10;10;1802361;1726181592429211363
84;5;9;200;10;10;10;1853559;1726181592439208303
85;5;9;200;10;10;10;1852597;1726181592449172883
86;5;9;200;10;10;10;1903477;1726181592459177777
87;5;9;200;10;10;10;1854697;1726181592469174550
88;5;9;200;10;10;10;1861198;1726181592479177951
89;5;9;200;10;10;10;1844648;1726181592489175701
90;5;9;200;10;10;10;1860637;1726181592499176438
91;5;9;200;10;10;10;1859166;1726181592509163731
92;5;9;200;10;10;10;1862584;1726181592519177347
93;5;9;200;10;10;10;1827612;1726181592529195849
94;5;9;200;10;10;10;1857742;1726181592539180309
95;5;9;200;10;10;10;1818071;1726181592549213016
96;5;9;200;10;10;10;1919107;1726181592559210742
97;5;9;200;10;10;10;1833004;1726181592569200093
98;5;9;200;10;10;10;1837925;1726181592579218417
99;5;9;200;10;10;10;2079424;1726181592589202177
0;6;0;200;10;10;10;430798;1726181591599138973
1;6;0;200;10;10;10;317111;1726181591609140975
2;6;0;200;10;10;10;460456;1726181591619147767
3;6;0;200;10;10;10;294663;1726181591629087206
4;6;0;200;10;10;10;263143;1726181591639111599
5;6;0;200;10;10;10;251332;1726181591649099284
6;6;0;200;10;10;10;246935;1726181591659034335
7;6;0;200;10;10;10;252721;1726181591669100589
8;6;0;200;10;10;10;252756;1726181591679103716
9;6;0;200;10;10;10;247874;1726181591689101191
10;6;0;200;10;10;10;251194;1726181591699103802
11;6;0;200;10;10;10;247231;1726181591709100944
12;6;0;200;10;10;10;256344;1726181591719099757
13;6;0;200;10;10;10;265616;1726181591729043991
14;6;0;200;10;10;10;256964;1726181591739102194
15;6;0;200;10;10;10;249479;1726181591749102970
16;6;0;200;10;10;10;296414;1726181591759102100
17;6;0;200;10;10;10;246176;1726181591769101848
18;6;0;200;10;10;10;240990;1726181591779100909
19;6;0;200;10;10;10;249403;1726181591789106467
20;6;0;200;10;10;10;259355;1726181591799039848
21;6;0;200;10;10;10;243061;1726181591809106935
22;6;0;200;10;10;10;254051;1726181591819102841
23;6;0;200;10;10;10;242010;1726181591829106798
24;6;0;200;10;10;10;248741;1726181591839098642
25;6;0;200;10;10;10;242482;1726181591849100811
26;6;0;200;10;10;10;336763;1726181591859105443
27;6;0;200;10;10;10;247459;1726181591869103707
28;6;0;200;10;10;10;249866;1726181591879105866
29;6;0;200;10;10;10;246326;1726181591889102569
30;6;0;200;10;10;10;250590;1726181591899099556
31;6;0;200;10;10;10;251486;1726181591909105698
32;6;0;200;10;10;10;259895;1726181591919103613
33;6;0;200;10;10;10;243216;1726181591929102952
34;6;0;200;10;10;10;243906;1726181591939104805
35;6;0;200;10;10;10;265918;1726181591949110321
36;6;0;200;10;10;10;342260;1726181591959111322
37;6;0;200;10;10;10;261626;1726181591969109407
38;6;0;200;10;10;10;260926;1726181591979111991
39;6;0;200;10;10;10;262790;1726181591989111481
40;6;0;200;10;10;10;265940;1726181591999111079
41;6;0;200;10;10;10;265021;1726181592009111285
42;6;0;200;10;10;10;251296;1726181592019112519
43;6;0;200;10;10;10;274227;1726181592029110509
44;6;0;200;10;10;10;262728;1726181592039112893
45;6;0;200;10;10;10;264090;1726181592049109897
46;6;0;200;10;10;10;311307;1726181592059110730
47;6;0;200;10;10;10;266254;1726181592069109766
48;6;0;200;10;10;10;262202;1726181592079112359
49;6;0;200;10;10;10;260281;1726181592089110355
50;6;0;200;10;10;10;265646;1726181592099110057
51;6;0;200;10;10;10;265242;1726181592109111294
52;6;0;200;10;10;10;263003;1726181592119110825
53;6;0;200;10;10;10;266440;1726181592129109647
54;6;0;200;10;10;10;267771;1726181592139111820
55;6;0;200;10;10;10;264970;1726181592149110070
56;6;0;200;10;10;10;363376;1726181592159112319
57;6;0;200;10;10;10;261830;1726181592169110288
58;6;0;200;10;10;10;267963;1726181592179110282
59;6;0;200;10;10;10;262346;1726181592189111125
60;6;0;200;10;10;10;265045;1726181592199115812
61;6;0;200;10;10;10;263218;1726181592209110101
62;6;0;200;10;10;10;264470;1726181592219111227
63;6;0;200;10;10;10;261068;1726181592229110668
64;6;0;200;10;10;10;275665;1726181592239111910
65;6;0;200;10;10;10;265304;1726181592249110571
66;6;0;200;10;10;10;354870;1726181592259111992
67;6;0;200;10;10;10;265535;1726181592269110925
68;6;0;200;10;10;10;263909;1726181592279111580
69;6;0;200;10;10;10;255318;1726181592289110482
70;6;0;200;10;10;10;268068;1726181592299111646
71;6;0;200;10;10;10;262792;1726181592309111497
72;6;0;200;10;10;10;281481;1726181592319114331
73;6;0;200;10;10;10;263602;1726181592329110121
74;6;0;200;10;10;10;265043;1726181592339111833
75;6;0;200;10;10;10;260834;1726181592349108648
76;6;0;200;10;10;10;358358;1726181592359111208
77;6;0;200;10;10;10;261719;1726181592369109728
78;6;0;200;10;10;10;272663;1726181592379111388
79;6;0;200;10;10;10;262314;1726181592389111561
80;6;0;200;10;10;10;264404;1726181592399111974
81;6;0;200;10;10;10;265275;1726181592409109959
82;6;0;200;10;10;10;266322;1726181592419111748
83;6;0;200;10;10;10;261160;1726181592429111165
84;6;0;200;10;10;10;274246;1726181592439111048
85;6;0;200;10;10;10;244254;1726181592449106695
86;6;0;200;10;10;10;283920;1726181592459103813
87;6;0;200;10;10;10;243091;1726181592469107044
88;6;0;200;10;10;10;249502;1726181592479103706
89;6;0;200;10;10;10;251706;1726181592489102978
90;6;0;200;10;10;10;243119;1726181592499100915
91;6;0;200;10;10;10;243175;1726181592509103624
92;6;0;200;10;10;10;247699;1726181592519104535
93;6;0;200;10;10;10;240692;1726181592529103066
94;6;0;200;10;10;10;246780;1726181592539104790
95;6;0;200;10;10;10;269207;1726181592549110197
96;6;0;200;10;10;10;293839;1726181592559111718
97;6;0;200;10;10;10;264386;1726181592569110377
98;6;0;200;10;10;10;269988;1726181592579111335
99;6;0;200;10;10;10;282725;1726181592589110225
0;6;1;200;10;10;10;587748;1726181591599249779
1;6;1;200;10;10;10;479775;1726181591609214904
2;6;1;200;10;10;10;646804;1726181591619223344
3;6;1;200;10;10;10;445247;1726181591629130194
4;6;1;200;10;10;10;412214;1726181591639150938
5;6;1;200;10;10;10;427056;1726181591649122758
6;6;1;200;10;10;10;418662;1726181591659060433
7;6;1;200;10;10;10;427341;1726181591669124682
8;6;1;200;10;10;10;427665;1726181591679127684
9;6;1;200;10;10;10;423801;1726181591689124278
10;6;1;200;10;10;10;424814;1726181591699127635
11;6;1;200;10;10;10;421613;1726181591709123878
12;6;1;200;10;10;10;429554;1726181591719123899
13;6;1;200;10;10;10;439022;1726181591729073828
14;6;1;200;10;10;10;429010;1726181591739129410
15;6;1;200;10;10;10;420968;1726181591749126615
16;6;1;200;10;10;10;464703;1726181591759127219
17;6;1;200;10;10;10;417487;1726181591769124564
18;6;1;200;10;10;10;413335;1726181591779124153
19;6;1;200;10;10;10;420353;1726181591789129202
20;6;1;200;10;10;10;427454;1726181591799065232
21;6;1;200;10;10;10;414755;1726181591809129254
22;6;1;200;10;10;10;422708;1726181591819126378
23;6;1;200;10;10;10;413441;1726181591829129593
24;6;1;200;10;10;10;419090;1726181591839121992
25;6;1;200;10;10;10;414103;1726181591849123476
26;6;1;200;10;10;10;507408;1726181591859129454
27;6;1;200;10;10;10;418760;1726181591869126350
28;6;1;200;10;10;10;421172;1726181591879128901
29;6;1;200;10;10;10;416643;1726181591889125311
30;6;1;200;10;10;10;421528;1726181591899122790
31;6;1;200;10;10;10;422005;1726181591909127901
32;6;1;200;10;10;10;431544;1726181591919126700
33;6;1;200;10;10;10;414812;1726181591929125330
34;6;1;200;10;10;10;414489;1726181591939128178
35;6;1;200;10;10;10;418106;1726181591949146972
36;6;1;200;10;10;10;497452;1726181591959149695
37;6;1;200;10;10;10;412898;1726181591969146185
38;6;1;200;10;10;10;411157;1726181591979149427
39;6;1;200;10;10;10;416083;1726181591989148170
40;6;1;200;10;10;10;418191;1726181591999148568
41;6;1;200;10;10;10;417508;1726181592009147174
42;6;1;200;10;10;10;407312;1726181592019150709
43;6;1;200;10;10;10;426757;1726181592029147052
44;6;1;200;10;10;10;414720;1726181592039150672
45;6;1;200;10;10;10;417447;1726181592049146213
46;6;1;200;10;10;10;476014;1726181592059148799
47;6;1;200;10;10;10;417795;1726181592069147047
48;6;1;200;10;10;10;414215;1726181592079149710
49;6;1;200;10;10;10;413399;1726181592089146904
50;6;1;200;10;10;10;417328;1726181592099147389
51;6;1;200;10;10;10;418170;1726181592109148112
52;6;1;200;10;10;10;415116;1726181592119148172
53;6;1;200;10;10;10;417827;1726181592129146385
54;6;1;200;10;10;10;418521;1726181592139148962
55;6;1;200;10;10;10;418216;1726181592149146723
56;6;1;200;10;10;10;525491;1726181592159149919
57;6;1;200;10;10;10;414110;1726181592169147041
58;6;1;200;10;10;10;419170;1726181592179147697
59;6;1;200;10;10;10;414626;1726181592189147291
60;6;1;200;10;10;10;417733;1726181592199152966
61;6;1;200;10;10;10;416748;1726181592209146101
62;6;1;200;10;10;10;416220;1726181592219148257
63;6;1;200;10;10;10;412956;1726181592229146919
64;6;1;200;10;10;10;427817;1726181592239149138
65;6;1;200;10;10;10;418236;1726181592249147221
66;6;1;200;10;10;10;505771;1726181592259150055
67;6;1;200;10;10;10;418017;1726181592269147561
68;6;1;200;10;10;10;416815;1726181592279148498
69;6;1;200;10;10;10;413144;1726181592289146895
70;6;1;200;10;10;10;419990;1726181592299149171
71;6;1;200;10;10;10;415763;1726181592309147987
72;6;1;200;10;10;10;433110;1726181592319151984
73;6;1;200;10;10;10;416295;1726181592329146628
74;6;1;200;10;10;10;417497;1726181592339149304
75;6;1;200;10;10;10;413317;1726181592349145335
76;6;1;200;10;10;10;509369;1726181592359149136
77;6;1;200;10;10;10;414775;1726181592369146236
78;6;1;200;10;10;10;424650;1726181592379148864
79;6;1;200;10;10;10;414285;1726181592389148069
80;6;1;200;10;10;10;416755;1726181592399149441
81;6;1;200;10;10;10;417115;1726181592409146963
82;6;1;200;10;10;10;417119;1726181592419149410
83;6;1;200;10;10;10;413058;1726181592429147941
84;6;1;200;10;10;10;426073;1726181592439148377
85;6;1;200;10;10;10;416253;1726181592449128970
86;6;1;200;10;10;10;455680;1726181592459127625
87;6;1;200;10;10;10;416108;1726181592469129414
88;6;1;200;10;10;10;420229;1726181592479126874
89;6;1;200;10;10;10;422258;1726181592489125194
90;6;1;200;10;10;10;413970;1726181592499123537
91;6;1;200;10;10;10;415496;1726181592509126123
92;6;1;200;10;10;10;418237;1726181592519127876
93;6;1;200;10;10;10;412856;1726181592529125335
94;6;1;200;10;10;10;417960;1726181592539127726
95;6;1;200;10;10;10;424271;1726181592549147273
96;6;1;200;10;10;10;471802;1726181592559149695
97;6;1;200;10;10;10;418797;1726181592569147132
98;6;1;200;10;10;10;423355;1726181592579149071
99;6;1;200;10;10;10;513110;1726181592589146601
0;6;2;200;10;10;10;768511;1726181591599259481
1;6;2;200;10;10;10;645472;1726181591609238487
2;6;2;200;10;10;10;811957;1726181591619248052
3;6;2;200;10;10;10;624777;1726181591629138026
4;6;2;200;10;10;10;654503;1726181591639157284
5;6;2;200;10;10;10;613997;1726181591649128294
6;6;2;200;10;10;10;600212;1726181591659070289
7;6;2;200;10;10;10;614406;1726181591669130127
8;6;2;200;10;10;10;638651;1726181591679133368
9;6;2;200;10;10;10;611679;1726181591689129598
10;6;2;200;10;10;10;630187;1726181591699133360
11;6;2;200;10;10;10;608673;1726181591709129134
12;6;2;200;10;10;10;633207;1726181591719129587
13;6;2;200;10;10;10;629286;1726181591729079851
14;6;2;200;10;10;10;649689;1726181591739135576
15;6;2;200;10;10;10;605497;1726181591749132278
16;6;2;200;10;10;10;703093;1726181591759133075
17;6;2;200;10;10;10;598867;1726181591769129889
18;6;2;200;10;10;10;632047;1726181591779129632
19;6;2;200;10;10;10;602996;1726181591789134611
20;6;2;200;10;10;10;609212;1726181591799070768
21;6;2;200;10;10;10;597067;1726181591809134610
22;6;2;200;10;10;10;618883;1726181591819131867
23;6;2;200;10;10;10;596195;1726181591829134914
24;6;2;200;10;10;10;618844;1726181591839127307
25;6;2;200;10;10;10;595949;1726181591849128664
26;6;2;200;10;10;10;723349;1726181591859135207
27;6;2;200;10;10;10;600350;1726181591869131483
28;6;2;200;10;10;10;626429;1726181591879134296
29;6;2;200;10;10;10;599974;1726181591889130552
30;6;2;200;10;10;10;621406;1726181591899128264
31;6;2;200;10;10;10;603909;1726181591909133159
32;6;2;200;10;10;10;631770;1726181591919132264
33;6;2;200;10;10;10;598286;1726181591929130475
34;6;2;200;10;10;10;614984;1726181591939133542
35;6;2;200;10;10;10;597288;1726181591949152431
36;6;2;200;10;10;10;685342;1726181591959155420
37;6;2;200;10;10;10;577908;1726181591969163649
38;6;2;200;10;10;10;635104;1726181591979155208
39;6;2;200;10;10;10;590979;1726181591989156509
40;6;2;200;10;10;10;623632;1726181591999174729
41;6;2;200;10;10;10;594066;1726181592009154454
42;6;2;200;10;10;10;605488;1726181592019156448
43;6;2;200;10;10;10;605124;1726181592029152513
44;6;2;200;10;10;10;611483;1726181592039156287
45;6;2;200;10;10;10;593172;1726181592049153851
46;6;2;200;10;10;10;698983;1726181592059154609
47;6;2;200;10;10;10;596344;1726181592069152242
48;6;2;200;10;10;10;598073;1726181592079157255
49;6;2;200;10;10;10;589952;1726181592089154039
50;6;2;200;10;10;10;641310;1726181592099153030
51;6;2;200;10;10;10;598203;1726181592109153745
52;6;2;200;10;10;10;611078;1726181592119153822
53;6;2;200;10;10;10;593196;1726181592129153576
54;6;2;200;10;10;10;611982;1726181592139154704
55;6;2;200;10;10;10;596349;1726181592149152122
56;6;2;200;10;10;10;724644;1726181592159155843
57;6;2;200;10;10;10;587406;1726181592169156708
58;6;2;200;10;10;10;597456;1726181592179168254
59;6;2;200;10;10;10;574353;1726181592189170643
60;6;2;200;10;10;10;598692;1726181592199173645
61;6;2;200;10;10;10;583164;1726181592209164028
62;6;2;200;10;10;10;608458;1726181592219156017
63;6;2;200;10;10;10;590202;1726181592229154524
64;6;2;200;10;10;10;649828;1726181592239154660
65;6;2;200;10;10;10;584415;1726181592249164403
66;6;2;200;10;10;10;723759;1726181592259158664
67;6;2;200;10;10;10;597291;1726181592269152699
68;6;2;200;10;10;10;597995;1726181592279168396
69;6;2;200;10;10;10;595348;1726181592289152401
70;6;2;200;10;10;10;616512;1726181592299154747
71;6;2;200;10;10;10;593161;1726181592309153472
72;6;2;200;10;10;10;654819;1726181592319157557
73;6;2;200;10;10;10;592062;1726181592329153812
74;6;2;200;10;10;10;641168;1726181592339154747
75;6;2;200;10;10;10;589563;1726181592349152391
76;6;2;200;10;10;10;774626;1726181592359156419
77;6;2;200;10;10;10;593601;1726181592369151456
78;6;2;200;10;10;10;618420;1726181592379154672
79;6;2;200;10;10;10;591966;1726181592389153404
80;6;2;200;10;10;10;637040;1726181592399158644
81;6;2;200;10;10;10;593941;1726181592409152508
82;6;2;200;10;10;10;610971;1726181592419155180
83;6;2;200;10;10;10;591934;1726181592429153431
84;6;2;200;10;10;10;634362;1726181592439167628
85;6;2;200;10;10;10;598497;1726181592449134286
86;6;2;200;10;10;10;654739;1726181592459133168
87;6;2;200;10;10;10;599176;1726181592469134684
88;6;2;200;10;10;10;618017;1726181592479132317
89;6;2;200;10;10;10;604449;1726181592489130408
90;6;2;200;10;10;10;612974;1726181592499129068
91;6;2;200;10;10;10;598480;1726181592509131455
92;6;2;200;10;10;10;617346;1726181592519133300
93;6;2;200;10;10;10;596309;1726181592529130497
94;6;2;200;10;10;10;608482;1726181592539133377
95;6;2;200;10;10;10;588741;1726181592549168476
96;6;2;200;10;10;10;693471;1726181592559155259
97;6;2;200;10;10;10;599071;1726181592569152299
98;6;2;200;10;10;10;620576;1726181592579154646
99;6;2;200;10;10;10;730566;1726181592589153589
0;6;3;200;10;10;10;949077;1726181591599266442
1;6;3;200;10;10;10;821344;1726181591609249279
2;6;3;200;10;10;10;985681;1726181591619263201
3;6;3;200;10;10;10;798921;1726181591629150314
4;6;3;200;10;10;10;828358;1726181591639168672
5;6;3;200;10;10;10;800840;1726181591649132262
6;6;3;200;10;10;10;802872;1726181591659077113
7;6;3;200;10;10;10;802037;1726181591669133945
8;6;3;200;10;10;10;828317;1726181591679137353
9;6;3;200;10;10;10;798516;1726181591689133507
10;6;3;200;10;10;10;820149;1726181591699137163
11;6;3;200;10;10;10;796683;1726181591709132861
12;6;3;200;10;10;10;822135;1726181591719133486
13;6;3;200;10;10;10;818553;1726181591729084508
14;6;3;200;10;10;10;841001;1726181591739139692
15;6;3;200;10;10;10;790367;1726181591749136062
16;6;3;200;10;10;10;885375;1726181591759137325
17;6;3;200;10;10;10;781433;1726181591769133578
18;6;3;200;10;10;10;816227;1726181591779133390
19;6;3;200;10;10;10;786323;1726181591789138391
20;6;3;200;10;10;10;800937;1726181591799074726
21;6;3;200;10;10;10;779949;1726181591809138534
22;6;3;200;10;10;10;801712;1726181591819135782
23;6;3;200;10;10;10;778761;1726181591829138766
24;6;3;200;10;10;10;803032;1726181591839131149
25;6;3;200;10;10;10;777494;1726181591849132585
26;6;3;200;10;10;10;905020;1726181591859139195
27;6;3;200;10;10;10;783527;1726181591869135247
28;6;3;200;10;10;10;810332;1726181591879137993
29;6;3;200;10;10;10;784231;1726181591889134306
30;6;3;200;10;10;10;805672;1726181591899131954
31;6;3;200;10;10;10;785997;1726181591909136807
32;6;3;200;10;10;10;815898;1726181591919136233
33;6;3;200;10;10;10;781239;1726181591929134306
34;6;3;200;10;10;10;800726;1726181591939137269
35;6;3;200;10;10;10;763415;1726181591949168808
36;6;3;200;10;10;10;863583;1726181591959164357
37;6;3;200;10;10;10;755185;1726181591969168393
38;6;3;200;10;10;10;809661;1726181591979162739
39;6;3;200;10;10;10;766287;1726181591989162699
40;6;3;200;10;10;10;803206;1726181591999179902
41;6;3;200;10;10;10;767133;1726181592009164437
42;6;3;200;10;10;10;786150;1726181592019164840
43;6;3;200;10;10;10;778026;1726181592029162729
44;6;3;200;10;10;10;785671;1726181592039165948
45;6;3;200;10;10;10;763705;1726181592049164945
46;6;3;200;10;10;10;868558;1726181592059168306
47;6;3;200;10;10;10;759277;1726181592069171888
48;6;3;200;10;10;10;772839;1726181592079166136
49;6;3;200;10;10;10;764614;1726181592089161460
50;6;3;200;10;10;10;817416;1726181592099161598
51;6;3;200;10;10;10;768705;1726181592109166073
52;6;3;200;10;10;10;780317;1726181592119167667
53;6;3;200;10;10;10;768506;1726181592129159344
54;6;3;200;10;10;10;783293;1726181592139165065
55;6;3;200;10;10;10;758777;1726181592149172100
56;6;3;200;10;10;10;899669;1726181592159166837
57;6;3;200;10;10;10;757788;1726181592169168237
58;6;3;200;10;10;10;771239;1726181592179175961
59;6;3;200;10;10;10;744170;1726181592189183783
60;6;3;200;10;10;10;777043;1726181592199179566
61;6;3;200;10;10;10;760875;1726181592209168942
62;6;3;200;10;10;10;783559;1726181592219164490
63;6;3;200;10;10;10;764081;1726181592229163822
64;6;3;200;10;10;10;818234;1726181592239168333
65;6;3;200;10;10;10;762403;1726181592249169312
66;6;3;200;10;10;10;897463;1726181592259167151
67;6;3;200;10;10;10;769075;1726181592269163389
68;6;3;200;10;10;10;777820;1726181592279173455
69;6;3;200;10;10;10;764702;1726181592289170449
70;6;3;200;10;10;10;786191;1726181592299168904
71;6;3;200;10;10;10;762645;1726181592309165177
72;6;3;200;10;10;10;831255;1726181592319164118
73;6;3;200;10;10;10;760328;1726181592329166552
74;6;3;200;10;10;10;814685;1726181592339165731
75;6;3;200;10;10;10;763166;1726181592349160143
76;6;3;200;10;10;10;949149;1726181592359164861
77;6;3;200;10;10;10;771494;1726181592369157143
78;6;3;200;10;10;10;789947;1726181592379167340
79;6;3;200;10;10;10;759814;1726181592389167016
80;6;3;200;10;10;10;811864;1726181592399167431
81;6;3;200;10;10;10;763459;1726181592409162974
82;6;3;200;10;10;10;781486;1726181592419168857
83;6;3;200;10;10;10;770825;1726181592429159198
84;6;3;200;10;10;10;813315;1726181592439172757
85;6;3;200;10;10;10;781207;1726181592449138083
86;6;3;200;10;10;10;838965;1726181592459137174
87;6;3;200;10;10;10;782448;1726181592469138348
88;6;3;200;10;10;10;802616;1726181592479136118
89;6;3;200;10;10;10;785868;1726181592489134111
90;6;3;200;10;10;10;797560;1726181592499132895
91;6;3;200;10;10;10;781765;1726181592509135319
92;6;3;200;10;10;10;801125;1726181592519137041
93;6;3;200;10;10;10;780665;1726181592529134076
94;6;3;200;10;10;10;793284;1726181592539137343
95;6;3;200;10;10;10;767005;1726181592549174687
96;6;3;200;10;10;10;870248;1726181592559164195
97;6;3;200;10;10;10;776279;1726181592569159702
98;6;3;200;10;10;10;784634;1726181592579177468
99;6;3;200;10;10;10;940078;1726181592589166909
0;6;4;200;10;10;10;1129477;1726181591599274187
1;6;4;200;10;10;10;993823;1726181591609264261
2;6;4;200;10;10;10;1157241;1726181591619280341
3;6;4;200;10;10;10;978110;1726181591629157321
4;6;4;200;10;10;10;1006214;1726181591639173354
5;6;4;200;10;10;10;985989;1726181591649136160
6;6;4;200;10;10;10;986249;1726181591659083731
7;6;4;200;10;10;10;989452;1726181591669137575
8;6;4;200;10;10;10;1016315;1726181591679141028
9;6;4;200;10;10;10;985504;1726181591689137164
10;6;4;200;10;10;10;1006308;1726181591699140913
11;6;4;200;10;10;10;984373;1726181591709136620
12;6;4;200;10;10;10;1008405;1726181591719137232
13;6;4;200;10;10;10;1006407;1726181591729088870
14;6;4;200;10;10;10;1029088;1726181591739143833
15;6;4;200;10;10;10;974332;1726181591749139885
16;6;4;200;10;10;10;1066919;1726181591759141293
17;6;4;200;10;10;10;964384;1726181591769137139
18;6;4;200;10;10;10;995959;1726181591779137024
19;6;4;200;10;10;10;969724;1726181591789142026
20;6;4;200;10;10;10;985110;1726181591799078516
21;6;4;200;10;10;10;962068;1726181591809142159
22;6;4;200;10;10;10;983393;1726181591819139412
23;6;4;200;10;10;10;961297;1726181591829142401
24;6;4;200;10;10;10;984987;1726181591839134838
25;6;4;200;10;10;10;959010;1726181591849136515
26;6;4;200;10;10;10;1087389;1726181591859142913
27;6;4;200;10;10;10;966837;1726181591869138756
28;6;4;200;10;10;10;995302;1726181591879141702
29;6;4;200;10;10;10;965803;1726181591889137979
30;6;4;200;10;10;10;988550;1726181591899135531
31;6;4;200;10;10;10;968378;1726181591909140467
32;6;4;200;10;10;10;998636;1726181591919139908
33;6;4;200;10;10;10;963324;1726181591929137874
34;6;4;200;10;10;10;981897;1726181591939140932
35;6;4;200;10;10;10;940567;1726181591949173427
36;6;4;200;10;10;10;1046428;1726181591959168615
37;6;4;200;10;10;10;931359;1726181591969172110
38;6;4;200;10;10;10;981812;1726181591979170845
39;6;4;200;10;10;10;935991;1726181591989173835
40;6;4;200;10;10;10;981743;1726181591999183720
41;6;4;200;10;10;10;939446;1726181592009172929
42;6;4;200;10;10;10;966339;1726181592019171984
43;6;4;200;10;10;10;955795;1726181592029167196
44;6;4;200;10;10;10;959327;1726181592039173952
45;6;4;200;10;10;10;941295;1726181592049169208
46;6;4;200;10;10;10;1046041;1726181592059172825
47;6;4;200;10;10;10;936511;1726181592069176370
48;6;4;200;10;10;10;946590;1726181592079175179
49;6;4;200;10;10;10;938602;1726181592089169023
50;6;4;200;10;10;10;994879;1726181592099165755
51;6;4;200;10;10;10;945306;1726181592109170605
52;6;4;200;10;10;10;956839;1726181592119172316
53;6;4;200;10;10;10;942254;1726181592129167414
54;6;4;200;10;10;10;958123;1726181592139169481
55;6;4;200;10;10;10;937305;1726181592149176657
56;6;4;200;10;10;10;1080081;1726181592159171254
57;6;4;200;10;10;10;935903;1726181592169172432
58;6;4;200;10;10;10;940694;1726181592179186812
59;6;4;200;10;10;10;922547;1726181592189188270
60;6;4;200;10;10;10;955017;1726181592199183566
61;6;4;200;10;10;10;939874;1726181592209172804
62;6;4;200;10;10;10;957660;1726181592219173501
63;6;4;200;10;10;10;941664;1726181592229167958
64;6;4;200;10;10;10;995533;1726181592239172702
65;6;4;200;10;10;10;939816;1726181592249173324
66;6;4;200;10;10;10;1073227;1726181592259171343
67;6;4;200;10;10;10;946493;1726181592269167329
68;6;4;200;10;10;10;956427;1726181592279177405
69;6;4;200;10;10;10;946324;1726181592289174980
70;6;4;200;10;10;10;962684;1726181592299173292
71;6;4;200;10;10;10;938504;1726181592309169349
72;6;4;200;10;10;10;1004819;1726181592319171819
73;6;4;200;10;10;10;936965;1726181592329170814
74;6;4;200;10;10;10;993522;1726181592339170057
75;6;4;200;10;10;10;935950;1726181592349168320
76;6;4;200;10;10;10;1118799;1726181592359177277
77;6;4;200;10;10;10;950133;1726181592369160980
78;6;4;200;10;10;10;967985;1726181592379171886
79;6;4;200;10;10;10;935827;1726181592389171429
80;6;4;200;10;10;10;988909;1726181592399171600
81;6;4;200;10;10;10;939931;1726181592409167125
82;6;4;200;10;10;10;959848;1726181592419173468
83;6;4;200;10;10;10;946912;1726181592429166794
84;6;4;200;10;10;10;991994;1726181592439176676
85;6;4;200;10;10;10;963234;1726181592449141700
86;6;4;200;10;10;10;1021695;1726181592459140882
87;6;4;200;10;10;10;965659;1726181592469141992
88;6;4;200;10;10;10;985190;1726181592479139758
89;6;4;200;10;10;10;967638;1726181592489137722
90;6;4;200;10;10;10;979960;1726181592499136541
91;6;4;200;10;10;10;964875;1726181592509138886
92;6;4;200;10;10;10;983455;1726181592519140645
93;6;4;200;10;10;10;963820;1726181592529137597
94;6;4;200;10;10;10;976938;1726181592539141149
95;6;4;200;10;10;10;941711;1726181592549182893
96;6;4;200;10;10;10;1047384;1726181592559172446
97;6;4;200;10;10;10;952900;1726181592569167204
98;6;4;200;10;10;10;963564;1726181592579182737
99;6;4;200;10;10;10;1134556;1726181592589171016
0;6;5;200;10;10;10;1307225;1726181591599284723
1;6;5;200;10;10;10;1172073;1726181591609273209
2;6;5;200;10;10;10;1325179;1726181591619299562
3;6;5;200;10;10;10;1154785;1726181591629167482
4;6;5;200;10;10;10;1180933;1726181591639180249
5;6;5;200;10;10;10;1171970;1726181591649139971
6;6;5;200;10;10;10;1172554;1726181591659088007
7;6;5;200;10;10;10;1177416;1726181591669141180
8;6;5;200;10;10;10;1203761;1726181591679144717
9;6;5;200;10;10;10;1172581;1726181591689141135
10;6;5;200;10;10;10;1192833;1726181591699144614
11;6;5;200;10;10;10;1170518;1726181591709140504
12;6;5;200;10;10;10;1194675;1726181591719141243
13;6;5;200;10;10;10;1189179;1726181591729097818
14;6;5;200;10;10;10;1216401;1726181591739148385
15;6;5;200;10;10;10;1157624;1726181591749143655
16;6;5;200;10;10;10;1248052;1726181591759145563
17;6;5;200;10;10;10;1146926;1726181591769140583
18;6;5;200;10;10;10;1177579;1726181591779140820
19;6;5;200;10;10;10;1152736;1726181591789145633
20;6;5;200;10;10;10;1168485;1726181591799082508
21;6;5;200;10;10;10;1142793;1726181591809145795
22;6;5;200;10;10;10;1165605;1726181591819143040
23;6;5;200;10;10;10;1143960;1726181591829145927
24;6;5;200;10;10;10;1166571;1726181591839138393
25;6;5;200;10;10;10;1140819;1726181591849140547
26;6;5;200;10;10;10;1269446;1726181591859146916
27;6;5;200;10;10;10;1149414;1726181591869142289
28;6;5;200;10;10;10;1178631;1726181591879145198
29;6;5;200;10;10;10;1148039;1726181591889141518
30;6;5;200;10;10;10;1169726;1726181591899139096
31;6;5;200;10;10;10;1150764;1726181591909144052
32;6;5;200;10;10;10;1179883;1726181591919143887
33;6;5;200;10;10;10;1144380;1726181591929141397
34;6;5;200;10;10;10;1164103;1726181591939144880
35;6;5;200;10;10;10;1114185;1726181591949181763
36;6;5;200;10;10;10;1225375;1726181591959175503
37;6;5;200;10;10;10;1098865;1726181591969184958
38;6;5;200;10;10;10;1157100;1726181591979177323
39;6;5;200;10;10;10;1113199;1726181591989178005
40;6;5;200;10;10;10;1159721;1726181591999187687
41;6;5;200;10;10;10;1110407;1726181592009184176
42;6;5;200;10;10;10;1145696;1726181592019178902
43;6;5;200;10;10;10;1133243;1726181592029171001
44;6;5;200;10;10;10;1130832;1726181592039184509
45;6;5;200;10;10;10;1118955;1726181592049174013
46;6;5;200;10;10;10;1223535;1726181592059176877
47;6;5;200;10;10;10;1114691;1726181592069180088
48;6;5;200;10;10;10;1122225;1726181592079182414
49;6;5;200;10;10;10;1113142;1726181592089176504
50;6;5;200;10;10;10;1172082;1726181592099170786
51;6;5;200;10;10;10;1113982;1726181592109183681
52;6;5;200;10;10;10;1128130;1726181592119181669
53;6;5;200;10;10;10;1105691;1726181592129185012
54;6;5;200;10;10;10;1128165;1726181592139178836
55;6;5;200;10;10;10;1115961;1726181592149180568
56;6;5;200;10;10;10;1255360;1726181592159180521
57;6;5;200;10;10;10;1113795;1726181592169175949
58;6;5;200;10;10;10;1116586;1726181592179190967
59;6;5;200;10;10;10;1097565;1726181592189195986
60;6;5;200;10;10;10;1124271;1726181592199196392
61;6;5;200;10;10;10;1107056;1726181592209187690
62;6;5;200;10;10;10;1132562;1726181592219180284
63;6;5;200;10;10;10;1117179;1726181592229174862
64;6;5;200;10;10;10;1173669;1726181592239176484
65;6;5;200;10;10;10;1117255;1726181592249177217
66;6;5;200;10;10;10;1247003;1726181592259178635
67;6;5;200;10;10;10;1125043;1726181592269170761
68;6;5;200;10;10;10;1132844;1726181592279183318
69;6;5;200;10;10;10;1128105;1726181592289179013
70;6;5;200;10;10;10;1140110;1726181592299177083
71;6;5;200;10;10;10;1113402;1726181592309174554
72;6;5;200;10;10;10;1175656;1726181592319182427
73;6;5;200;10;10;10;1113128;1726181592329175871
74;6;5;200;10;10;10;1171455;1726181592339174027
75;6;5;200;10;10;10;1111891;1726181592349174045
76;6;5;200;10;10;10;1296292;1726181592359181852
77;6;5;200;10;10;10;1126238;1726181592369168612
78;6;5;200;10;10;10;1144667;1726181592379177471
79;6;5;200;10;10;10;1113097;1726181592389175196
80;6;5;200;10;10;10;1163983;1726181592399178277
81;6;5;200;10;10;10;1116711;1726181592409171640
82;6;5;200;10;10;10;1121526;1726181592419192719
83;6;5;200;10;10;10;1112645;1726181592429183872
84;6;5;200;10;10;10;1167144;1726181592439182507
85;6;5;200;10;10;10;1145921;1726181592449145314
86;6;5;200;10;10;10;1204781;1726181592459144814
87;6;5;200;10;10;10;1149446;1726181592469145663
88;6;5;200;10;10;10;1166445;1726181592479143699
89;6;5;200;10;10;10;1148895;1726181592489141263
90;6;5;200;10;10;10;1162712;1726181592499140205
91;6;5;200;10;10;10;1146426;1726181592509142708
92;6;5;200;10;10;10;1164620;1726181592519144522
93;6;5;200;10;10;10;1147391;1726181592529141128
94;6;5;200;10;10;10;1159375;1726181592539145059
95;6;5;200;10;10;10;1120478;1726181592549187180
96;6;5;200;10;10;10;1221262;1726181592559182524
97;6;5;200;10;10;10;1119042;1726181592569184547
98;6;5;200;10;10;10;1142855;1726181592579186747
99;6;5;200;10;10;10;1328806;1726181592589174720
0;6;6;200;10;10;10;1488250;1726181591599292967
1;6;6;200;10;10;10;1348241;1726181591609284679
2;6;6;200;10;10;10;1503482;1726181591619309098
3;6;6;200;10;10;10;1329665;1726181591629179173
4;6;6;200;10;10;10;1354468;1726181591639187716
5;6;6;200;10;10;10;1359127;1726181591649144083
6;6;6;200;10;10;10;1355854;1726181591659094202
7;6;6;200;10;10;10;1364933;1726181591669144801
8;6;6;200;10;10;10;1390738;1726181591679148754
9;6;6;200;10;10;10;1360195;1726181591689145089
10;6;6;200;10;10;10;1379051;1726181591699148661
11;6;6;200;10;10;10;1358775;1726181591709144560
12;6;6;200;10;10;10;1380021;1726181591719145371
13;6;6;200;10;10;10;1376082;1726181591729102451
14;6;6;200;10;10;10;1402395;1726181591739153025
15;6;6;200;10;10;10;1340338;1726181591749147689
16;6;6;200;10;10;10;1408752;1726181591759170184
17;6;6;200;10;10;10;1328677;1726181591769144173
18;6;6;200;10;10;10;1358612;1726181591779144784
19;6;6;200;10;10;10;1334902;1726181591789149458
20;6;6;200;10;10;10;1346574;1726181591799090986
21;6;6;200;10;10;10;1324750;1726181591809149782
22;6;6;200;10;10;10;1346893;1726181591819147146
23;6;6;200;10;10;10;1326428;1726181591829149910
24;6;6;200;10;10;10;1347609;1726181591839142354
25;6;6;200;10;10;10;1313723;1726181591849154873
26;6;6;200;10;10;10;1451033;1726181591859151817
27;6;6;200;10;10;10;1332169;1726181591869145897
28;6;6;200;10;10;10;1359646;1726181591879149066
29;6;6;200;10;10;10;1331558;1726181591889145322
30;6;6;200;10;10;10;1351575;1726181591899143077
31;6;6;200;10;10;10;1331877;1726181591909147990
32;6;6;200;10;10;10;1348725;1726181591919160853
33;6;6;200;10;10;10;1324673;1726181591929145284
34;6;6;200;10;10;10;1345413;1726181591939148890
35;6;6;200;10;10;10;1279545;1726181591949198951
36;6;6;200;10;10;10;1405285;1726181591959179812
37;6;6;200;10;10;10;1276076;1726181591969189203
38;6;6;200;10;10;10;1331458;1726181591979184085
39;6;6;200;10;10;10;1290557;1726181591989181919
40;6;6;200;10;10;10;1336879;1726181591999191377
41;6;6;200;10;10;10;1274946;1726181592009201888
42;6;6;200;10;10;10;1324776;1726181592019186145
43;6;6;200;10;10;10;1307112;1726181592029178386
44;6;6;200;10;10;10;1307232;1726181592039188766
45;6;6;200;10;10;10;1293322;1726181592049180763
46;6;6;200;10;10;10;1398943;1726181592059182458
47;6;6;200;10;10;10;1283937;1726181592069192546
48;6;6;200;10;10;10;1294072;1726181592079191625
49;6;6;200;10;10;10;1288389;1726181592089182793
50;6;6;200;10;10;10;1346736;1726181592099178211
51;6;6;200;10;10;10;1291629;1726181592109188412
52;6;6;200;10;10;10;1302302;1726181592119188542
53;6;6;200;10;10;10;1280004;1726181592129192452
54;6;6;200;10;10;10;1303452;1726181592139182840
55;6;6;200;10;10;10;1283598;1726181592149194572
56;6;6;200;10;10;10;1436608;1726181592159184771
57;6;6;200;10;10;10;1286205;1726181592169184949
58;6;6;200;10;10;10;1289456;1726181592179198498
59;6;6;200;10;10;10;1272985;1726181592189202781
60;6;6;200;10;10;10;1286238;1726181592199216366
61;6;6;200;10;10;10;1281934;1726181592209194446
62;6;6;200;10;10;10;1306315;1726181592219188434
63;6;6;200;10;10;10;1290750;1726181592229183603
64;6;6;200;10;10;10;1347268;1726181592239183906
65;6;6;200;10;10;10;1293610;1726181592249182801
66;6;6;200;10;10;10;1421724;1726181592259185465
67;6;6;200;10;10;10;1297912;1726181592269179876
68;6;6;200;10;10;10;1309134;1726181592279188449
69;6;6;200;10;10;10;1300048;1726181592289192290
70;6;6;200;10;10;10;1314350;1726181592299184359
71;6;6;200;10;10;10;1288021;1726181592309181224
72;6;6;200;10;10;10;1353826;1726181592319186878
73;6;6;200;10;10;10;1288487;1726181592329182718
74;6;6;200;10;10;10;1345692;1726181592339182069
75;6;6;200;10;10;10;1285399;1726181592349180142
76;6;6;200;10;10;10;1467308;1726181592359192758
77;6;6;200;10;10;10;1302483;1726181592369175848
78;6;6;200;10;10;10;1319940;1726181592379184724
79;6;6;200;10;10;10;1288213;1726181592389182046
80;6;6;200;10;10;10;1330039;1726181592399195612
81;6;6;200;10;10;10;1291165;1726181592409178517
82;6;6;200;10;10;10;1298792;1726181592419197382
83;6;6;200;10;10;10;1290684;1726181592429188460
84;6;6;200;10;10;10;1344041;1726181592439186588
85;6;6;200;10;10;10;1329109;1726181592449149359
86;6;6;200;10;10;10;1386590;1726181592459148910
87;6;6;200;10;10;10;1319086;1726181592469162716
88;6;6;200;10;10;10;1330104;1726181592479164860
89;6;6;200;10;10;10;1331087;1726181592489145120
90;6;6;200;10;10;10;1344991;1726181592499144135
91;6;6;200;10;10;10;1329686;1726181592509146600
92;6;6;200;10;10;10;1344998;1726181592519148520
93;6;6;200;10;10;10;1330393;1726181592529145217
94;6;6;200;10;10;10;1341552;1726181592539148992
95;6;6;200;10;10;10;1296002;1726181592549193917
96;6;6;200;10;10;10;1400565;1726181592559187718
97;6;6;200;10;10;10;1299674;1726181592569188956
98;6;6;200;10;10;10;1323001;1726181592579190463
99;6;6;200;10;10;10;1553390;1726181592589181362
0;6;7;200;10;10;10;1651620;1726181591599319445
1;6;7;200;10;10;10;1526767;1726181591609293167
2;6;7;200;10;10;10;1682930;1726181591619318455
3;6;7;200;10;10;10;1508656;1726181591629186493
4;6;7;200;10;10;10;1531634;1726181591639192359
5;6;7;200;10;10;10;1542691;1726181591649151167
6;6;7;200;10;10;10;1534740;1726181591659105745
7;6;7;200;10;10;10;1542957;1726181591669159209
8;6;7;200;10;10;10;1562275;1726181591679168353
9;6;7;200;10;10;10;1532323;1726181591689164345
10;6;7;200;10;10;10;1565890;1726181591699152675
11;6;7;200;10;10;10;1547368;1726181591709148628
12;6;7;200;10;10;10;1556067;1726181591719159673
13;6;7;200;10;10;10;1564957;1726181591729107188
14;6;7;200;10;10;10;1579664;1726181591739167580
15;6;7;200;10;10;10;1522886;1726181591749151832
16;6;7;200;10;10;10;1588119;1726181591759176480
17;6;7;200;10;10;10;1511731;1726181591769147789
18;6;7;200;10;10;10;1538667;1726181591779150292
19;6;7;200;10;10;10;1517053;1726181591789154194
20;6;7;200;10;10;10;1510956;1726181591799112917
21;6;7;200;10;10;10;1492054;1726181591809168494
22;6;7;200;10;10;10;1507128;1726181591819171485
23;6;7;200;10;10;10;1508678;1726181591829153885
24;6;7;200;10;10;10;1528851;1726181591839146370
25;6;7;200;10;10;10;1491147;1726181591849164120
26;6;7;200;10;10;10;1622233;1726181591859166953
27;6;7;200;10;10;10;1497504;1726181591869167811
28;6;7;200;10;10;10;1527795;1726181591879166271
29;6;7;200;10;10;10;1508859;1726181591889152798
30;6;7;200;10;10;10;1517201;1726181591899163879
31;6;7;200;10;10;10;1500981;1726181591909165143
32;6;7;200;10;10;10;1521748;1726181591919172715
33;6;7;200;10;10;10;1489032;1726181591929166138
34;6;7;200;10;10;10;1512481;1726181591939168433
35;6;7;200;10;10;10;1456783;1726181591949204007
36;6;7;200;10;10;10;1583671;1726181591959186524
37;6;7;200;10;10;10;1455049;1726181591969192817
38;6;7;200;10;10;10;1502881;1726181591979194062
39;6;7;200;10;10;10;1465482;1726181591989189335
40;6;7;200;10;10;10;1506573;1726181591999202700
41;6;7;200;10;10;10;1452058;1726181592009207049
42;6;7;200;10;10;10;1501937;1726181592019196401
43;6;7;200;10;10;10;1484186;1726181592029182337
44;6;7;200;10;10;10;1481979;1726181592039195862
45;6;7;200;10;10;10;1465275;1726181592049189495
46;6;7;200;10;10;10;1573539;1726181592059189191
47;6;7;200;10;10;10;1458228;1726181592069201222
48;6;7;200;10;10;10;1471770;1726181592079195764
49;6;7;200;10;10;10;1460499;1726181592089193381
50;6;7;200;10;10;10;1520483;1726181592099186106
51;6;7;200;10;10;10;1469728;1726181592109192366
52;6;7;200;10;10;10;1475223;1726181592119197389
53;6;7;200;10;10;10;1457112;1726181592129196732
54;6;7;200;10;10;10;1473524;1726181592139192696
55;6;7;200;10;10;10;1456351;1726181592149204047
56;6;7;200;10;10;10;1610578;1726181592159196581
57;6;7;200;10;10;10;1464113;1726181592169188788
58;6;7;200;10;10;10;1462971;1726181592179205344
59;6;7;200;10;10;10;1449996;1726181592189208044
60;6;7;200;10;10;10;1462633;1726181592199221642
61;6;7;200;10;10;10;1448083;1726181592209210190
62;6;7;200;10;10;10;1483375;1726181592219192936
63;6;7;200;10;10;10;1468519;1726181592229188036
64;6;7;200;10;10;10;1519111;1726181592239193199
65;6;7;200;10;10;10;1467166;1726181592249190166
66;6;7;200;10;10;10;1595731;1726181592259192285
67;6;7;200;10;10;10;1474627;1726181592269185165
68;6;7;200;10;10;10;1483037;1726181592279196025
69;6;7;200;10;10;10;1482945;1726181592289197158
70;6;7;200;10;10;10;1486480;1726181592299194325
71;6;7;200;10;10;10;1460358;1726181592309190013
72;6;7;200;10;10;10;1524375;1726181592319199781
73;6;7;200;10;10;10;1462012;1726181592329191339
74;6;7;200;10;10;10;1521666;1726181592339188642
75;6;7;200;10;10;10;1450459;1726181592349196622
76;6;7;200;10;10;10;1639975;1726181592359201064
77;6;7;200;10;10;10;1468741;1726181592369194161
78;6;7;200;10;10;10;1490882;1726181592379195443
79;6;7;200;10;10;10;1462449;1726181592389189459
80;6;7;200;10;10;10;1507759;1726181592399200942
81;6;7;200;10;10;10;1461715;1726181592409188461
82;6;7;200;10;10;10;1477631;1726181592419201675
83;6;7;200;10;10;10;1467901;1726181592429192515
84;6;7;200;10;10;10;1516921;1726181592439194160
85;6;7;200;10;10;10;1511195;1726181592449153309
86;6;7;200;10;10;10;1553312;1726181592459168399
87;6;7;200;10;10;10;1500918;1726181592469167379
88;6;7;200;10;10;10;1510508;1726181592479169902
89;6;7;200;10;10;10;1513425;1726181592489149011
90;6;7;200;10;10;10;1527944;1726181592499148052
91;6;7;200;10;10;10;1509311;1726181592509153274
92;6;7;200;10;10;10;1510322;1726181592519168094
93;6;7;200;10;10;10;1500756;1726181592529162108
94;6;7;200;10;10;10;1512954;1726181592539163713
95;6;7;200;10;10;10;1473923;1726181592549199526
96;6;7;200;10;10;10;1578852;1726181592559194122
97;6;7;200;10;10;10;1481877;1726181592569192443
98;6;7;200;10;10;10;1503075;1726181592579195504
99;6;7;200;10;10;10;1733435;1726181592589185948
0;6;8;200;10;10;10;1830122;1726181591599328299
1;6;8;200;10;10;10;1704509;1726181591609302665
2;6;8;200;10;10;10;1861545;1726181591619327858
3;6;8;200;10;10;10;1680918;1726181591629201781
4;6;8;200;10;10;10;1707176;1726181591639198867
5;6;8;200;10;10;10;1725160;1726181591649158601
6;6;8;200;10;10;10;1712258;1726181591659119759
7;6;8;200;10;10;10;1723613;1726181591669170542
8;6;8;200;10;10;10;1747751;1726181591679173256
9;6;8;200;10;10;10;1719029;1726181591689169409
10;6;8;200;10;10;10;1741548;1726181591699167560
11;6;8;200;10;10;10;1725856;1726181591709163177
12;6;8;200;10;10;10;1740385;1726181591719165689
13;6;8;200;10;10;10;1753103;1726181591729112377
14;6;8;200;10;10;10;1764036;1726181591739175129
15;6;8;200;10;10;10;1694805;1726181591749166446
16;6;8;200;10;10;10;1769881;1726181591759181089
17;6;8;200;10;10;10;1681965;1726181591769163381
18;6;8;200;10;10;10;1709295;1726181591779165004
19;6;8;200;10;10;10;1690356;1726181591789168271
20;6;8;200;10;10;10;1692376;1726181591799117090
21;6;8;200;10;10;10;1673416;1726181591809173138
22;6;8;200;10;10;10;1686587;1726181591819176545
23;6;8;200;10;10;10;1681638;1726181591829168005
24;6;8;200;10;10;10;1698020;1726181591839162359
25;6;8;200;10;10;10;1669679;1726181591849173129
26;6;8;200;10;10;10;1796599;1726181591859178918
27;6;8;200;10;10;10;1679478;1726181591869172656
28;6;8;200;10;10;10;1701811;1726181591879178340
29;6;8;200;10;10;10;1681603;1726181591889166490
30;6;8;200;10;10;10;1698135;1726181591899168780
31;6;8;200;10;10;10;1676143;1726181591909177268
32;6;8;200;10;10;10;1704018;1726181591919177186
33;6;8;200;10;10;10;1669617;1726181591929171156
34;6;8;200;10;10;10;1693653;1726181591939173409
35;6;8;200;10;10;10;1634106;1726181591949207933
36;6;8;200;10;10;10;1760771;1726181591959195832
37;6;8;200;10;10;10;1631951;1726181591969196668
38;6;8;200;10;10;10;1677975;1726181591979199530
39;6;8;200;10;10;10;1640907;1726181591989196371
40;6;8;200;10;10;10;1680236;1726181591999210030
41;6;8;200;10;10;10;1629559;1726181592009211057
42;6;8;200;10;10;10;1680525;1726181592019203696
43;6;8;200;10;10;10;1657615;1726181592029189287
44;6;8;200;10;10;10;1652968;1726181592039206428
45;6;8;200;10;10;10;1641741;1726181592049195088
46;6;8;200;10;10;10;1743832;1726181592059199196
47;6;8;200;10;10;10;1636112;1726181592069205567
48;6;8;200;10;10;10;1648549;1726181592079201212
49;6;8;200;10;10;10;1637843;1726181592089198022
50;6;8;200;10;10;10;1696006;1726181592099191698
51;6;8;200;10;10;10;1647870;1726181592109196267
52;6;8;200;10;10;10;1651635;1726181592119201968
53;6;8;200;10;10;10;1631644;1726181592129203741
54;6;8;200;10;10;10;1644896;1726181592139199895
55;6;8;200;10;10;10;1632507;1726181592149210102
56;6;8;200;10;10;10;1788485;1726181592159205086
57;6;8;200;10;10;10;1640068;1726181592169196204
58;6;8;200;10;10;10;1636330;1726181592179212936
59;6;8;200;10;10;10;1624345;1726181592189215306
60;6;8;200;10;10;10;1640794;1726181592199226013
61;6;8;200;10;10;10;1624719;1726181592209215312
62;6;8;200;10;10;10;1653766;1726181592219204852
63;6;8;200;10;10;10;1642618;1726181592229196170
64;6;8;200;10;10;10;1695614;1726181592239197907
65;6;8;200;10;10;10;1642128;1726181592249197690
66;6;8;200;10;10;10;1769738;1726181592259199115
67;6;8;200;10;10;10;1649674;1726181592269191632
68;6;8;200;10;10;10;1653683;1726181592279205952
69;6;8;200;10;10;10;1660594;1726181592289205737
70;6;8;200;10;10;10;1659507;1726181592299203673
71;6;8;200;10;10;10;1633669;1726181592309196899
72;6;8;200;10;10;10;1700888;1726181592319206885
73;6;8;200;10;10;10;1639246;1726181592329195553
74;6;8;200;10;10;10;1697297;1726181592339195514
75;6;8;200;10;10;10;1628190;1726181592349201686
76;6;8;200;10;10;10;1815890;1726181592359205169
77;6;8;200;10;10;10;1647561;1726181592369199209
78;6;8;200;10;10;10;1667123;1726181592379200582
79;6;8;200;10;10;10;1635295;1726181592389198740
80;6;8;200;10;10;10;1685226;1726181592399204631
81;6;8;200;10;10;10;1638785;1726181592409192875
82;6;8;200;10;10;10;1656034;1726181592419205409
83;6;8;200;10;10;10;1646445;1726181592429196351
84;6;8;200;10;10;10;1691323;1726181592439200897
85;6;8;200;10;10;10;1683446;1726181592449167475
86;6;8;200;10;10;10;1733803;1726181592459173621
87;6;8;200;10;10;10;1684119;1726181592469170964
88;6;8;200;10;10;10;1691395;1726181592479174014
89;6;8;200;10;10;10;1682082;1726181592489165027
90;6;8;200;10;10;10;1700022;1726181592499162551
91;6;8;200;10;10;10;1689657;1726181592509159408
92;6;8;200;10;10;10;1690443;1726181592519173264
93;6;8;200;10;10;10;1674946;1726181592529173762
94;6;8;200;10;10;10;1691797;1726181592539171857
95;6;8;200;10;10;10;1651302;1726181592549206391
96;6;8;200;10;10;10;1751568;1726181592559205447
97;6;8;200;10;10;10;1663137;1726181592569196031
98;6;8;200;10;10;10;1680651;1726181592579203058
99;6;8;200;10;10;10;1914131;1726181592589192091
0;6;9;200;10;10;10;2009062;1726181591599336602
1;6;9;200;10;10;10;1882422;1726181591609312454
2;6;9;200;10;10;10;2041932;1726181591619339007
3;6;9;200;10;10;10;1848290;1726181591629223890
4;6;9;200;10;10;10;1881945;1726181591639206925
5;6;9;200;10;10;10;1913354;1726181591649163155
6;6;9;200;10;10;10;1899389;1726181591659124692
7;6;9;200;10;10;10;1907912;1726181591669179018
8;6;9;200;10;10;10;1936591;1726181591679177508
9;6;9;200;10;10;10;1907655;1726181591689173645
10;6;9;200;10;10;10;1922046;1726181591699179429
11;6;9;200;10;10;10;1912667;1726181591709170339
12;6;9;200;10;10;10;1923373;1726181591719174625
13;6;9;200;10;10;10;1934209;1726181591729125029
14;6;9;200;10;10;10;1947482;1726181591739184785
15;6;9;200;10;10;10;1875629;1726181591749174866
16;6;9;200;10;10;10;1954330;1726181591759185276
17;6;9;200;10;10;10;1851043;1726181591769181700
18;6;9;200;10;10;10;1881081;1726181591779179336
19;6;9;200;10;10;10;1867899;1726181591789178269
20;6;9;200;10;10;10;1861300;1726181591799135705
21;6;9;200;10;10;10;1857271;1726181591809177201
22;6;9;200;10;10;10;1869127;1726181591819180755
23;6;9;200;10;10;10;1858718;1726181591829179608
24;6;9;200;10;10;10;1871356;1726181591839175092
25;6;9;200;10;10;10;1849765;1726181591849181097
26;6;9;200;10;10;10;1979304;1726181591859183821
27;6;9;200;10;10;10;1863836;1726181591869176317
28;6;9;200;10;10;10;1883330;1726181591879182970
29;6;9;200;10;10;10;1863712;1726181591889170999
30;6;9;200;10;10;10;1881867;1726181591899172928
31;6;9;200;10;10;10;1859224;1726181591909183840
32;6;9;200;10;10;10;1883246;1726181591919185717
33;6;9;200;10;10;10;1853131;1726181591929175337
34;6;9;200;10;10;10;1877322;1726181591939177679
35;6;9;200;10;10;10;1812996;1726181591949211786
36;6;9;200;10;10;10;1941842;1726181591959201573
37;6;9;200;10;10;10;1809754;1726181591969200731
38;6;9;200;10;10;10;1851388;1726181591979208975
39;6;9;200;10;10;10;1817409;1726181591989203973
40;6;9;200;10;10;10;1849517;1726181591999223719
41;6;9;200;10;10;10;1810011;1726181592009214562
42;6;9;200;10;10;10;1859787;1726181592019212561
43;6;9;200;10;10;10;1834306;1726181592029196057
44;6;9;200;10;10;10;1826470;1726181592039215307
45;6;9;200;10;10;10;1818191;1726181592049202297
46;6;9;200;10;10;10;1916467;1726181592059209502
47;6;9;200;10;10;10;1807605;1726181592069217199
48;6;9;200;10;10;10;1825413;1726181592079208566
49;6;9;200;10;10;10;1816642;1726181592089202890
50;6;9;200;10;10;10;1873101;1726181592099197752
51;6;9;200;10;10;10;1823603;1726181592109205396
52;6;9;200;10;10;10;1830949;1726181592119206015
53;6;9;200;10;10;10;1808519;1726181592129210534
54;6;9;200;10;10;10;1817333;1726181592139209159
55;6;9;200;10;10;10;1809066;1726181592149217323
56;6;9;200;10;10;10;1965407;1726181592159214661
57;6;9;200;10;10;10;1817006;1726181592169203489
58;6;9;200;10;10;10;1811838;1726181592179220023
59;6;9;200;10;10;10;1801545;1726181592189222347
60;6;9;200;10;10;10;1809174;1726181592199241498
61;6;9;200;10;10;10;1799884;1726181592209223986
62;6;9;200;10;10;10;1831561;1726181592219211108
63;6;9;200;10;10;10;1813723;1726181592229207915
64;6;9;200;10;10;10;1870437;1726181592239206167
65;6;9;200;10;10;10;1819335;1726181592249205196
66;6;9;200;10;10;10;1946834;1726181592259206083
67;6;9;200;10;10;10;1815642;1726181592269208687
68;6;9;200;10;10;10;1833754;1726181592279210197
69;6;9;200;10;10;10;1844312;1726181592289210303
70;6;9;200;10;10;10;1839251;1726181592299208443
71;6;9;200;10;10;10;1806332;1726181592309206416
72;6;9;200;10;10;10;1879508;1726181592319212405
73;6;9;200;10;10;10;1815738;1726181592329202778
74;6;9;200;10;10;10;1873933;1726181592339202785
75;6;9;200;10;10;10;1807560;1726181592349205562
76;6;9;200;10;10;10;1965931;1726181592359238306
77;6;9;200;10;10;10;1829770;1726181592369202853
78;6;9;200;10;10;10;1842532;1726181592379207783
79;6;9;200;10;10;10;1815177;1726181592389203211
80;6;9;200;10;10;10;1864403;1726181592399208538
81;6;9;200;10;10;10;1814552;1726181592409199830
82;6;9;200;10;10;10;1835562;1726181592419209406
83;6;9;200;10;10;10;1815483;1726181592429211363
84;6;9;200;10;10;10;1866427;1726181592439208303
85;6;9;200;10;10;10;1865906;1726181592449172883
86;6;9;200;10;10;10;1916651;1726181592459177777
87;6;9;200;10;10;10;1868210;1726181592469174550
88;6;9;200;10;10;10;1874275;1726181592479177951
89;6;9;200;10;10;10;1857803;1726181592489175701
90;6;9;200;10;10;10;1873926;1726181592499176438
91;6;9;200;10;10;10;1872318;1726181592509163731
92;6;9;200;10;10;10;1875928;1726181592519177347
93;6;9;200;10;10;10;1840762;1726181592529195849
94;6;9;200;10;10;10;1870821;1726181592539180309
95;6;9;200;10;10;10;1831254;1726181592549213016
96;6;9;200;10;10;10;1931934;1726181592559210742
97;6;9;200;10;10;10;1846354;1726181592569200093
98;6;9;200;10;10;10;1851034;1726181592579218417
99;6;9;200;10;10;10;2092800;1726181592589202177
0;7;0;200;10;10;10;445170;1726181591599138973
1;7;0;200;10;10;10;346055;1726181591609140975
2;7;0;200;10;10;10;474125;1726181591619147767
3;7;0;200;10;10;10;308080;1726181591629087206
4;7;0;200;10;10;10;275871;1726181591639111599
5;7;0;200;10;10;10;265306;1726181591649099284
6;7;0;200;10;10;10;260570;1726181591659034335
7;7;0;200;10;10;10;266414;1726181591669100589
8;7;0;200;10;10;10;266321;1726181591679103716
9;7;0;200;10;10;10;261241;1726181591689101191
10;7;0;200;10;10;10;264727;1726181591699103802
11;7;0;200;10;10;10;260679;1726181591709100944
12;7;0;200;10;10;10;269917;1726181591719099757
13;7;0;200;10;10;10;279189;1726181591729043991
14;7;0;200;10;10;10;270833;1726181591739102194
15;7;0;200;10;10;10;262877;1726181591749102970
16;7;0;200;10;10;10;309790;1726181591759102100
17;7;0;200;10;10;10;259586;1726181591769101848
18;7;0;200;10;10;10;254368;1726181591779100909
19;7;0;200;10;10;10;262818;1726181591789106467
20;7;0;200;10;10;10;272996;1726181591799039848
21;7;0;200;10;10;10;256363;1726181591809106935
22;7;0;200;10;10;10;267242;1726181591819102841
23;7;0;200;10;10;10;255283;1726181591829106798
24;7;0;200;10;10;10;261936;1726181591839098642
25;7;0;200;10;10;10;255952;1726181591849100811
26;7;0;200;10;10;10;350055;1726181591859105443
27;7;0;200;10;10;10;261121;1726181591869103707
28;7;0;200;10;10;10;263120;1726181591879105866
29;7;0;200;10;10;10;259685;1726181591889102569
30;7;0;200;10;10;10;264079;1726181591899099556
31;7;0;200;10;10;10;264859;1726181591909105698
32;7;0;200;10;10;10;273168;1726181591919103613
33;7;0;200;10;10;10;256514;1726181591929102952
34;7;0;200;10;10;10;257110;1726181591939104805
35;7;0;200;10;10;10;278755;1726181591949110321
36;7;0;200;10;10;10;355666;1726181591959111322
37;7;0;200;10;10;10;274495;1726181591969109407
38;7;0;200;10;10;10;273827;1726181591979111991
39;7;0;200;10;10;10;275819;1726181591989111481
40;7;0;200;10;10;10;278886;1726181591999111079
41;7;0;200;10;10;10;277872;1726181592009111285
42;7;0;200;10;10;10;264485;1726181592019112519
43;7;0;200;10;10;10;287143;1726181592029110509
44;7;0;200;10;10;10;275522;1726181592039112893
45;7;0;200;10;10;10;277197;1726181592049109897
46;7;0;200;10;10;10;324557;1726181592059110730
47;7;0;200;10;10;10;279217;1726181592069109766
48;7;0;200;10;10;10;275345;1726181592079112359
49;7;0;200;10;10;10;273083;1726181592089110355
50;7;0;200;10;10;10;278532;1726181592099110057
51;7;0;200;10;10;10;278053;1726181592109111294
52;7;0;200;10;10;10;276010;1726181592119110825
53;7;0;200;10;10;10;279455;1726181592129109647
54;7;0;200;10;10;10;280638;1726181592139111820
55;7;0;200;10;10;10;278014;1726181592149110070
56;7;0;200;10;10;10;380864;1726181592159112319
57;7;0;200;10;10;10;274839;1726181592169110288
58;7;0;200;10;10;10;280939;1726181592179110282
59;7;0;200;10;10;10;275472;1726181592189111125
60;7;0;200;10;10;10;277824;1726181592199115812
61;7;0;200;10;10;10;276308;1726181592209110101
62;7;0;200;10;10;10;277487;1726181592219111227
63;7;0;200;10;10;10;274075;1726181592229110668
64;7;0;200;10;10;10;288824;1726181592239111910
65;7;0;200;10;10;10;278306;1726181592249110571
66;7;0;200;10;10;10;367646;1726181592259111992
67;7;0;200;10;10;10;278492;1726181592269110925
68;7;0;200;10;10;10;277014;1726181592279111580
69;7;0;200;10;10;10;268581;1726181592289110482
70;7;0;200;10;10;10;280962;1726181592299111646
71;7;0;200;10;10;10;275768;1726181592309111497
72;7;0;200;10;10;10;294558;1726181592319114331
73;7;0;200;10;10;10;276428;1726181592329110121
74;7;0;200;10;10;10;278126;1726181592339111833
75;7;0;200;10;10;10;273691;1726181592349108648
76;7;0;200;10;10;10;371312;1726181592359111208
77;7;0;200;10;10;10;274908;1726181592369109728
78;7;0;200;10;10;10;285485;1726181592379111388
79;7;0;200;10;10;10;275125;1726181592389111561
80;7;0;200;10;10;10;277734;1726181592399111974
81;7;0;200;10;10;10;278086;1726181592409109959
82;7;0;200;10;10;10;279315;1726181592419111748
83;7;0;200;10;10;10;274076;1726181592429111165
84;7;0;200;10;10;10;287411;1726181592439111048
85;7;0;200;10;10;10;257502;1726181592449106695
86;7;0;200;10;10;10;297252;1726181592459103813
87;7;0;200;10;10;10;256547;1726181592469107044
88;7;0;200;10;10;10;262899;1726181592479103706
89;7;0;200;10;10;10;264967;1726181592489102978
90;7;0;200;10;10;10;256247;1726181592499100915
91;7;0;200;10;10;10;256735;1726181592509103624
92;7;0;200;10;10;10;260926;1726181592519104535
93;7;0;200;10;10;10;253935;1726181592529103066
94;7;0;200;10;10;10;259976;1726181592539104790
95;7;0;200;10;10;10;282335;1726181592549110197
96;7;0;200;10;10;10;308379;1726181592559111718
97;7;0;200;10;10;10;277508;1726181592569110377
98;7;0;200;10;10;10;283180;1726181592579111335
99;7;0;200;10;10;10;296537;1726181592589110225
0;7;1;200;10;10;10;600949;1726181591599249779
1;7;1;200;10;10;10;493361;1726181591609214904
2;7;1;200;10;10;10;659894;1726181591619223344
3;7;1;200;10;10;10;458382;1726181591629130194
4;7;1;200;10;10;10;425115;1726181591639150938
5;7;1;200;10;10;10;440468;1726181591649122758
6;7;1;200;10;10;10;431855;1726181591659060433
7;7;1;200;10;10;10;440882;1726181591669124682
8;7;1;200;10;10;10;441345;1726181591679127684
9;7;1;200;10;10;10;437414;1726181591689124278
10;7;1;200;10;10;10;438330;1726181591699127635
11;7;1;200;10;10;10;435070;1726181591709123878
12;7;1;200;10;10;10;442722;1726181591719123899
13;7;1;200;10;10;10;452799;1726181591729073828
14;7;1;200;10;10;10;442647;1726181591739129410
15;7;1;200;10;10;10;434356;1726181591749126615
16;7;1;200;10;10;10;477920;1726181591759127219
17;7;1;200;10;10;10;430362;1726181591769124564
18;7;1;200;10;10;10;426771;1726181591779124153
19;7;1;200;10;10;10;433436;1726181591789129202
20;7;1;200;10;10;10;440603;1726181591799065232
21;7;1;200;10;10;10;427916;1726181591809129254
22;7;1;200;10;10;10;435591;1726181591819126378
23;7;1;200;10;10;10;426575;1726181591829129593
24;7;1;200;10;10;10;432175;1726181591839121992
25;7;1;200;10;10;10;427260;1726181591849123476
26;7;1;200;10;10;10;520600;1726181591859129454
27;7;1;200;10;10;10;431987;1726181591869126350
28;7;1;200;10;10;10;434549;1726181591879128901
29;7;1;200;10;10;10;429847;1726181591889125311
30;7;1;200;10;10;10;434419;1726181591899122790
31;7;1;200;10;10;10;435032;1726181591909127901
32;7;1;200;10;10;10;444694;1726181591919126700
33;7;1;200;10;10;10;427900;1726181591929125330
34;7;1;200;10;10;10;427791;1726181591939128178
35;7;1;200;10;10;10;430961;1726181591949146972
36;7;1;200;10;10;10;510712;1726181591959149695
37;7;1;200;10;10;10;425597;1726181591969146185
38;7;1;200;10;10;10;423742;1726181591979149427
39;7;1;200;10;10;10;429028;1726181591989148170
40;7;1;200;10;10;10;431136;1726181591999148568
41;7;1;200;10;10;10;430401;1726181592009147174
42;7;1;200;10;10;10;420661;1726181592019150709
43;7;1;200;10;10;10;439594;1726181592029147052
44;7;1;200;10;10;10;427802;1726181592039150672
45;7;1;200;10;10;10;430436;1726181592049146213
46;7;1;200;10;10;10;488919;1726181592059148799
47;7;1;200;10;10;10;430727;1726181592069147047
48;7;1;200;10;10;10;427100;1726181592079149710
49;7;1;200;10;10;10;426434;1726181592089146904
50;7;1;200;10;10;10;430118;1726181592099147389
51;7;1;200;10;10;10;431093;1726181592109148112
52;7;1;200;10;10;10;428151;1726181592119148172
53;7;1;200;10;10;10;430479;1726181592129146385
54;7;1;200;10;10;10;431151;1726181592139148962
55;7;1;200;10;10;10;431139;1726181592149146723
56;7;1;200;10;10;10;538728;1726181592159149919
57;7;1;200;10;10;10;426625;1726181592169147041
58;7;1;200;10;10;10;431934;1726181592179147697
59;7;1;200;10;10;10;427551;1726181592189147291
60;7;1;200;10;10;10;430853;1726181592199152966
61;7;1;200;10;10;10;429790;1726181592209146101
62;7;1;200;10;10;10;429152;1726181592219148257
63;7;1;200;10;10;10;425876;1726181592229146919
64;7;1;200;10;10;10;440486;1726181592239149138
65;7;1;200;10;10;10;430975;1726181592249147221
66;7;1;200;10;10;10;518514;1726181592259150055
67;7;1;200;10;10;10;430875;1726181592269147561
68;7;1;200;10;10;10;429773;1726181592279148498
69;7;1;200;10;10;10;426155;1726181592289146895
70;7;1;200;10;10;10;432893;1726181592299149171
71;7;1;200;10;10;10;428760;1726181592309147987
72;7;1;200;10;10;10;445913;1726181592319151984
73;7;1;200;10;10;10;429168;1726181592329146628
74;7;1;200;10;10;10;430434;1726181592339149304
75;7;1;200;10;10;10;426094;1726181592349145335
76;7;1;200;10;10;10;522115;1726181592359149136
77;7;1;200;10;10;10;427590;1726181592369146236
78;7;1;200;10;10;10;437335;1726181592379148864
79;7;1;200;10;10;10;427056;1726181592389148069
80;7;1;200;10;10;10;429768;1726181592399149441
81;7;1;200;10;10;10;429927;1726181592409146963
82;7;1;200;10;10;10;429760;1726181592419149410
83;7;1;200;10;10;10;426015;1726181592429147941
84;7;1;200;10;10;10;438731;1726181592439148377
85;7;1;200;10;10;10;429359;1726181592449128970
86;7;1;200;10;10;10;468952;1726181592459127625
87;7;1;200;10;10;10;429419;1726181592469129414
88;7;1;200;10;10;10;433233;1726181592479126874
89;7;1;200;10;10;10;435217;1726181592489125194
90;7;1;200;10;10;10;427000;1726181592499123537
91;7;1;200;10;10;10;428769;1726181592509126123
92;7;1;200;10;10;10;431238;1726181592519127876
93;7;1;200;10;10;10;426042;1726181592529125335
94;7;1;200;10;10;10;431279;1726181592539127726
95;7;1;200;10;10;10;437352;1726181592549147273
96;7;1;200;10;10;10;484798;1726181592559149695
97;7;1;200;10;10;10;431736;1726181592569147132
98;7;1;200;10;10;10;436187;1726181592579149071
99;7;1;200;10;10;10;527025;1726181592589146601
0;7;2;200;10;10;10;781699;1726181591599259481
1;7;2;200;10;10;10;658696;1726181591609238487
2;7;2;200;10;10;10;825322;1726181591619248052
3;7;2;200;10;10;10;638062;1726181591629138026
4;7;2;200;10;10;10;667525;1726181591639157284
5;7;2;200;10;10;10;627560;1726181591649128294
6;7;2;200;10;10;10;613772;1726181591659070289
7;7;2;200;10;10;10;627906;1726181591669130127
8;7;2;200;10;10;10;652043;1726181591679133368
9;7;2;200;10;10;10;625027;1726181591689129598
10;7;2;200;10;10;10;644021;1726181591699133360
11;7;2;200;10;10;10;622145;1726181591709129134
12;7;2;200;10;10;10;646668;1726181591719129587
13;7;2;200;10;10;10;642906;1726181591729079851
14;7;2;200;10;10;10;663299;1726181591739135576
15;7;2;200;10;10;10;618826;1726181591749132278
16;7;2;200;10;10;10;716077;1726181591759133075
17;7;2;200;10;10;10;611810;1726181591769129889
18;7;2;200;10;10;10;645331;1726181591779129632
19;7;2;200;10;10;10;616110;1726181591789134611
20;7;2;200;10;10;10;622343;1726181591799070768
21;7;2;200;10;10;10;610162;1726181591809134610
22;7;2;200;10;10;10;631845;1726181591819131867
23;7;2;200;10;10;10;609351;1726181591829134914
24;7;2;200;10;10;10;632027;1726181591839127307
25;7;2;200;10;10;10;608865;1726181591849128664
26;7;2;200;10;10;10;736172;1726181591859135207
27;7;2;200;10;10;10;613338;1726181591869131483
28;7;2;200;10;10;10;639408;1726181591879134296
29;7;2;200;10;10;10;613222;1726181591889130552
30;7;2;200;10;10;10;634628;1726181591899128264
31;7;2;200;10;10;10;617087;1726181591909133159
32;7;2;200;10;10;10;644883;1726181591919132264
33;7;2;200;10;10;10;611531;1726181591929130475
34;7;2;200;10;10;10;628150;1726181591939133542
35;7;2;200;10;10;10;610187;1726181591949152431
36;7;2;200;10;10;10;698601;1726181591959155420
37;7;2;200;10;10;10;590656;1726181591969163649
38;7;2;200;10;10;10;647895;1726181591979155208
39;7;2;200;10;10;10;603542;1726181591989156509
40;7;2;200;10;10;10;636636;1726181591999174729
41;7;2;200;10;10;10;607137;1726181592009154454
42;7;2;200;10;10;10;618452;1726181592019156448
43;7;2;200;10;10;10;617983;1726181592029152513
44;7;2;200;10;10;10;624332;1726181592039156287
45;7;2;200;10;10;10;605808;1726181592049153851
46;7;2;200;10;10;10;711696;1726181592059154609
47;7;2;200;10;10;10;609275;1726181592069152242
48;7;2;200;10;10;10;611004;1726181592079157255
49;7;2;200;10;10;10;602546;1726181592089154039
50;7;2;200;10;10;10;654164;1726181592099153030
51;7;2;200;10;10;10;610944;1726181592109153745
52;7;2;200;10;10;10;623931;1726181592119153822
53;7;2;200;10;10;10;605643;1726181592129153576
54;7;2;200;10;10;10;624482;1726181592139154704
55;7;2;200;10;10;10;609101;1726181592149152122
56;7;2;200;10;10;10;737696;1726181592159155843
57;7;2;200;10;10;10;600405;1726181592169156708
58;7;2;200;10;10;10;610069;1726181592179168254
59;7;2;200;10;10;10;587152;1726181592189170643
60;7;2;200;10;10;10;611639;1726181592199173645
61;7;2;200;10;10;10;596148;1726181592209164028
62;7;2;200;10;10;10;621070;1726181592219156017
63;7;2;200;10;10;10;603222;1726181592229154524
64;7;2;200;10;10;10;662420;1726181592239154660
65;7;2;200;10;10;10;597286;1726181592249164403
66;7;2;200;10;10;10;736637;1726181592259158664
67;7;2;200;10;10;10;610086;1726181592269152699
68;7;2;200;10;10;10;610957;1726181592279168396
69;7;2;200;10;10;10;608524;1726181592289152401
70;7;2;200;10;10;10;629359;1726181592299154747
71;7;2;200;10;10;10;605944;1726181592309153472
72;7;2;200;10;10;10;667548;1726181592319157557
73;7;2;200;10;10;10;604803;1726181592329153812
74;7;2;200;10;10;10;654221;1726181592339154747
75;7;2;200;10;10;10;602363;1726181592349152391
76;7;2;200;10;10;10;787512;1726181592359156419
77;7;2;200;10;10;10;606417;1726181592369151456
78;7;2;200;10;10;10;631279;1726181592379154672
79;7;2;200;10;10;10;604702;1726181592389153404
80;7;2;200;10;10;10;649780;1726181592399158644
81;7;2;200;10;10;10;606666;1726181592409152508
82;7;2;200;10;10;10;623736;1726181592419155180
83;7;2;200;10;10;10;604876;1726181592429153431
84;7;2;200;10;10;10;647468;1726181592439167628
85;7;2;200;10;10;10;611629;1726181592449134286
86;7;2;200;10;10;10;667951;1726181592459133168
87;7;2;200;10;10;10;612329;1726181592469134684
88;7;2;200;10;10;10;630896;1726181592479132317
89;7;2;200;10;10;10;617637;1726181592489130408
90;7;2;200;10;10;10;626248;1726181592499129068
91;7;2;200;10;10;10;611674;1726181592509131455
92;7;2;200;10;10;10;630712;1726181592519133300
93;7;2;200;10;10;10;609481;1726181592529130497
94;7;2;200;10;10;10;621745;1726181592539133377
95;7;2;200;10;10;10;601804;1726181592549168476
96;7;2;200;10;10;10;706282;1726181592559155259
97;7;2;200;10;10;10;612046;1726181592569152299
98;7;2;200;10;10;10;633717;1726181592579154646
99;7;2;200;10;10;10;744183;1726181592589153589
0;7;3;200;10;10;10;962074;1726181591599266442
1;7;3;200;10;10;10;834770;1726181591609249279
2;7;3;200;10;10;10;998827;1726181591619263201
3;7;3;200;10;10;10;811805;1726181591629150314
4;7;3;200;10;10;10;841135;1726181591639168672
5;7;3;200;10;10;10;814317;1726181591649132262
6;7;3;200;10;10;10;815945;1726181591659077113
7;7;3;200;10;10;10;815219;1726181591669133945
8;7;3;200;10;10;10;841655;1726181591679137353
9;7;3;200;10;10;10;811871;1726181591689133507
10;7;3;200;10;10;10;833388;1726181591699137163
11;7;3;200;10;10;10;810385;1726181591709132861
12;7;3;200;10;10;10;835449;1726181591719133486
13;7;3;200;10;10;10;832289;1726181591729084508
14;7;3;200;10;10;10;854597;1726181591739139692
15;7;3;200;10;10;10;803715;1726181591749136062
16;7;3;200;10;10;10;898214;1726181591759137325
17;7;3;200;10;10;10;794678;1726181591769133578
18;7;3;200;10;10;10;829039;1726181591779133390
19;7;3;200;10;10;10;799506;1726181591789138391
20;7;3;200;10;10;10;814110;1726181591799074726
21;7;3;200;10;10;10;793119;1726181591809138534
22;7;3;200;10;10;10;814727;1726181591819135782
23;7;3;200;10;10;10;791929;1726181591829138766
24;7;3;200;10;10;10;815974;1726181591839131149
25;7;3;200;10;10;10;790456;1726181591849132585
26;7;3;200;10;10;10;917892;1726181591859139195
27;7;3;200;10;10;10;796571;1726181591869135247
28;7;3;200;10;10;10;823513;1726181591879137993
29;7;3;200;10;10;10;797451;1726181591889134306
30;7;3;200;10;10;10;818739;1726181591899131954
31;7;3;200;10;10;10;799208;1726181591909136807
32;7;3;200;10;10;10;828974;1726181591919136233
33;7;3;200;10;10;10;794323;1726181591929134306
34;7;3;200;10;10;10;813796;1726181591939137269
35;7;3;200;10;10;10;776448;1726181591949168808
36;7;3;200;10;10;10;876836;1726181591959164357
37;7;3;200;10;10;10;767776;1726181591969168393
38;7;3;200;10;10;10;822168;1726181591979162739
39;7;3;200;10;10;10;778979;1726181591989162699
40;7;3;200;10;10;10;815821;1726181591999179902
41;7;3;200;10;10;10;779960;1726181592009164437
42;7;3;200;10;10;10;799309;1726181592019164840
43;7;3;200;10;10;10;790930;1726181592029162729
44;7;3;200;10;10;10;798338;1726181592039165948
45;7;3;200;10;10;10;776616;1726181592049164945
46;7;3;200;10;10;10;881424;1726181592059168306
47;7;3;200;10;10;10;772081;1726181592069171888
48;7;3;200;10;10;10;785723;1726181592079166136
49;7;3;200;10;10;10;777468;1726181592089161460
50;7;3;200;10;10;10;830113;1726181592099161598
51;7;3;200;10;10;10;781521;1726181592109166073
52;7;3;200;10;10;10;793013;1726181592119167667
53;7;3;200;10;10;10;781410;1726181592129159344
54;7;3;200;10;10;10;796000;1726181592139165065
55;7;3;200;10;10;10;771642;1726181592149172100
56;7;3;200;10;10;10;912737;1726181592159166837
57;7;3;200;10;10;10;770630;1726181592169168237
58;7;3;200;10;10;10;783881;1726181592179175961
59;7;3;200;10;10;10;756949;1726181592189183783
60;7;3;200;10;10;10;789802;1726181592199179566
61;7;3;200;10;10;10;773791;1726181592209168942
62;7;3;200;10;10;10;796280;1726181592219164490
63;7;3;200;10;10;10;776967;1726181592229163822
64;7;3;200;10;10;10;831131;1726181592239168333
65;7;3;200;10;10;10;775017;1726181592249169312
66;7;3;200;10;10;10;910113;1726181592259167151
67;7;3;200;10;10;10;781780;1726181592269163389
68;7;3;200;10;10;10;790448;1726181592279173455
69;7;3;200;10;10;10;777932;1726181592289170449
70;7;3;200;10;10;10;798814;1726181592299168904
71;7;3;200;10;10;10;775444;1726181592309165177
72;7;3;200;10;10;10;843943;1726181592319164118
73;7;3;200;10;10;10;773066;1726181592329166552
74;7;3;200;10;10;10;827590;1726181592339165731
75;7;3;200;10;10;10;775925;1726181592349160143
76;7;3;200;10;10;10;961927;1726181592359164861
77;7;3;200;10;10;10;784495;1726181592369157143
78;7;3;200;10;10;10;802666;1726181592379167340
79;7;3;200;10;10;10;772687;1726181592389167016
80;7;3;200;10;10;10;824640;1726181592399167431
81;7;3;200;10;10;10;776048;1726181592409162974
82;7;3;200;10;10;10;794357;1726181592419168857
83;7;3;200;10;10;10;783954;1726181592429159198
84;7;3;200;10;10;10;825902;1726181592439172757
85;7;3;200;10;10;10;794319;1726181592449138083
86;7;3;200;10;10;10;851995;1726181592459137174
87;7;3;200;10;10;10;795504;1726181592469138348
88;7;3;200;10;10;10;815739;1726181592479136118
89;7;3;200;10;10;10;798891;1726181592489134111
90;7;3;200;10;10;10;810714;1726181592499132895
91;7;3;200;10;10;10;794935;1726181592509135319
92;7;3;200;10;10;10;814075;1726181592519137041
93;7;3;200;10;10;10;793863;1726181592529134076
94;7;3;200;10;10;10;806458;1726181592539137343
95;7;3;200;10;10;10;779854;1726181592549174687
96;7;3;200;10;10;10;883269;1726181592559164195
97;7;3;200;10;10;10;789234;1726181592569159702
98;7;3;200;10;10;10;797466;1726181592579177468
99;7;3;200;10;10;10;953474;1726181592589166909
0;7;4;200;10;10;10;1142811;1726181591599274187
1;7;4;200;10;10;10;1007313;1726181591609264261
2;7;4;200;10;10;10;1170454;1726181591619280341
3;7;4;200;10;10;10;991211;1726181591629157321
4;7;4;200;10;10;10;1019073;1726181591639173354
5;7;4;200;10;10;10;999069;1726181591649136160
6;7;4;200;10;10;10;999845;1726181591659083731
7;7;4;200;10;10;10;1002771;1726181591669137575
8;7;4;200;10;10;10;1029866;1726181591679141028
9;7;4;200;10;10;10;998993;1726181591689137164
10;7;4;200;10;10;10;1019597;1726181591699140913
11;7;4;200;10;10;10;997759;1726181591709136620
12;7;4;200;10;10;10;1021894;1726181591719137232
13;7;4;200;10;10;10;1019709;1726181591729088870
14;7;4;200;10;10;10;1042592;1726181591739143833
15;7;4;200;10;10;10;987498;1726181591749139885
16;7;4;200;10;10;10;1080003;1726181591759141293
17;7;4;200;10;10;10;977434;1726181591769137139
18;7;4;200;10;10;10;1008855;1726181591779137024
19;7;4;200;10;10;10;982857;1726181591789142026
20;7;4;200;10;10;10;998285;1726181591799078516
21;7;4;200;10;10;10;974807;1726181591809142159
22;7;4;200;10;10;10;996521;1726181591819139412
23;7;4;200;10;10;10;974329;1726181591829142401
24;7;4;200;10;10;10;997973;1726181591839134838
25;7;4;200;10;10;10;972185;1726181591849136515
26;7;4;200;10;10;10;1100498;1726181591859142913
27;7;4;200;10;10;10;980095;1726181591869138756
28;7;4;200;10;10;10;1008507;1726181591879141702
29;7;4;200;10;10;10;978631;1726181591889137979
30;7;4;200;10;10;10;1001411;1726181591899135531
31;7;4;200;10;10;10;981355;1726181591909140467
32;7;4;200;10;10;10;1011852;1726181591919139908
33;7;4;200;10;10;10;976337;1726181591929137874
34;7;4;200;10;10;10;994886;1726181591939140932
35;7;4;200;10;10;10;953184;1726181591949173427
36;7;4;200;10;10;10;1059674;1726181591959168615
37;7;4;200;10;10;10;943906;1726181591969172110
38;7;4;200;10;10;10;994605;1726181591979170845
39;7;4;200;10;10;10;948671;1726181591989173835
40;7;4;200;10;10;10;994477;1726181591999183720
41;7;4;200;10;10;10;952261;1726181592009172929
42;7;4;200;10;10;10;979483;1726181592019171984
43;7;4;200;10;10;10;968618;1726181592029167196
44;7;4;200;10;10;10;972115;1726181592039173952
45;7;4;200;10;10;10;954234;1726181592049169208
46;7;4;200;10;10;10;1058653;1726181592059172825
47;7;4;200;10;10;10;949306;1726181592069176370
48;7;4;200;10;10;10;959657;1726181592079175179
49;7;4;200;10;10;10;951257;1726181592089169023
50;7;4;200;10;10;10;1007721;1726181592099165755
51;7;4;200;10;10;10;958123;1726181592109170605
52;7;4;200;10;10;10;969771;1726181592119172316
53;7;4;200;10;10;10;954965;1726181592129167414
54;7;4;200;10;10;10;970824;1726181592139169481
55;7;4;200;10;10;10;950083;1726181592149176657
56;7;4;200;10;10;10;1093111;1726181592159171254
57;7;4;200;10;10;10;948795;1726181592169172432
58;7;4;200;10;10;10;953418;1726181592179186812
59;7;4;200;10;10;10;935645;1726181592189188270
60;7;4;200;10;10;10;967881;1726181592199183566
61;7;4;200;10;10;10;952804;1726181592209172804
62;7;4;200;10;10;10;970435;1726181592219173501
63;7;4;200;10;10;10;954533;1726181592229167958
64;7;4;200;10;10;10;1008477;1726181592239172702
65;7;4;200;10;10;10;952601;1726181592249173324
66;7;4;200;10;10;10;1086141;1726181592259171343
67;7;4;200;10;10;10;959296;1726181592269167329
68;7;4;200;10;10;10;969399;1726181592279177405
69;7;4;200;10;10;10;959538;1726181592289174980
70;7;4;200;10;10;10;975636;1726181592299173292
71;7;4;200;10;10;10;950990;1726181592309169349
72;7;4;200;10;10;10;1017600;1726181592319171819
73;7;4;200;10;10;10;949864;1726181592329170814
74;7;4;200;10;10;10;1006527;1726181592339170057
75;7;4;200;10;10;10;948577;1726181592349168320
76;7;4;200;10;10;10;1131658;1726181592359177277
77;7;4;200;10;10;10;962889;1726181592369160980
78;7;4;200;10;10;10;980881;1726181592379171886
79;7;4;200;10;10;10;948463;1726181592389171429
80;7;4;200;10;10;10;1001831;1726181592399171600
81;7;4;200;10;10;10;952692;1726181592409167125
82;7;4;200;10;10;10;972641;1726181592419173468
83;7;4;200;10;10;10;960028;1726181592429166794
84;7;4;200;10;10;10;1004595;1726181592439176676
85;7;4;200;10;10;10;976280;1726181592449141700
86;7;4;200;10;10;10;1034896;1726181592459140882
87;7;4;200;10;10;10;978889;1726181592469141992
88;7;4;200;10;10;10;998328;1726181592479139758
89;7;4;200;10;10;10;980659;1726181592489137722
90;7;4;200;10;10;10;993086;1726181592499136541
91;7;4;200;10;10;10;978211;1726181592509138886
92;7;4;200;10;10;10;996367;1726181592519140645
93;7;4;200;10;10;10;976711;1726181592529137597
94;7;4;200;10;10;10;990198;1726181592539141149
95;7;4;200;10;10;10;954414;1726181592549182893
96;7;4;200;10;10;10;1060396;1726181592559172446
97;7;4;200;10;10;10;965865;1726181592569167204
98;7;4;200;10;10;10;976491;1726181592579182737
99;7;4;200;10;10;10;1148201;1726181592589171016
0;7;5;200;10;10;10;1320550;1726181591599284723
1;7;5;200;10;10;10;1185495;1726181591609273209
2;7;5;200;10;10;10;1338313;1726181591619299562
3;7;5;200;10;10;10;1167731;1726181591629167482
4;7;5;200;10;10;10;1193536;1726181591639180249
5;7;5;200;10;10;10;1185321;1726181591649139971
6;7;5;200;10;10;10;1185776;1726181591659088007
7;7;5;200;10;10;10;1190969;1726181591669141180
8;7;5;200;10;10;10;1217121;1726181591679144717
9;7;5;200;10;10;10;1185986;1726181591689141135
10;7;5;200;10;10;10;1206177;1726181591699144614
11;7;5;200;10;10;10;1183907;1726181591709140504
12;7;5;200;10;10;10;1207929;1726181591719141243
13;7;5;200;10;10;10;1202510;1726181591729097818
14;7;5;200;10;10;10;1229890;1726181591739148385
15;7;5;200;10;10;10;1170888;1726181591749143655
16;7;5;200;10;10;10;1261045;1726181591759145563
17;7;5;200;10;10;10;1159801;1726181591769140583
18;7;5;200;10;10;10;1190533;1726181591779140820
19;7;5;200;10;10;10;1165682;1726181591789145633
20;7;5;200;10;10;10;1181763;1726181591799082508
21;7;5;200;10;10;10;1155757;1726181591809145795
22;7;5;200;10;10;10;1178470;1726181591819143040
23;7;5;200;10;10;10;1157029;1726181591829145927
24;7;5;200;10;10;10;1179498;1726181591839138393
25;7;5;200;10;10;10;1153934;1726181591849140547
26;7;5;200;10;10;10;1282656;1726181591859146916
27;7;5;200;10;10;10;1162567;1726181591869142289
28;7;5;200;10;10;10;1191713;1726181591879145198
29;7;5;200;10;10;10;1161166;1726181591889141518
30;7;5;200;10;10;10;1182669;1726181591899139096
31;7;5;200;10;10;10;1163721;1726181591909144052
32;7;5;200;10;10;10;1193040;1726181591919143887
33;7;5;200;10;10;10;1157172;1726181591929141397
34;7;5;200;10;10;10;1176914;1726181591939144880
35;7;5;200;10;10;10;1127225;1726181591949181763
36;7;5;200;10;10;10;1238275;1726181591959175503
37;7;5;200;10;10;10;1111560;1726181591969184958
38;7;5;200;10;10;10;1169939;1726181591979177323
39;7;5;200;10;10;10;1125866;1726181591989178005
40;7;5;200;10;10;10;1172345;1726181591999187687
41;7;5;200;10;10;10;1123222;1726181592009184176
42;7;5;200;10;10;10;1158913;1726181592019178902
43;7;5;200;10;10;10;1145961;1726181592029171001
44;7;5;200;10;10;10;1143539;1726181592039184509
45;7;5;200;10;10;10;1131811;1726181592049174013
46;7;5;200;10;10;10;1236259;1726181592059176877
47;7;5;200;10;10;10;1127301;1726181592069180088
48;7;5;200;10;10;10;1135135;1726181592079182414
49;7;5;200;10;10;10;1125820;1726181592089176504
50;7;5;200;10;10;10;1184893;1726181592099170786
51;7;5;200;10;10;10;1126837;1726181592109183681
52;7;5;200;10;10;10;1140695;1726181592119181669
53;7;5;200;10;10;10;1118463;1726181592129185012
54;7;5;200;10;10;10;1140629;1726181592139178836
55;7;5;200;10;10;10;1128963;1726181592149180568
56;7;5;200;10;10;10;1268338;1726181592159180521
57;7;5;200;10;10;10;1126614;1726181592169175949
58;7;5;200;10;10;10;1129241;1726181592179190967
59;7;5;200;10;10;10;1110342;1726181592189195986
60;7;5;200;10;10;10;1137115;1726181592199196392
61;7;5;200;10;10;10;1119905;1726181592209187690
62;7;5;200;10;10;10;1145473;1726181592219180284
63;7;5;200;10;10;10;1129954;1726181592229174862
64;7;5;200;10;10;10;1186344;1726181592239176484
65;7;5;200;10;10;10;1130148;1726181592249177217
66;7;5;200;10;10;10;1259737;1726181592259178635
67;7;5;200;10;10;10;1137832;1726181592269170761
68;7;5;200;10;10;10;1145521;1726181592279183318
69;7;5;200;10;10;10;1141041;1726181592289179013
70;7;5;200;10;10;10;1152982;1726181592299177083
71;7;5;200;10;10;10;1126139;1726181592309174554
72;7;5;200;10;10;10;1188488;1726181592319182427
73;7;5;200;10;10;10;1126024;1726181592329175871
74;7;5;200;10;10;10;1184150;1726181592339174027
75;7;5;200;10;10;10;1124648;1726181592349174045
76;7;5;200;10;10;10;1309286;1726181592359181852
77;7;5;200;10;10;10;1139283;1726181592369168612
78;7;5;200;10;10;10;1157532;1726181592379177471
79;7;5;200;10;10;10;1126117;1726181592389175196
80;7;5;200;10;10;10;1176963;1726181592399178277
81;7;5;200;10;10;10;1129467;1726181592409171640
82;7;5;200;10;10;10;1134180;1726181592419192719
83;7;5;200;10;10;10;1125447;1726181592429183872
84;7;5;200;10;10;10;1179830;1726181592439182507
85;7;5;200;10;10;10;1159077;1726181592449145314
86;7;5;200;10;10;10;1217728;1726181592459144814
87;7;5;200;10;10;10;1162700;1726181592469145663
88;7;5;200;10;10;10;1179287;1726181592479143699
89;7;5;200;10;10;10;1161773;1726181592489141263
90;7;5;200;10;10;10;1175682;1726181592499140205
91;7;5;200;10;10;10;1159402;1726181592509142708
92;7;5;200;10;10;10;1177711;1726181592519144522
93;7;5;200;10;10;10;1160520;1726181592529141128
94;7;5;200;10;10;10;1172521;1726181592539145059
95;7;5;200;10;10;10;1133298;1726181592549187180
96;7;5;200;10;10;10;1234150;1726181592559182524
97;7;5;200;10;10;10;1132094;1726181592569184547
98;7;5;200;10;10;10;1155735;1726181592579186747
99;7;5;200;10;10;10;1342281;1726181592589174720
0;7;6;200;10;10;10;1501521;1726181591599292967
1;7;6;200;10;10;10;1361476;1726181591609284679
2;7;6;200;10;10;10;1516485;1726181591619309098
3;7;6;200;10;10;10;1342732;1726181591629179173
4;7;6;200;10;10;10;1367355;1726181591639187716
5;7;6;200;10;10;10;1372777;1726181591649144083
6;7;6;200;10;10;10;1369327;1726181591659094202
7;7;6;200;10;10;10;1378377;1726181591669144801
8;7;6;200;10;10;10;1404057;1726181591679148754
9;7;6;200;10;10;10;1373670;1726181591689145089
10;7;6;200;10;10;10;1392295;1726181591699148661
11;7;6;200;10;10;10;1372262;1726181591709144560
12;7;6;200;10;10;10;1393246;1726181591719145371
13;7;6;200;10;10;10;1389764;1726181591729102451
14;7;6;200;10;10;10;1415913;1726181591739153025
15;7;6;200;10;10;10;1353342;1726181591749147689
16;7;6;200;10;10;10;1421863;1726181591759170184
17;7;6;200;10;10;10;1341828;1726181591769144173
18;7;6;200;10;10;10;1371547;1726181591779144784
19;7;6;200;10;10;10;1348019;1726181591789149458
20;7;6;200;10;10;10;1359781;1726181591799090986
21;7;6;200;10;10;10;1337881;1726181591809149782
22;7;6;200;10;10;10;1359898;1726181591819147146
23;7;6;200;10;10;10;1339640;1726181591829149910
24;7;6;200;10;10;10;1360580;1726181591839142354
25;7;6;200;10;10;10;1326919;1726181591849154873
26;7;6;200;10;10;10;1464124;1726181591859151817
27;7;6;200;10;10;10;1345456;1726181591869145897
28;7;6;200;10;10;10;1372795;1726181591879149066
29;7;6;200;10;10;10;1344642;1726181591889145322
30;7;6;200;10;10;10;1364684;1726181591899143077
31;7;6;200;10;10;10;1344900;1726181591909147990
32;7;6;200;10;10;10;1361586;1726181591919160853
33;7;6;200;10;10;10;1337716;1726181591929145284
34;7;6;200;10;10;10;1358594;1726181591939148890
35;7;6;200;10;10;10;1292414;1726181591949198951
36;7;6;200;10;10;10;1418206;1726181591959179812
37;7;6;200;10;10;10;1289003;1726181591969189203
38;7;6;200;10;10;10;1344139;1726181591979184085
39;7;6;200;10;10;10;1303368;1726181591989181919
40;7;6;200;10;10;10;1349584;1726181591999191377
41;7;6;200;10;10;10;1287663;1726181592009201888
42;7;6;200;10;10;10;1337949;1726181592019186145
43;7;6;200;10;10;10;1319921;1726181592029178386
44;7;6;200;10;10;10;1319805;1726181592039188766
45;7;6;200;10;10;10;1306107;1726181592049180763
46;7;6;200;10;10;10;1411742;1726181592059182458
47;7;6;200;10;10;10;1297069;1726181592069192546
48;7;6;200;10;10;10;1306812;1726181592079191625
49;7;6;200;10;10;10;1301375;1726181592089182793
50;7;6;200;10;10;10;1359552;1726181592099178211
51;7;6;200;10;10;10;1304421;1726181592109188412
52;7;6;200;10;10;10;1315125;1726181592119188542
53;7;6;200;10;10;10;1292863;1726181592129192452
54;7;6;200;10;10;10;1315919;1726181592139182840
55;7;6;200;10;10;10;1296459;1726181592149194572
56;7;6;200;10;10;10;1449648;1726181592159184771
57;7;6;200;10;10;10;1299005;1726181592169184949
58;7;6;200;10;10;10;1302269;1726181592179198498
59;7;6;200;10;10;10;1285661;1726181592189202781
60;7;6;200;10;10;10;1299042;1726181592199216366
61;7;6;200;10;10;10;1294740;1726181592209194446
62;7;6;200;10;10;10;1319064;1726181592219188434
63;7;6;200;10;10;10;1303627;1726181592229183603
64;7;6;200;10;10;10;1359943;1726181592239183906
65;7;6;200;10;10;10;1306451;1726181592249182801
66;7;6;200;10;10;10;1434623;1726181592259185465
67;7;6;200;10;10;10;1310766;1726181592269179876
68;7;6;200;10;10;10;1321920;1726181592279188449
69;7;6;200;10;10;10;1313256;1726181592289192290
70;7;6;200;10;10;10;1327183;1726181592299184359
71;7;6;200;10;10;10;1300636;1726181592309181224
72;7;6;200;10;10;10;1366809;1726181592319186878
73;7;6;200;10;10;10;1301547;1726181592329182718
74;7;6;200;10;10;10;1358604;1726181592339182069
75;7;6;200;10;10;10;1298191;1726181592349180142
76;7;6;200;10;10;10;1480332;1726181592359192758
77;7;6;200;10;10;10;1315425;1726181592369175848
78;7;6;200;10;10;10;1332897;1726181592379184724
79;7;6;200;10;10;10;1301227;1726181592389182046
80;7;6;200;10;10;10;1343059;1726181592399195612
81;7;6;200;10;10;10;1304012;1726181592409178517
82;7;6;200;10;10;10;1311727;1726181592419197382
83;7;6;200;10;10;10;1303591;1726181592429188460
84;7;6;200;10;10;10;1356722;1726181592439186588
85;7;6;200;10;10;10;1342343;1726181592449149359
86;7;6;200;10;10;10;1399410;1726181592459148910
87;7;6;200;10;10;10;1332309;1726181592469162716
88;7;6;200;10;10;10;1342961;1726181592479164860
89;7;6;200;10;10;10;1344137;1726181592489145120
90;7;6;200;10;10;10;1358229;1726181592499144135
91;7;6;200;10;10;10;1342902;1726181592509146600
92;7;6;200;10;10;10;1357993;1726181592519148520
93;7;6;200;10;10;10;1343560;1726181592529145217
94;7;6;200;10;10;10;1354812;1726181592539148992
95;7;6;200;10;10;10;1308627;1726181592549193917
96;7;6;200;10;10;10;1413670;1726181592559187718
97;7;6;200;10;10;10;1312812;1726181592569188956
98;7;6;200;10;10;10;1336133;1726181592579190463
99;7;6;200;10;10;10;1566290;1726181592589181362
0;7;7;200;10;10;10;1664934;1726181591599319445
1;7;7;200;10;10;10;1540193;1726181591609293167
2;7;7;200;10;10;10;1696200;1726181591619318455
3;7;7;200;10;10;10;1521845;1726181591629186493
4;7;7;200;10;10;10;1544379;1726181591639192359
5;7;7;200;10;10;10;1556202;1726181591649151167
6;7;7;200;10;10;10;1548011;1726181591659105745
7;7;7;200;10;10;10;1556585;1726181591669159209
8;7;7;200;10;10;10;1575678;1726181591679168353
9;7;7;200;10;10;10;1545796;1726181591689164345
10;7;7;200;10;10;10;1579296;1726181591699152675
11;7;7;200;10;10;10;1561076;1726181591709148628
12;7;7;200;10;10;10;1569562;1726181591719159673
13;7;7;200;10;10;10;1578691;1726181591729107188
14;7;7;200;10;10;10;1593356;1726181591739167580
15;7;7;200;10;10;10;1536214;1726181591749151832
16;7;7;200;10;10;10;1601324;1726181591759176480
17;7;7;200;10;10;10;1524857;1726181591769147789
18;7;7;200;10;10;10;1551838;1726181591779150292
19;7;7;200;10;10;10;1530227;1726181591789154194
20;7;7;200;10;10;10;1524083;1726181591799112917
21;7;7;200;10;10;10;1505213;1726181591809168494
22;7;7;200;10;10;10;1520152;1726181591819171485
23;7;7;200;10;10;10;1521843;1726181591829153885
24;7;7;200;10;10;10;1541889;1726181591839146370
25;7;7;200;10;10;10;1504447;1726181591849164120
26;7;7;200;10;10;10;1635399;1726181591859166953
27;7;7;200;10;10;10;1510649;1726181591869167811
28;7;7;200;10;10;10;1540836;1726181591879166271
29;7;7;200;10;10;10;1521934;1726181591889152798
30;7;7;200;10;10;10;1530289;1726181591899163879
31;7;7;200;10;10;10;1514408;1726181591909165143
32;7;7;200;10;10;10;1534798;1726181591919172715
33;7;7;200;10;10;10;1502264;1726181591929166138
34;7;7;200;10;10;10;1525605;1726181591939168433
35;7;7;200;10;10;10;1469703;1726181591949204007
36;7;7;200;10;10;10;1596657;1726181591959186524
37;7;7;200;10;10;10;1467944;1726181591969192817
38;7;7;200;10;10;10;1515778;1726181591979194062
39;7;7;200;10;10;10;1478434;1726181591989189335
40;7;7;200;10;10;10;1519308;1726181591999202700
41;7;7;200;10;10;10;1464889;1726181592009207049
42;7;7;200;10;10;10;1515072;1726181592019196401
43;7;7;200;10;10;10;1496813;1726181592029182337
44;7;7;200;10;10;10;1494757;1726181592039195862
45;7;7;200;10;10;10;1478023;1726181592049189495
46;7;7;200;10;10;10;1586205;1726181592059189191
47;7;7;200;10;10;10;1471135;1726181592069201222
48;7;7;200;10;10;10;1484567;1726181592079195764
49;7;7;200;10;10;10;1473514;1726181592089193381
50;7;7;200;10;10;10;1533247;1726181592099186106
51;7;7;200;10;10;10;1482419;1726181592109192366
52;7;7;200;10;10;10;1488035;1726181592119197389
53;7;7;200;10;10;10;1469861;1726181592129196732
54;7;7;200;10;10;10;1486117;1726181592139192696
55;7;7;200;10;10;10;1469154;1726181592149204047
56;7;7;200;10;10;10;1623590;1726181592159196581
57;7;7;200;10;10;10;1476849;1726181592169188788
58;7;7;200;10;10;10;1475551;1726181592179205344
59;7;7;200;10;10;10;1462935;1726181592189208044
60;7;7;200;10;10;10;1475353;1726181592199221642
61;7;7;200;10;10;10;1461023;1726181592209210190
62;7;7;200;10;10;10;1496131;1726181592219192936
63;7;7;200;10;10;10;1481313;1726181592229188036
64;7;7;200;10;10;10;1531945;1726181592239193199
65;7;7;200;10;10;10;1480090;1726181592249190166
66;7;7;200;10;10;10;1608346;1726181592259192285
67;7;7;200;10;10;10;1487247;1726181592269185165
68;7;7;200;10;10;10;1495632;1726181592279196025
69;7;7;200;10;10;10;1496038;1726181592289197158
70;7;7;200;10;10;10;1499391;1726181592299194325
71;7;7;200;10;10;10;1472989;1726181592309190013
72;7;7;200;10;10;10;1537428;1726181592319199781
73;7;7;200;10;10;10;1474700;1726181592329191339
74;7;7;200;10;10;10;1534748;1726181592339188642
75;7;7;200;10;10;10;1463374;1726181592349196622
76;7;7;200;10;10;10;1652651;1726181592359201064
77;7;7;200;10;10;10;1481834;1726181592369194161
78;7;7;200;10;10;10;1503578;1726181592379195443
79;7;7;200;10;10;10;1475342;1726181592389189459
80;7;7;200;10;10;10;1520541;1726181592399200942
81;7;7;200;10;10;10;1474272;1726181592409188461
82;7;7;200;10;10;10;1490703;1726181592419201675
83;7;7;200;10;10;10;1480720;1726181592429192515
84;7;7;200;10;10;10;1529621;1726181592439194160
85;7;7;200;10;10;10;1524320;1726181592449153309
86;7;7;200;10;10;10;1566479;1726181592459168399
87;7;7;200;10;10;10;1514276;1726181592469167379
88;7;7;200;10;10;10;1523619;1726181592479169902
89;7;7;200;10;10;10;1526737;1726181592489149011
90;7;7;200;10;10;10;1541062;1726181592499148052
91;7;7;200;10;10;10;1522627;1726181592509153274
92;7;7;200;10;10;10;1523350;1726181592519168094
93;7;7;200;10;10;10;1513836;1726181592529162108
94;7;7;200;10;10;10;1526137;1726181592539163713
95;7;7;200;10;10;10;1487081;1726181592549199526
96;7;7;200;10;10;10;1591753;1726181592559194122
97;7;7;200;10;10;10;1495057;1726181592569192443
98;7;7;200;10;10;10;1515894;1726181592579195504
99;7;7;200;10;10;10;1746422;1726181592589185948
0;7;8;200;10;10;10;1843371;1726181591599328299
1;7;8;200;10;10;10;1717879;1726181591609302665
2;7;8;200;10;10;10;1874765;1726181591619327858
3;7;8;200;10;10;10;1694219;1726181591629201781
4;7;8;200;10;10;10;1719932;1726181591639198867
5;7;8;200;10;10;10;1738770;1726181591649158601
6;7;8;200;10;10;10;1725607;1726181591659119759
7;7;8;200;10;10;10;1736918;1726181591669170542
8;7;8;200;10;10;10;1761026;1726181591679173256
9;7;8;200;10;10;10;1732423;1726181591689169409
10;7;8;200;10;10;10;1754879;1726181591699167560
11;7;8;200;10;10;10;1739353;1726181591709163177
12;7;8;200;10;10;10;1753698;1726181591719165689
13;7;8;200;10;10;10;1766590;1726181591729112377
14;7;8;200;10;10;10;1777564;1726181591739175129
15;7;8;200;10;10;10;1708016;1726181591749166446
16;7;8;200;10;10;10;1783062;1726181591759181089
17;7;8;200;10;10;10;1695055;1726181591769163381
18;7;8;200;10;10;10;1722428;1726181591779165004
19;7;8;200;10;10;10;1703739;1726181591789168271
20;7;8;200;10;10;10;1705470;1726181591799117090
21;7;8;200;10;10;10;1686641;1726181591809173138
22;7;8;200;10;10;10;1699628;1726181591819176545
23;7;8;200;10;10;10;1694918;1726181591829168005
24;7;8;200;10;10;10;1710784;1726181591839162359
25;7;8;200;10;10;10;1682857;1726181591849173129
26;7;8;200;10;10;10;1809814;1726181591859178918
27;7;8;200;10;10;10;1692706;1726181591869172656
28;7;8;200;10;10;10;1714737;1726181591879178340
29;7;8;200;10;10;10;1694790;1726181591889166490
30;7;8;200;10;10;10;1711206;1726181591899168780
31;7;8;200;10;10;10;1689311;1726181591909177268
32;7;8;200;10;10;10;1717188;1726181591919177186
33;7;8;200;10;10;10;1682693;1726181591929171156
34;7;8;200;10;10;10;1706701;1726181591939173409
35;7;8;200;10;10;10;1646878;1726181591949207933
36;7;8;200;10;10;10;1773788;1726181591959195832
37;7;8;200;10;10;10;1644586;1726181591969196668
38;7;8;200;10;10;10;1690656;1726181591979199530
39;7;8;200;10;10;10;1653528;1726181591989196371
40;7;8;200;10;10;10;1693069;1726181591999210030
41;7;8;200;10;10;10;1642319;1726181592009211057
42;7;8;200;10;10;10;1693376;1726181592019203696
43;7;8;200;10;10;10;1670431;1726181592029189287
44;7;8;200;10;10;10;1665798;1726181592039206428
45;7;8;200;10;10;10;1654413;1726181592049195088
46;7;8;200;10;10;10;1756525;1726181592059199196
47;7;8;200;10;10;10;1649047;1726181592069205567
48;7;8;200;10;10;10;1661317;1726181592079201212
49;7;8;200;10;10;10;1650620;1726181592089198022
50;7;8;200;10;10;10;1708715;1726181592099191698
51;7;8;200;10;10;10;1660763;1726181592109196267
52;7;8;200;10;10;10;1664435;1726181592119201968
53;7;8;200;10;10;10;1644520;1726181592129203741
54;7;8;200;10;10;10;1657493;1726181592139199895
55;7;8;200;10;10;10;1645273;1726181592149210102
56;7;8;200;10;10;10;1801483;1726181592159205086
57;7;8;200;10;10;10;1652999;1726181592169196204
58;7;8;200;10;10;10;1648926;1726181592179212936
59;7;8;200;10;10;10;1637286;1726181592189215306
60;7;8;200;10;10;10;1653781;1726181592199226013
61;7;8;200;10;10;10;1637446;1726181592209215312
62;7;8;200;10;10;10;1666645;1726181592219204852
63;7;8;200;10;10;10;1655365;1726181592229196170
64;7;8;200;10;10;10;1708201;1726181592239197907
65;7;8;200;10;10;10;1655035;1726181592249197690
66;7;8;200;10;10;10;1782424;1726181592259199115
67;7;8;200;10;10;10;1662524;1726181592269191632
68;7;8;200;10;10;10;1666503;1726181592279205952
69;7;8;200;10;10;10;1673783;1726181592289205737
70;7;8;200;10;10;10;1672426;1726181592299203673
71;7;8;200;10;10;10;1646151;1726181592309196899
72;7;8;200;10;10;10;1713771;1726181592319206885
73;7;8;200;10;10;10;1652005;1726181592329195553
74;7;8;200;10;10;10;1710216;1726181592339195514
75;7;8;200;10;10;10;1641081;1726181592349201686
76;7;8;200;10;10;10;1828820;1726181592359205169
77;7;8;200;10;10;10;1660418;1726181592369199209
78;7;8;200;10;10;10;1679817;1726181592379200582
79;7;8;200;10;10;10;1648150;1726181592389198740
80;7;8;200;10;10;10;1697862;1726181592399204631
81;7;8;200;10;10;10;1651513;1726181592409192875
82;7;8;200;10;10;10;1668860;1726181592419205409
83;7;8;200;10;10;10;1659234;1726181592429196351
84;7;8;200;10;10;10;1703991;1726181592439200897
85;7;8;200;10;10;10;1696644;1726181592449167475
86;7;8;200;10;10;10;1746792;1726181592459173621
87;7;8;200;10;10;10;1697095;1726181592469170964
88;7;8;200;10;10;10;1704569;1726181592479174014
89;7;8;200;10;10;10;1694920;1726181592489165027
90;7;8;200;10;10;10;1713407;1726181592499162551
91;7;8;200;10;10;10;1702674;1726181592509159408
92;7;8;200;10;10;10;1703529;1726181592519173264
93;7;8;200;10;10;10;1688016;1726181592529173762
94;7;8;200;10;10;10;1705002;1726181592539171857
95;7;8;200;10;10;10;1664430;1726181592549206391
96;7;8;200;10;10;10;1764624;1726181592559205447
97;7;8;200;10;10;10;1676064;1726181592569196031
98;7;8;200;10;10;10;1693704;1726181592579203058
99;7;8;200;10;10;10;1927318;1726181592589192091
0;7;9;200;10;10;10;2022418;1726181591599336602
1;7;9;200;10;10;10;1896279;1726181591609312454
2;7;9;200;10;10;10;2055819;1726181591619339007
3;7;9;200;10;10;10;1861553;1726181591629223890
4;7;9;200;10;10;10;1894769;1726181591639206925
5;7;9;200;10;10;10;1927258;1726181591649163155
6;7;9;200;10;10;10;1912884;1726181591659124692
7;7;9;200;10;10;10;1921509;1726181591669179018
8;7;9;200;10;10;10;1950399;1726181591679177508
9;7;9;200;10;10;10;1921312;1726181591689173645
10;7;9;200;10;10;10;1935555;1726181591699179429
11;7;9;200;10;10;10;1926199;1726181591709170339
12;7;9;200;10;10;10;1937043;1726181591719174625
13;7;9;200;10;10;10;1947852;1726181591729125029
14;7;9;200;10;10;10;1961338;1726181591739184785
15;7;9;200;10;10;10;1889173;1726181591749174866
16;7;9;200;10;10;10;1967722;1726181591759185276
17;7;9;200;10;10;10;1864301;1726181591769181700
18;7;9;200;10;10;10;1894397;1726181591779179336
19;7;9;200;10;10;10;1881222;1726181591789178269
20;7;9;200;10;10;10;1874685;1726181591799135705
21;7;9;200;10;10;10;1870600;1726181591809177201
22;7;9;200;10;10;10;1882140;1726181591819180755
23;7;9;200;10;10;10;1872092;1726181591829179608
24;7;9;200;10;10;10;1884549;1726181591839175092
25;7;9;200;10;10;10;1863225;1726181591849181097
26;7;9;200;10;10;10;1992514;1726181591859183821
27;7;9;200;10;10;10;1876995;1726181591869176317
28;7;9;200;10;10;10;1896757;1726181591879182970
29;7;9;200;10;10;10;1876880;1726181591889170999
30;7;9;200;10;10;10;1895114;1726181591899172928
31;7;9;200;10;10;10;1872664;1726181591909183840
32;7;9;200;10;10;10;1896575;1726181591919185717
33;7;9;200;10;10;10;1866433;1726181591929175337
34;7;9;200;10;10;10;1890825;1726181591939177679
35;7;9;200;10;10;10;1826242;1726181591949211786
36;7;9;200;10;10;10;1955089;1726181591959201573
37;7;9;200;10;10;10;1822567;1726181591969200731
38;7;9;200;10;10;10;1864392;1726181591979208975
39;7;9;200;10;10;10;1830526;1726181591989203973
40;7;9;200;10;10;10;1862493;1726181591999223719
41;7;9;200;10;10;10;1823209;1726181592009214562
42;7;9;200;10;10;10;1872924;1726181592019212561
43;7;9;200;10;10;10;1847245;1726181592029196057
44;7;9;200;10;10;10;1839430;1726181592039215307
45;7;9;200;10;10;10;1831202;1726181592049202297
46;7;9;200;10;10;10;1929514;1726181592059209502
47;7;9;200;10;10;10;1820556;1726181592069217199
48;7;9;200;10;10;10;1838238;1726181592079208566
49;7;9;200;10;10;10;1829634;1726181592089202890
50;7;9;200;10;10;10;1886215;1726181592099197752
51;7;9;200;10;10;10;1836750;1726181592109205396
52;7;9;200;10;10;10;1843988;1726181592119206015
53;7;9;200;10;10;10;1821636;1726181592129210534
54;7;9;200;10;10;10;1830098;1726181592139209159
55;7;9;200;10;10;10;1822248;1726181592149217323
56;7;9;200;10;10;10;1978768;1726181592159214661
57;7;9;200;10;10;10;1830081;1726181592169203489
58;7;9;200;10;10;10;1824684;1726181592179220023
59;7;9;200;10;10;10;1814620;1726181592189222347
60;7;9;200;10;10;10;1822201;1726181592199241498
61;7;9;200;10;10;10;1813052;1726181592209223986
62;7;9;200;10;10;10;1844628;1726181592219211108
63;7;9;200;10;10;10;1826963;1726181592229207915
64;7;9;200;10;10;10;1883348;1726181592239206167
65;7;9;200;10;10;10;1832592;1726181592249205196
66;7;9;200;10;10;10;1960067;1726181592259206083
67;7;9;200;10;10;10;1828635;1726181592269208687
68;7;9;200;10;10;10;1846901;1726181592279210197
69;7;9;200;10;10;10;1857637;1726181592289210303
70;7;9;200;10;10;10;1852166;1726181592299208443
71;7;9;200;10;10;10;1819267;1726181592309206416
72;7;9;200;10;10;10;1892911;1726181592319212405
73;7;9;200;10;10;10;1828804;1726181592329202778
74;7;9;200;10;10;10;1887239;1726181592339202785
75;7;9;200;10;10;10;1820554;1726181592349205562
76;7;9;200;10;10;10;1978777;1726181592359238306
77;7;9;200;10;10;10;1842995;1726181592369202853
78;7;9;200;10;10;10;1855440;1726181592379207783
79;7;9;200;10;10;10;1828449;1726181592389203211
80;7;9;200;10;10;10;1877412;1726181592399208538
81;7;9;200;10;10;10;1827568;1726181592409199830
82;7;9;200;10;10;10;1848486;1726181592419209406
83;7;9;200;10;10;10;1828569;1726181592429211363
84;7;9;200;10;10;10;1879270;1726181592439208303
85;7;9;200;10;10;10;1879077;1726181592449172883
86;7;9;200;10;10;10;1929763;1726181592459177777
87;7;9;200;10;10;10;1881848;1726181592469174550
88;7;9;200;10;10;10;1887449;1726181592479177951
89;7;9;200;10;10;10;1870992;1726181592489175701
90;7;9;200;10;10;10;1887301;1726181592499176438
91;7;9;200;10;10;10;1885596;1726181592509163731
92;7;9;200;10;10;10;1889260;1726181592519177347
93;7;9;200;10;10;10;1854136;1726181592529195849
94;7;9;200;10;10;10;1884072;1726181592539180309
95;7;9;200;10;10;10;1844587;1726181592549213016
96;7;9;200;10;10;10;1945097;1726181592559210742
97;7;9;200;10;10;10;1859664;1726181592569200093
98;7;9;200;10;10;10;1864302;1726181592579218417
99;7;9;200;10;10;10;2105936;1726181592589202177
0;8;0;200;10;10;10;459126;1726181591599138973
1;8;0;200;10;10;10;361613;1726181591609140975
2;8;0;200;10;10;10;488004;1726181591619147767
3;8;0;200;10;10;10;321400;1726181591629087206
4;8;0;200;10;10;10;288991;1726181591639111599
5;8;0;200;10;10;10;279174;1726181591649099284
6;8;0;200;10;10;10;274406;1726181591659034335
7;8;0;200;10;10;10;280037;1726181591669100589
8;8;0;200;10;10;10;280029;1726181591679103716
9;8;0;200;10;10;10;274976;1726181591689101191
10;8;0;200;10;10;10;278380;1726181591699103802
11;8;0;200;10;10;10;274246;1726181591709100944
12;8;0;200;10;10;10;283432;1726181591719099757
13;8;0;200;10;10;10;292793;1726181591729043991
14;8;0;200;10;10;10;284645;1726181591739102194
15;8;0;200;10;10;10;276365;1726181591749102970
16;8;0;200;10;10;10;323229;1726181591759102100
17;8;0;200;10;10;10;273067;1726181591769101848
18;8;0;200;10;10;10;267772;1726181591779100909
19;8;0;200;10;10;10;276235;1726181591789106467
20;8;0;200;10;10;10;286419;1726181591799039848
21;8;0;200;10;10;10;269746;1726181591809106935
22;8;0;200;10;10;10;280538;1726181591819102841
23;8;0;200;10;10;10;268721;1726181591829106798
24;8;0;200;10;10;10;275358;1726181591839098642
25;8;0;200;10;10;10;269371;1726181591849100811
26;8;0;200;10;10;10;363576;1726181591859105443
27;8;0;200;10;10;10;274647;1726181591869103707
28;8;0;200;10;10;10;276384;1726181591879105866
29;8;0;200;10;10;10;273106;1726181591889102569
30;8;0;200;10;10;10;277482;1726181591899099556
31;8;0;200;10;10;10;278137;1726181591909105698
32;8;0;200;10;10;10;286582;1726181591919103613
33;8;0;200;10;10;10;269907;1726181591929102952
34;8;0;200;10;10;10;270391;1726181591939104805
35;8;0;200;10;10;10;291924;1726181591949110321
36;8;0;200;10;10;10;369135;1726181591959111322
37;8;0;200;10;10;10;287428;1726181591969109407
38;8;0;200;10;10;10;286636;1726181591979111991
39;8;0;200;10;10;10;288947;1726181591989111481
40;8;0;200;10;10;10;292127;1726181591999111079
41;8;0;200;10;10;10;290897;1726181592009111285
42;8;0;200;10;10;10;277863;1726181592019112519
43;8;0;200;10;10;10;300284;1726181592029110509
44;8;0;200;10;10;10;288414;1726181592039112893
45;8;0;200;10;10;10;290417;1726181592049109897
46;8;0;200;10;10;10;337955;1726181592059110730
47;8;0;200;10;10;10;292228;1726181592069109766
48;8;0;200;10;10;10;288492;1726181592079112359
49;8;0;200;10;10;10;286023;1726181592089110355
50;8;0;200;10;10;10;291616;1726181592099110057
51;8;0;200;10;10;10;291212;1726181592109111294
52;8;0;200;10;10;10;289152;1726181592119110825
53;8;0;200;10;10;10;292454;1726181592129109647
54;8;0;200;10;10;10;293540;1726181592139111820
55;8;0;200;10;10;10;291153;1726181592149110070
56;8;0;200;10;10;10;395297;1726181592159112319
57;8;0;200;10;10;10;287953;1726181592169110288
58;8;0;200;10;10;10;293863;1726181592179110282
59;8;0;200;10;10;10;288524;1726181592189111125
60;8;0;200;10;10;10;290971;1726181592199115812
61;8;0;200;10;10;10;289347;1726181592209110101
62;8;0;200;10;10;10;290573;1726181592219111227
63;8;0;200;10;10;10;287010;1726181592229110668
64;8;0;200;10;10;10;301830;1726181592239111910
65;8;0;200;10;10;10;291429;1726181592249110571
66;8;0;200;10;10;10;380636;1726181592259111992
67;8;0;200;10;10;10;291594;1726181592269110925
68;8;0;200;10;10;10;290120;1726181592279111580
69;8;0;200;10;10;10;282034;1726181592289110482
70;8;0;200;10;10;10;294220;1726181592299111646
71;8;0;200;10;10;10;288779;1726181592309111497
72;8;0;200;10;10;10;307682;1726181592319114331
73;8;0;200;10;10;10;289299;1726181592329110121
74;8;0;200;10;10;10;291449;1726181592339111833
75;8;0;200;10;10;10;286759;1726181592349108648
76;8;0;200;10;10;10;384440;1726181592359111208
77;8;0;200;10;10;10;287996;1726181592369109728
78;8;0;200;10;10;10;298714;1726181592379111388
79;8;0;200;10;10;10;288157;1726181592389111561
80;8;0;200;10;10;10;291084;1726181592399111974
81;8;0;200;10;10;10;291021;1726181592409109959
82;8;0;200;10;10;10;292361;1726181592419111748
83;8;0;200;10;10;10;287001;1726181592429111165
84;8;0;200;10;10;10;300478;1726181592439111048
85;8;0;200;10;10;10;270934;1726181592449106695
86;8;0;200;10;10;10;310670;1726181592459103813
87;8;0;200;10;10;10;270222;1726181592469107044
88;8;0;200;10;10;10;276314;1726181592479103706
89;8;0;200;10;10;10;278176;1726181592489102978
90;8;0;200;10;10;10;269584;1726181592499100915
91;8;0;200;10;10;10;270396;1726181592509103624
92;8;0;200;10;10;10;274374;1726181592519104535
93;8;0;200;10;10;10;267626;1726181592529103066
94;8;0;200;10;10;10;273286;1726181592539104790
95;8;0;200;10;10;10;295460;1726181592549110197
96;8;0;200;10;10;10;325001;1726181592559111718
97;8;0;200;10;10;10;290877;1726181592569110377
98;8;0;200;10;10;10;296220;1726181592579111335
99;8;0;200;10;10;10;310545;1726181592589110225
0;8;1;200;10;10;10;614300;1726181591599249779
1;8;1;200;10;10;10;506690;1726181591609214904
2;8;1;200;10;10;10;673101;1726181591619223344
3;8;1;200;10;10;10;471465;1726181591629130194
4;8;1;200;10;10;10;438272;1726181591639150938
5;8;1;200;10;10;10;454095;1726181591649122758
6;8;1;200;10;10;10;445175;1726181591659060433
7;8;1;200;10;10;10;454490;1726181591669124682
8;8;1;200;10;10;10;455231;1726181591679127684
9;8;1;200;10;10;10;451209;1726181591689124278
10;8;1;200;10;10;10;451727;1726181591699127635
11;8;1;200;10;10;10;448405;1726181591709123878
12;8;1;200;10;10;10;456063;1726181591719123899
13;8;1;200;10;10;10;466917;1726181591729073828
14;8;1;200;10;10;10;456131;1726181591739129410
15;8;1;200;10;10;10;447707;1726181591749126615
16;8;1;200;10;10;10;491192;1726181591759127219
17;8;1;200;10;10;10;443558;1726181591769124564
18;8;1;200;10;10;10;440373;1726181591779124153
19;8;1;200;10;10;10;446916;1726181591789129202
20;8;1;200;10;10;10;453878;1726181591799065232
21;8;1;200;10;10;10;441242;1726181591809129254
22;8;1;200;10;10;10;448675;1726181591819126378
23;8;1;200;10;10;10;439993;1726181591829129593
24;8;1;200;10;10;10;445283;1726181591839121992
25;8;1;200;10;10;10;440551;1726181591849123476
26;8;1;200;10;10;10;533931;1726181591859129454
27;8;1;200;10;10;10;444991;1726181591869126350
28;8;1;200;10;10;10;447998;1726181591879128901
29;8;1;200;10;10;10;443065;1726181591889125311
30;8;1;200;10;10;10;447635;1726181591899122790
31;8;1;200;10;10;10;448161;1726181591909127901
32;8;1;200;10;10;10;458007;1726181591919126700
33;8;1;200;10;10;10;441229;1726181591929125330
34;8;1;200;10;10;10;441185;1726181591939128178
35;8;1;200;10;10;10;444024;1726181591949146972
36;8;1;200;10;10;10;523828;1726181591959149695
37;8;1;200;10;10;10;438434;1726181591969146185
38;8;1;200;10;10;10;436606;1726181591979149427
39;8;1;200;10;10;10;442061;1726181591989148170
40;8;1;200;10;10;10;444031;1726181591999148568
41;8;1;200;10;10;10;443179;1726181592009147174
42;8;1;200;10;10;10;433990;1726181592019150709
43;8;1;200;10;10;10;452315;1726181592029147052
44;8;1;200;10;10;10;440875;1726181592039150672
45;8;1;200;10;10;10;443563;1726181592049146213
46;8;1;200;10;10;10;501656;1726181592059148799
47;8;1;200;10;10;10;443582;1726181592069147047
48;8;1;200;10;10;10;439949;1726181592079149710
49;8;1;200;10;10;10;439423;1726181592089146904
50;8;1;200;10;10;10;442882;1726181592099147389
51;8;1;200;10;10;10;444123;1726181592109148112
52;8;1;200;10;10;10;441342;1726181592119148172
53;8;1;200;10;10;10;443279;1726181592129146385
54;8;1;200;10;10;10;443862;1726181592139148962
55;8;1;200;10;10;10;444374;1726181592149146723
56;8;1;200;10;10;10;564389;1726181592159149919
57;8;1;200;10;10;10;439306;1726181592169147041
58;8;1;200;10;10;10;444941;1726181592179147697
59;8;1;200;10;10;10;440544;1726181592189147291
60;8;1;200;10;10;10;443921;1726181592199152966
61;8;1;200;10;10;10;443044;1726181592209146101
62;8;1;200;10;10;10;442378;1726181592219148257
63;8;1;200;10;10;10;439066;1726181592229146919
64;8;1;200;10;10;10;453487;1726181592239149138
65;8;1;200;10;10;10;443845;1726181592249147221
66;8;1;200;10;10;10;531475;1726181592259150055
67;8;1;200;10;10;10;443795;1726181592269147561
68;8;1;200;10;10;10;442915;1726181592279148498
69;8;1;200;10;10;10;439388;1726181592289146895
70;8;1;200;10;10;10;445995;1726181592299149171
71;8;1;200;10;10;10;441632;1726181592309147987
72;8;1;200;10;10;10;458573;1726181592319151984
73;8;1;200;10;10;10;442155;1726181592329146628
74;8;1;200;10;10;10;443402;1726181592339149304
75;8;1;200;10;10;10;438976;1726181592349145335
76;8;1;200;10;10;10;534883;1726181592359149136
77;8;1;200;10;10;10;440487;1726181592369146236
78;8;1;200;10;10;10;450229;1726181592379148864
79;8;1;200;10;10;10;439944;1726181592389148069
80;8;1;200;10;10;10;442879;1726181592399149441
81;8;1;200;10;10;10;442834;1726181592409146963
82;8;1;200;10;10;10;442581;1726181592419149410
83;8;1;200;10;10;10;439134;1726181592429147941
84;8;1;200;10;10;10;451674;1726181592439148377
85;8;1;200;10;10;10;442535;1726181592449128970
86;8;1;200;10;10;10;482487;1726181592459127625
87;8;1;200;10;10;10;442714;1726181592469129414
88;8;1;200;10;10;10;446647;1726181592479126874
89;8;1;200;10;10;10;448239;1726181592489125194
90;8;1;200;10;10;10;440115;1726181592499123537
91;8;1;200;10;10;10;442065;1726181592509126123
92;8;1;200;10;10;10;444560;1726181592519127876
93;8;1;200;10;10;10;439222;1726181592529125335
94;8;1;200;10;10;10;444656;1726181592539127726
95;8;1;200;10;10;10;450522;1726181592549147273
96;8;1;200;10;10;10;497920;1726181592559149695
97;8;1;200;10;10;10;444761;1726181592569147132
98;8;1;200;10;10;10;449275;1726181592579149071
99;8;1;200;10;10;10;541008;1726181592589146601
0;8;2;200;10;10;10;794992;1726181591599259481
1;8;2;200;10;10;10;671965;1726181591609238487
2;8;2;200;10;10;10;838620;1726181591619248052
3;8;2;200;10;10;10;651424;1726181591629138026
4;8;2;200;10;10;10;680363;1726181591639157284
5;8;2;200;10;10;10;641022;1726181591649128294
6;8;2;200;10;10;10;627395;1726181591659070289
7;8;2;200;10;10;10;641518;1726181591669130127
8;8;2;200;10;10;10;665722;1726181591679133368
9;8;2;200;10;10;10;638377;1726181591689129598
10;8;2;200;10;10;10;657831;1726181591699133360
11;8;2;200;10;10;10;635663;1726181591709129134
12;8;2;200;10;10;10;660218;1726181591719129587
13;8;2;200;10;10;10;656705;1726181591729079851
14;8;2;200;10;10;10;677126;1726181591739135576
15;8;2;200;10;10;10;632252;1726181591749132278
16;8;2;200;10;10;10;729072;1726181591759133075
17;8;2;200;10;10;10;625071;1726181591769129889
18;8;2;200;10;10;10;658738;1726181591779129632
19;8;2;200;10;10;10;629276;1726181591789134611
20;8;2;200;10;10;10;642271;1726181591799070768
21;8;2;200;10;10;10;623220;1726181591809134610
22;8;2;200;10;10;10;644774;1726181591819131867
23;8;2;200;10;10;10;622480;1726181591829134914
24;8;2;200;10;10;10;645144;1726181591839127307
25;8;2;200;10;10;10;622135;1726181591849128664
26;8;2;200;10;10;10;749301;1726181591859135207
27;8;2;200;10;10;10;626271;1726181591869131483
28;8;2;200;10;10;10;652579;1726181591879134296
29;8;2;200;10;10;10;626632;1726181591889130552
30;8;2;200;10;10;10;647681;1726181591899128264
31;8;2;200;10;10;10;630268;1726181591909133159
32;8;2;200;10;10;10;658082;1726181591919132264
33;8;2;200;10;10;10;624936;1726181591929130475
34;8;2;200;10;10;10;641498;1726181591939133542
35;8;2;200;10;10;10;623086;1726181591949152431
36;8;2;200;10;10;10;711773;1726181591959155420
37;8;2;200;10;10;10;603643;1726181591969163649
38;8;2;200;10;10;10;660604;1726181591979155208
39;8;2;200;10;10;10;616290;1726181591989156509
40;8;2;200;10;10;10;649584;1726181591999174729
41;8;2;200;10;10;10;620177;1726181592009154454
42;8;2;200;10;10;10;631627;1726181592019156448
43;8;2;200;10;10;10;630969;1726181592029152513
44;8;2;200;10;10;10;637320;1726181592039156287
45;8;2;200;10;10;10;618650;1726181592049153851
46;8;2;200;10;10;10;724650;1726181592059154609
47;8;2;200;10;10;10;622393;1726181592069152242
48;8;2;200;10;10;10;624110;1726181592079157255
49;8;2;200;10;10;10;615017;1726181592089154039
50;8;2;200;10;10;10;667170;1726181592099153030
51;8;2;200;10;10;10;623913;1726181592109153745
52;8;2;200;10;10;10;636682;1726181592119153822
53;8;2;200;10;10;10;618373;1726181592129153576
54;8;2;200;10;10;10;637063;1726181592139154704
55;8;2;200;10;10;10;621964;1726181592149152122
56;8;2;200;10;10;10;750961;1726181592159155843
57;8;2;200;10;10;10;613368;1726181592169156708
58;8;2;200;10;10;10;622608;1726181592179168254
59;8;2;200;10;10;10;600006;1726181592189170643
60;8;2;200;10;10;10;624589;1726181592199173645
61;8;2;200;10;10;10;609016;1726181592209164028
62;8;2;200;10;10;10;633909;1726181592219156017
63;8;2;200;10;10;10;616291;1726181592229154524
64;8;2;200;10;10;10;675383;1726181592239154660
65;8;2;200;10;10;10;610352;1726181592249164403
66;8;2;200;10;10;10;749412;1726181592259158664
67;8;2;200;10;10;10;623000;1726181592269152699
68;8;2;200;10;10;10;624016;1726181592279168396
69;8;2;200;10;10;10;621934;1726181592289152401
70;8;2;200;10;10;10;642430;1726181592299154747
71;8;2;200;10;10;10;618926;1726181592309153472
72;8;2;200;10;10;10;680356;1726181592319157557
73;8;2;200;10;10;10;617760;1726181592329153812
74;8;2;200;10;10;10;667256;1726181592339154747
75;8;2;200;10;10;10;615177;1726181592349152391
76;8;2;200;10;10;10;800571;1726181592359156419
77;8;2;200;10;10;10;619465;1726181592369151456
78;8;2;200;10;10;10;643984;1726181592379154672
79;8;2;200;10;10;10;617375;1726181592389153404
80;8;2;200;10;10;10;662609;1726181592399158644
81;8;2;200;10;10;10;619244;1726181592409152508
82;8;2;200;10;10;10;636577;1726181592419155180
83;8;2;200;10;10;10;618006;1726181592429153431
84;8;2;200;10;10;10;660634;1726181592439167628
85;8;2;200;10;10;10;624819;1726181592449134286
86;8;2;200;10;10;10;681057;1726181592459133168
87;8;2;200;10;10;10;625653;1726181592469134684
88;8;2;200;10;10;10;644157;1726181592479132317
89;8;2;200;10;10;10;630784;1726181592489130408
90;8;2;200;10;10;10;639458;1726181592499129068
91;8;2;200;10;10;10;624982;1726181592509131455
92;8;2;200;10;10;10;643907;1726181592519133300
93;8;2;200;10;10;10;622873;1726181592529130497
94;8;2;200;10;10;10;635065;1726181592539133377
95;8;2;200;10;10;10;614823;1726181592549168476
96;8;2;200;10;10;10;719333;1726181592559155259
97;8;2;200;10;10;10;625066;1726181592569152299
98;8;2;200;10;10;10;646843;1726181592579154646
99;8;2;200;10;10;10;757745;1726181592589153589
0;8;3;200;10;10;10;975298;1726181591599266442
1;8;3;200;10;10;10;847941;1726181591609249279
2;8;3;200;10;10;10;1012285;1726181591619263201
3;8;3;200;10;10;10;824912;1726181591629150314
4;8;3;200;10;10;10;854124;1726181591639168672
5;8;3;200;10;10;10;827745;1726181591649132262
6;8;3;200;10;10;10;829232;1726181591659077113
7;8;3;200;10;10;10;828610;1726181591669133945
8;8;3;200;10;10;10;855206;1726181591679137353
9;8;3;200;10;10;10;825230;1726181591689133507
10;8;3;200;10;10;10;846991;1726181591699137163
11;8;3;200;10;10;10;824026;1726181591709132861
12;8;3;200;10;10;10;848887;1726181591719133486
13;8;3;200;10;10;10;846015;1726181591729084508
14;8;3;200;10;10;10;868285;1726181591739139692
15;8;3;200;10;10;10;817235;1726181591749136062
16;8;3;200;10;10;10;911208;1726181591759137325
17;8;3;200;10;10;10;808056;1726181591769133578
18;8;3;200;10;10;10;842080;1726181591779133390
19;8;3;200;10;10;10;812788;1726181591789138391
20;8;3;200;10;10;10;827371;1726181591799074726
21;8;3;200;10;10;10;806248;1726181591809138534
22;8;3;200;10;10;10;827748;1726181591819135782
23;8;3;200;10;10;10;805087;1726181591829138766
24;8;3;200;10;10;10;828951;1726181591839131149
25;8;3;200;10;10;10;803785;1726181591849132585
26;8;3;200;10;10;10;930929;1726181591859139195
27;8;3;200;10;10;10;809820;1726181591869135247
28;8;3;200;10;10;10;836497;1726181591879137993
29;8;3;200;10;10;10;810689;1726181591889134306
30;8;3;200;10;10;10;832109;1726181591899131954
31;8;3;200;10;10;10;812236;1726181591909136807
32;8;3;200;10;10;10;842074;1726181591919136233
33;8;3;200;10;10;10;807384;1726181591929134306
34;8;3;200;10;10;10;826839;1726181591939137269
35;8;3;200;10;10;10;789330;1726181591949168808
36;8;3;200;10;10;10;890019;1726181591959164357
37;8;3;200;10;10;10;780446;1726181591969168393
38;8;3;200;10;10;10;834744;1726181591979162739
39;8;3;200;10;10;10;791830;1726181591989162699
40;8;3;200;10;10;10;828686;1726181591999179902
41;8;3;200;10;10;10;792802;1726181592009164437
42;8;3;200;10;10;10;812460;1726181592019164840
43;8;3;200;10;10;10;803917;1726181592029162729
44;8;3;200;10;10;10;811152;1726181592039165948
45;8;3;200;10;10;10;789548;1726181592049164945
46;8;3;200;10;10;10;894394;1726181592059168306
47;8;3;200;10;10;10;784958;1726181592069171888
48;8;3;200;10;10;10;798609;1726181592079166136
49;8;3;200;10;10;10;790340;1726181592089161460
50;8;3;200;10;10;10;842939;1726181592099161598
51;8;3;200;10;10;10;794330;1726181592109166073
52;8;3;200;10;10;10;806095;1726181592119167667
53;8;3;200;10;10;10;794330;1726181592129159344
54;8;3;200;10;10;10;808714;1726181592139165065
55;8;3;200;10;10;10;784753;1726181592149172100
56;8;3;200;10;10;10;925946;1726181592159166837
57;8;3;200;10;10;10;783430;1726181592169168237
58;8;3;200;10;10;10;796502;1726181592179175961
59;8;3;200;10;10;10;769930;1726181592189183783
60;8;3;200;10;10;10;802566;1726181592199179566
61;8;3;200;10;10;10;786972;1726181592209168942
62;8;3;200;10;10;10;809108;1726181592219164490
63;8;3;200;10;10;10;789825;1726181592229163822
64;8;3;200;10;10;10;844155;1726181592239168333
65;8;3;200;10;10;10;787926;1726181592249169312
66;8;3;200;10;10;10;922700;1726181592259167151
67;8;3;200;10;10;10;794843;1726181592269163389
68;8;3;200;10;10;10;803361;1726181592279173455
69;8;3;200;10;10;10;791194;1726181592289170449
70;8;3;200;10;10;10;811734;1726181592299168904
71;8;3;200;10;10;10;788122;1726181592309165177
72;8;3;200;10;10;10;856822;1726181592319164118
73;8;3;200;10;10;10;785925;1726181592329166552
74;8;3;200;10;10;10;840294;1726181592339165731
75;8;3;200;10;10;10;788673;1726181592349160143
76;8;3;200;10;10;10;974908;1726181592359164861
77;8;3;200;10;10;10;797625;1726181592369157143
78;8;3;200;10;10;10;815457;1726181592379167340
79;8;3;200;10;10;10;785399;1726181592389167016
80;8;3;200;10;10;10;837400;1726181592399167431
81;8;3;200;10;10;10;788845;1726181592409162974
82;8;3;200;10;10;10;807120;1726181592419168857
83;8;3;200;10;10;10;796899;1726181592429159198
84;8;3;200;10;10;10;838698;1726181592439172757
85;8;3;200;10;10;10;807614;1726181592449138083
86;8;3;200;10;10;10;865156;1726181592459137174
87;8;3;200;10;10;10;808884;1726181592469138348
88;8;3;200;10;10;10;828858;1726181592479136118
89;8;3;200;10;10;10;811965;1726181592489134111
90;8;3;200;10;10;10;823737;1726181592499132895
91;8;3;200;10;10;10;808254;1726181592509135319
92;8;3;200;10;10;10;827195;1726181592519137041
93;8;3;200;10;10;10;806960;1726181592529134076
94;8;3;200;10;10;10;819738;1726181592539137343
95;8;3;200;10;10;10;792937;1726181592549174687
96;8;3;200;10;10;10;896487;1726181592559164195
97;8;3;200;10;10;10;802215;1726181592569159702
98;8;3;200;10;10;10;810398;1726181592579177468
99;8;3;200;10;10;10;967059;1726181592589166909
0;8;4;200;10;10;10;1156376;1726181591599274187
1;8;4;200;10;10;10;1020652;1726181591609264261
2;8;4;200;10;10;10;1183875;1726181591619280341
3;8;4;200;10;10;10;1004553;1726181591629157321
4;8;4;200;10;10;10;1032043;1726181591639173354
5;8;4;200;10;10;10;1012265;1726181591649136160
6;8;4;200;10;10;10;1013450;1726181591659083731
7;8;4;200;10;10;10;1016095;1726181591669137575
8;8;4;200;10;10;10;1043510;1726181591679141028
9;8;4;200;10;10;10;1012406;1726181591689137164
10;8;4;200;10;10;10;1032950;1726181591699140913
11;8;4;200;10;10;10;1011367;1726181591709136620
12;8;4;200;10;10;10;1035375;1726181591719137232
13;8;4;200;10;10;10;1033428;1726181591729088870
14;8;4;200;10;10;10;1056168;1726181591739143833
15;8;4;200;10;10;10;1000800;1726181591749139885
16;8;4;200;10;10;10;1093236;1726181591759141293
17;8;4;200;10;10;10;990569;1726181591769137139
18;8;4;200;10;10;10;1021916;1726181591779137024
19;8;4;200;10;10;10;995889;1726181591789142026
20;8;4;200;10;10;10;1011696;1726181591799078516
21;8;4;200;10;10;10;987757;1726181591809142159
22;8;4;200;10;10;10;1009616;1726181591819139412
23;8;4;200;10;10;10;987403;1726181591829142401
24;8;4;200;10;10;10;1010979;1726181591839134838
25;8;4;200;10;10;10;985300;1726181591849136515
26;8;4;200;10;10;10;1113517;1726181591859142913
27;8;4;200;10;10;10;993361;1726181591869138756
28;8;4;200;10;10;10;1021801;1726181591879141702
29;8;4;200;10;10;10;991599;1726181591889137979
30;8;4;200;10;10;10;1014445;1726181591899135531
31;8;4;200;10;10;10;994787;1726181591909140467
32;8;4;200;10;10;10;1024821;1726181591919139908
33;8;4;200;10;10;10;989503;1726181591929137874
34;8;4;200;10;10;10;1008000;1726181591939140932
35;8;4;200;10;10;10;966062;1726181591949173427
36;8;4;200;10;10;10;1072864;1726181591959168615
37;8;4;200;10;10;10;956544;1726181591969172110
38;8;4;200;10;10;10;1007245;1726181591979170845
39;8;4;200;10;10;10;961444;1726181591989173835
40;8;4;200;10;10;10;1007350;1726181591999183720
41;8;4;200;10;10;10;964944;1726181592009172929
42;8;4;200;10;10;10;992502;1726181592019171984
43;8;4;200;10;10;10;981440;1726181592029167196
44;8;4;200;10;10;10;985095;1726181592039173952
45;8;4;200;10;10;10;967162;1726181592049169208
46;8;4;200;10;10;10;1071473;1726181592059172825
47;8;4;200;10;10;10;962195;1726181592069176370
48;8;4;200;10;10;10;972657;1726181592079175179
49;8;4;200;10;10;10;964141;1726181592089169023
50;8;4;200;10;10;10;1020596;1726181592099165755
51;8;4;200;10;10;10;971047;1726181592109170605
52;8;4;200;10;10;10;982778;1726181592119172316
53;8;4;200;10;10;10;967731;1726181592129167414
54;8;4;200;10;10;10;983384;1726181592139169481
55;8;4;200;10;10;10;962987;1726181592149176657
56;8;4;200;10;10;10;1106308;1726181592159171254
57;8;4;200;10;10;10;961548;1726181592169172432
58;8;4;200;10;10;10;966118;1726181592179186812
59;8;4;200;10;10;10;948696;1726181592189188270
60;8;4;200;10;10;10;980748;1726181592199183566
61;8;4;200;10;10;10;965831;1726181592209172804
62;8;4;200;10;10;10;983221;1726181592219173501
63;8;4;200;10;10;10;967486;1726181592229167958
64;8;4;200;10;10;10;1021283;1726181592239172702
65;8;4;200;10;10;10;965533;1726181592249173324
66;8;4;200;10;10;10;1098862;1726181592259171343
67;8;4;200;10;10;10;972100;1726181592269167329
68;8;4;200;10;10;10;982167;1726181592279177405
69;8;4;200;10;10;10;972576;1726181592289174980
70;8;4;200;10;10;10;988471;1726181592299173292
71;8;4;200;10;10;10;963626;1726181592309169349
72;8;4;200;10;10;10;1030271;1726181592319171819
73;8;4;200;10;10;10;962719;1726181592329170814
74;8;4;200;10;10;10;1019478;1726181592339170057
75;8;4;200;10;10;10;961392;1726181592349168320
76;8;4;200;10;10;10;1144538;1726181592359177277
77;8;4;200;10;10;10;975972;1726181592369160980
78;8;4;200;10;10;10;993794;1726181592379171886
79;8;4;200;10;10;10;961436;1726181592389171429
80;8;4;200;10;10;10;1014666;1726181592399171600
81;8;4;200;10;10;10;965398;1726181592409167125
82;8;4;200;10;10;10;985529;1726181592419173468
83;8;4;200;10;10;10;973291;1726181592429166794
84;8;4;200;10;10;10;1017348;1726181592439176676
85;8;4;200;10;10;10;989419;1726181592449141700
86;8;4;200;10;10;10;1048321;1726181592459140882
87;8;4;200;10;10;10;992222;1726181592469141992
88;8;4;200;10;10;10;1011356;1726181592479139758
89;8;4;200;10;10;10;993851;1726181592489137722
90;8;4;200;10;10;10;1006333;1726181592499136541
91;8;4;200;10;10;10;991487;1726181592509138886
92;8;4;200;10;10;10;1009480;1726181592519140645
93;8;4;200;10;10;10;989859;1726181592529137597
94;8;4;200;10;10;10;1003525;1726181592539141149
95;8;4;200;10;10;10;967297;1726181592549182893
96;8;4;200;10;10;10;1073567;1726181592559172446
97;8;4;200;10;10;10;978762;1726181592569167204
98;8;4;200;10;10;10;989377;1726181592579182737
99;8;4;200;10;10;10;1161837;1726181592589171016
0;8;5;200;10;10;10;1333827;1726181591599284723
1;8;5;200;10;10;10;1198724;1726181591609273209
2;8;5;200;10;10;10;1351591;1726181591619299562
3;8;5;200;10;10;10;1180940;1726181591629167482
4;8;5;200;10;10;10;1206180;1726181591639180249
5;8;5;200;10;10;10;1198647;1726181591649139971
6;8;5;200;10;10;10;1199047;1726181591659088007
7;8;5;200;10;10;10;1204468;1726181591669141180
8;8;5;200;10;10;10;1230540;1726181591679144717
9;8;5;200;10;10;10;1199271;1726181591689141135
10;8;5;200;10;10;10;1219455;1726181591699144614
11;8;5;200;10;10;10;1197348;1726181591709140504
12;8;5;200;10;10;10;1221346;1726181591719141243
13;8;5;200;10;10;10;1216011;1726181591729097818
14;8;5;200;10;10;10;1243393;1726181591739148385
15;8;5;200;10;10;10;1184148;1726181591749143655
16;8;5;200;10;10;10;1274101;1726181591759145563
17;8;5;200;10;10;10;1172863;1726181591769140583
18;8;5;200;10;10;10;1203477;1726181591779140820
19;8;5;200;10;10;10;1178917;1726181591789145633
20;8;5;200;10;10;10;1194985;1726181591799082508
21;8;5;200;10;10;10;1168826;1726181591809145795
22;8;5;200;10;10;10;1191575;1726181591819143040
23;8;5;200;10;10;10;1170319;1726181591829145927
24;8;5;200;10;10;10;1192529;1726181591839138393
25;8;5;200;10;10;10;1167169;1726181591849140547
26;8;5;200;10;10;10;1295952;1726181591859146916
27;8;5;200;10;10;10;1175730;1726181591869142289
28;8;5;200;10;10;10;1204571;1726181591879145198
29;8;5;200;10;10;10;1174346;1726181591889141518
30;8;5;200;10;10;10;1195799;1726181591899139096
31;8;5;200;10;10;10;1176718;1726181591909144052
32;8;5;200;10;10;10;1206142;1726181591919143887
33;8;5;200;10;10;10;1170053;1726181591929141397
34;8;5;200;10;10;10;1190028;1726181591939144880
35;8;5;200;10;10;10;1140219;1726181591949181763
36;8;5;200;10;10;10;1251235;1726181591959175503
37;8;5;200;10;10;10;1124151;1726181591969184958
38;8;5;200;10;10;10;1182942;1726181591979177323
39;8;5;200;10;10;10;1138817;1726181591989178005
40;8;5;200;10;10;10;1185102;1726181591999187687
41;8;5;200;10;10;10;1136186;1726181592009184176
42;8;5;200;10;10;10;1172127;1726181592019178902
43;8;5;200;10;10;10;1158762;1726181592029171001
44;8;5;200;10;10;10;1156353;1726181592039184509
45;8;5;200;10;10;10;1144722;1726181592049174013
46;8;5;200;10;10;10;1249177;1726181592059176877
47;8;5;200;10;10;10;1140125;1726181592069180088
48;8;5;200;10;10;10;1147967;1726181592079182414
49;8;5;200;10;10;10;1138533;1726181592089176504
50;8;5;200;10;10;10;1197889;1726181592099170786
51;8;5;200;10;10;10;1139920;1726181592109183681
52;8;5;200;10;10;10;1153461;1726181592119181669
53;8;5;200;10;10;10;1131317;1726181592129185012
54;8;5;200;10;10;10;1153326;1726181592139178836
55;8;5;200;10;10;10;1142020;1726181592149180568
56;8;5;200;10;10;10;1281527;1726181592159180521
57;8;5;200;10;10;10;1139680;1726181592169175949
58;8;5;200;10;10;10;1142059;1726181592179190967
59;8;5;200;10;10;10;1123074;1726181592189195986
60;8;5;200;10;10;10;1149957;1726181592199196392
61;8;5;200;10;10;10;1132700;1726181592209187690
62;8;5;200;10;10;10;1158342;1726181592219180284
63;8;5;200;10;10;10;1142907;1726181592229174862
64;8;5;200;10;10;10;1199226;1726181592239176484
65;8;5;200;10;10;10;1142994;1726181592249177217
66;8;5;200;10;10;10;1272628;1726181592259178635
67;8;5;200;10;10;10;1150652;1726181592269170761
68;8;5;200;10;10;10;1158388;1726181592279183318
69;8;5;200;10;10;10;1154107;1726181592289179013
70;8;5;200;10;10;10;1165850;1726181592299177083
71;8;5;200;10;10;10;1139036;1726181592309174554
72;8;5;200;10;10;10;1201568;1726181592319182427
73;8;5;200;10;10;10;1139049;1726181592329175871
74;8;5;200;10;10;10;1197144;1726181592339174027
75;8;5;200;10;10;10;1137326;1726181592349174045
76;8;5;200;10;10;10;1322140;1726181592359181852
77;8;5;200;10;10;10;1152431;1726181592369168612
78;8;5;200;10;10;10;1170614;1726181592379177471
79;8;5;200;10;10;10;1139086;1726181592389175196
80;8;5;200;10;10;10;1190031;1726181592399178277
81;8;5;200;10;10;10;1142424;1726181592409171640
82;8;5;200;10;10;10;1147108;1726181592419192719
83;8;5;200;10;10;10;1138449;1726181592429183872
84;8;5;200;10;10;10;1192756;1726181592439182507
85;8;5;200;10;10;10;1172501;1726181592449145314
86;8;5;200;10;10;10;1230975;1726181592459144814
87;8;5;200;10;10;10;1176109;1726181592469145663
88;8;5;200;10;10;10;1192433;1726181592479143699
89;8;5;200;10;10;10;1174828;1726181592489141263
90;8;5;200;10;10;10;1188943;1726181592499140205
91;8;5;200;10;10;10;1172704;1726181592509142708
92;8;5;200;10;10;10;1190843;1726181592519144522
93;8;5;200;10;10;10;1173807;1726181592529141128
94;8;5;200;10;10;10;1185714;1726181592539145059
95;8;5;200;10;10;10;1146222;1726181592549187180
96;8;5;200;10;10;10;1247387;1726181592559182524
97;8;5;200;10;10;10;1145072;1726181592569184547
98;8;5;200;10;10;10;1168834;1726181592579186747
99;8;5;200;10;10;10;1355927;1726181592589174720
0;8;6;200;10;10;10;1515203;1726181591599292967
1;8;6;200;10;10;10;1374566;1726181591609284679
2;8;6;200;10;10;10;1529746;1726181591619309098
3;8;6;200;10;10;10;1356027;1726181591629179173
4;8;6;200;10;10;10;1380426;1726181591639187716
5;8;6;200;10;10;10;1386190;1726181591649144083
6;8;6;200;10;10;10;1382863;1726181591659094202
7;8;6;200;10;10;10;1391883;1726181591669144801
8;8;6;200;10;10;10;1417603;1726181591679148754
9;8;6;200;10;10;10;1387357;1726181591689145089
10;8;6;200;10;10;10;1405792;1726181591699148661
11;8;6;200;10;10;10;1385902;1726181591709144560
12;8;6;200;10;10;10;1406688;1726181591719145371
13;8;6;200;10;10;10;1403516;1726181591729102451
14;8;6;200;10;10;10;1429529;1726181591739153025
15;8;6;200;10;10;10;1366641;1726181591749147689
16;8;6;200;10;10;10;1435154;1726181591759170184
17;8;6;200;10;10;10;1355162;1726181591769144173
18;8;6;200;10;10;10;1384759;1726181591779144784
19;8;6;200;10;10;10;1361354;1726181591789149458
20;8;6;200;10;10;10;1373003;1726181591799090986
21;8;6;200;10;10;10;1350830;1726181591809149782
22;8;6;200;10;10;10;1372939;1726181591819147146
23;8;6;200;10;10;10;1352867;1726181591829149910
24;8;6;200;10;10;10;1373589;1726181591839142354
25;8;6;200;10;10;10;1339967;1726181591849154873
26;8;6;200;10;10;10;1477317;1726181591859151817
27;8;6;200;10;10;10;1358899;1726181591869145897
28;8;6;200;10;10;10;1386110;1726181591879149066
29;8;6;200;10;10;10;1357652;1726181591889145322
30;8;6;200;10;10;10;1377745;1726181591899143077
31;8;6;200;10;10;10;1357997;1726181591909147990
32;8;6;200;10;10;10;1374672;1726181591919160853
33;8;6;200;10;10;10;1350708;1726181591929145284
34;8;6;200;10;10;10;1371838;1726181591939148890
35;8;6;200;10;10;10;1305407;1726181591949198951
36;8;6;200;10;10;10;1431175;1726181591959179812
37;8;6;200;10;10;10;1302013;1726181591969189203
38;8;6;200;10;10;10;1357144;1726181591979184085
39;8;6;200;10;10;10;1315959;1726181591989181919
40;8;6;200;10;10;10;1362440;1726181591999191377
41;8;6;200;10;10;10;1300571;1726181592009201888
42;8;6;200;10;10;10;1351241;1726181592019186145
43;8;6;200;10;10;10;1332767;1726181592029178386
44;8;6;200;10;10;10;1332608;1726181592039188766
45;8;6;200;10;10;10;1318887;1726181592049180763
46;8;6;200;10;10;10;1424619;1726181592059182458
47;8;6;200;10;10;10;1310214;1726181592069192546
48;8;6;200;10;10;10;1319600;1726181592079191625
49;8;6;200;10;10;10;1314171;1726181592089182793
50;8;6;200;10;10;10;1372312;1726181592099178211
51;8;6;200;10;10;10;1317057;1726181592109188412
52;8;6;200;10;10;10;1328094;1726181592119188542
53;8;6;200;10;10;10;1305721;1726181592129192452
54;8;6;200;10;10;10;1328652;1726181592139182840
55;8;6;200;10;10;10;1309476;1726181592149194572
56;8;6;200;10;10;10;1462844;1726181592159184771
57;8;6;200;10;10;10;1311857;1726181592169184949
58;8;6;200;10;10;10;1315127;1726181592179198498
59;8;6;200;10;10;10;1298514;1726181592189202781
60;8;6;200;10;10;10;1312012;1726181592199216366
61;8;6;200;10;10;10;1307517;1726181592209194446
62;8;6;200;10;10;10;1332015;1726181592219188434
63;8;6;200;10;10;10;1316590;1726181592229183603
64;8;6;200;10;10;10;1372781;1726181592239183906
65;8;6;200;10;10;10;1319259;1726181592249182801
66;8;6;200;10;10;10;1447723;1726181592259185465
67;8;6;200;10;10;10;1323846;1726181592269179876
68;8;6;200;10;10;10;1334728;1726181592279188449
69;8;6;200;10;10;10;1326432;1726181592289192290
70;8;6;200;10;10;10;1340351;1726181592299184359
71;8;6;200;10;10;10;1313404;1726181592309181224
72;8;6;200;10;10;10;1379804;1726181592319186878
73;8;6;200;10;10;10;1314472;1726181592329182718
74;8;6;200;10;10;10;1371514;1726181592339182069
75;8;6;200;10;10;10;1310887;1726181592349180142
76;8;6;200;10;10;10;1493391;1726181592359192758
77;8;6;200;10;10;10;1328494;1726181592369175848
78;8;6;200;10;10;10;1345863;1726181592379184724
79;8;6;200;10;10;10;1314254;1726181592389182046
80;8;6;200;10;10;10;1355994;1726181592399195612
81;8;6;200;10;10;10;1316947;1726181592409178517
82;8;6;200;10;10;10;1324776;1726181592419197382
83;8;6;200;10;10;10;1316465;1726181592429188460
84;8;6;200;10;10;10;1369292;1726181592439186588
85;8;6;200;10;10;10;1355528;1726181592449149359
86;8;6;200;10;10;10;1412471;1726181592459148910
87;8;6;200;10;10;10;1345643;1726181592469162716
88;8;6;200;10;10;10;1356048;1726181592479164860
89;8;6;200;10;10;10;1357200;1726181592489145120
90;8;6;200;10;10;10;1371404;1726181592499144135
91;8;6;200;10;10;10;1356093;1726181592509146600
92;8;6;200;10;10;10;1371099;1726181592519148520
93;8;6;200;10;10;10;1356821;1726181592529145217
94;8;6;200;10;10;10;1368073;1726181592539148992
95;8;6;200;10;10;10;1321716;1726181592549193917
96;8;6;200;10;10;10;1426704;1726181592559187718
97;8;6;200;10;10;10;1326041;1726181592569188956
98;8;6;200;10;10;10;1349097;1726181592579190463
99;8;6;200;10;10;10;1579355;1726181592589181362
0;8;7;200;10;10;10;1678183;1726181591599319445
1;8;7;200;10;10;10;1553564;1726181591609293167
2;8;7;200;10;10;10;1709452;1726181591619318455
3;8;7;200;10;10;10;1534985;1726181591629186493
4;8;7;200;10;10;10;1557249;1726181591639192359
5;8;7;200;10;10;10;1569490;1726181591649151167
6;8;7;200;10;10;10;1561371;1726181591659105745
7;8;7;200;10;10;10;1570290;1726181591669159209
8;8;7;200;10;10;10;1589101;1726181591679168353
9;8;7;200;10;10;10;1559336;1726181591689164345
10;8;7;200;10;10;10;1592817;1726181591699152675
11;8;7;200;10;10;10;1574581;1726181591709148628
12;8;7;200;10;10;10;1583134;1726181591719159673
13;8;7;200;10;10;10;1592406;1726181591729107188
14;8;7;200;10;10;10;1607134;1726181591739167580
15;8;7;200;10;10;10;1549569;1726181591749151832
16;8;7;200;10;10;10;1614413;1726181591759176480
17;8;7;200;10;10;10;1538276;1726181591769147789
18;8;7;200;10;10;10;1565208;1726181591779150292
19;8;7;200;10;10;10;1543637;1726181591789154194
20;8;7;200;10;10;10;1537239;1726181591799112917
21;8;7;200;10;10;10;1518294;1726181591809168494
22;8;7;200;10;10;10;1533132;1726181591819171485
23;8;7;200;10;10;10;1534978;1726181591829153885
24;8;7;200;10;10;10;1555150;1726181591839146370
25;8;7;200;10;10;10;1517859;1726181591849164120
26;8;7;200;10;10;10;1648734;1726181591859166953
27;8;7;200;10;10;10;1523817;1726181591869167811
28;8;7;200;10;10;10;1554149;1726181591879166271
29;8;7;200;10;10;10;1535187;1726181591889152798
30;8;7;200;10;10;10;1543369;1726181591899163879
31;8;7;200;10;10;10;1527766;1726181591909165143
32;8;7;200;10;10;10;1547807;1726181591919172715
33;8;7;200;10;10;10;1515377;1726181591929166138
34;8;7;200;10;10;10;1538721;1726181591939168433
35;8;7;200;10;10;10;1482552;1726181591949204007
36;8;7;200;10;10;10;1609881;1726181591959186524
37;8;7;200;10;10;10;1481027;1726181591969192817
38;8;7;200;10;10;10;1528530;1726181591979194062
39;8;7;200;10;10;10;1491336;1726181591989189335
40;8;7;200;10;10;10;1532122;1726181591999202700
41;8;7;200;10;10;10;1477709;1726181592009207049
42;8;7;200;10;10;10;1528425;1726181592019196401
43;8;7;200;10;10;10;1509456;1726181592029182337
44;8;7;200;10;10;10;1507578;1726181592039195862
45;8;7;200;10;10;10;1490987;1726181592049189495
46;8;7;200;10;10;10;1599162;1726181592059189191
47;8;7;200;10;10;10;1484094;1726181592069201222
48;8;7;200;10;10;10;1497687;1726181592079195764
49;8;7;200;10;10;10;1486759;1726181592089193381
50;8;7;200;10;10;10;1546132;1726181592099186106
51;8;7;200;10;10;10;1495259;1726181592109192366
52;8;7;200;10;10;10;1500742;1726181592119197389
53;8;7;200;10;10;10;1482738;1726181592129196732
54;8;7;200;10;10;10;1498816;1726181592139192696
55;8;7;200;10;10;10;1482143;1726181592149204047
56;8;7;200;10;10;10;1636636;1726181592159196581
57;8;7;200;10;10;10;1489711;1726181592169188788
58;8;7;200;10;10;10;1488259;1726181592179205344
59;8;7;200;10;10;10;1475839;1726181592189208044
60;8;7;200;10;10;10;1488101;1726181592199221642
61;8;7;200;10;10;10;1473943;1726181592209210190
62;8;7;200;10;10;10;1508932;1726181592219192936
63;8;7;200;10;10;10;1494336;1726181592229188036
64;8;7;200;10;10;10;1544790;1726181592239193199
65;8;7;200;10;10;10;1492880;1726181592249190166
66;8;7;200;10;10;10;1621009;1726181592259192285
67;8;7;200;10;10;10;1500041;1726181592269185165
68;8;7;200;10;10;10;1508421;1726181592279196025
69;8;7;200;10;10;10;1509396;1726181592289197158
70;8;7;200;10;10;10;1512396;1726181592299194325
71;8;7;200;10;10;10;1485790;1726181592309190013
72;8;7;200;10;10;10;1550505;1726181592319199781
73;8;7;200;10;10;10;1487775;1726181592329191339
74;8;7;200;10;10;10;1547807;1726181592339188642
75;8;7;200;10;10;10;1476292;1726181592349196622
76;8;7;200;10;10;10;1665115;1726181592359201064
77;8;7;200;10;10;10;1494928;1726181592369194161
78;8;7;200;10;10;10;1516497;1726181592379195443
79;8;7;200;10;10;10;1488198;1726181592389189459
80;8;7;200;10;10;10;1533384;1726181592399200942
81;8;7;200;10;10;10;1487153;1726181592409188461
82;8;7;200;10;10;10;1503541;1726181592419201675
83;8;7;200;10;10;10;1493603;1726181592429192515
84;8;7;200;10;10;10;1542459;1726181592439194160
85;8;7;200;10;10;10;1537493;1726181592449153309
86;8;7;200;10;10;10;1579937;1726181592459168399
87;8;7;200;10;10;10;1527614;1726181592469167379
88;8;7;200;10;10;10;1536585;1726181592479169902
89;8;7;200;10;10;10;1539791;1726181592489149011
90;8;7;200;10;10;10;1554328;1726181592499148052
91;8;7;200;10;10;10;1535723;1726181592509153274
92;8;7;200;10;10;10;1536396;1726181592519168094
93;8;7;200;10;10;10;1527131;1726181592529162108
94;8;7;200;10;10;10;1539346;1726181592539163713
95;8;7;200;10;10;10;1500231;1726181592549199526
96;8;7;200;10;10;10;1604848;1726181592559194122
97;8;7;200;10;10;10;1508234;1726181592569192443
98;8;7;200;10;10;10;1528933;1726181592579195504
99;8;7;200;10;10;10;1759540;1726181592589185948
0;8;8;200;10;10;10;1856556;1726181591599328299
1;8;8;200;10;10;10;1731212;1726181591609302665
2;8;8;200;10;10;10;1887983;1726181591619327858
3;8;8;200;10;10;10;1707391;1726181591629201781
4;8;8;200;10;10;10;1732838;1726181591639198867
5;8;8;200;10;10;10;1752238;1726181591649158601
6;8;8;200;10;10;10;1738918;1726181591659119759
7;8;8;200;10;10;10;1750371;1726181591669170542
8;8;8;200;10;10;10;1774659;1726181591679173256
9;8;8;200;10;10;10;1745857;1726181591689169409
10;8;8;200;10;10;10;1768365;1726181591699167560
11;8;8;200;10;10;10;1753004;1726181591709163177
12;8;8;200;10;10;10;1767100;1726181591719165689
13;8;8;200;10;10;10;1780323;1726181591729112377
14;8;8;200;10;10;10;1791055;1726181591739175129
15;8;8;200;10;10;10;1721083;1726181591749166446
16;8;8;200;10;10;10;1796360;1726181591759181089
17;8;8;200;10;10;10;1708208;1726181591769163381
18;8;8;200;10;10;10;1735504;1726181591779165004
19;8;8;200;10;10;10;1716907;1726181591789168271
20;8;8;200;10;10;10;1718630;1726181591799117090
21;8;8;200;10;10;10;1699808;1726181591809173138
22;8;8;200;10;10;10;1712538;1726181591819176545
23;8;8;200;10;10;10;1708101;1726181591829168005
24;8;8;200;10;10;10;1723717;1726181591839162359
25;8;8;200;10;10;10;1696125;1726181591849173129
26;8;8;200;10;10;10;1823056;1726181591859178918
27;8;8;200;10;10;10;1706197;1726181591869172656
28;8;8;200;10;10;10;1727860;1726181591879178340
29;8;8;200;10;10;10;1708053;1726181591889166490
30;8;8;200;10;10;10;1724338;1726181591899168780
31;8;8;200;10;10;10;1702652;1726181591909177268
32;8;8;200;10;10;10;1730672;1726181591919177186
33;8;8;200;10;10;10;1695760;1726181591929171156
34;8;8;200;10;10;10;1719966;1726181591939173409
35;8;8;200;10;10;10;1659705;1726181591949207933
36;8;8;200;10;10;10;1786989;1726181591959195832
37;8;8;200;10;10;10;1657309;1726181591969196668
38;8;8;200;10;10;10;1703442;1726181591979199530
39;8;8;200;10;10;10;1666444;1726181591989196371
40;8;8;200;10;10;10;1706016;1726181591999210030
41;8;8;200;10;10;10;1655228;1726181592009211057
42;8;8;200;10;10;10;1706591;1726181592019203696
43;8;8;200;10;10;10;1683143;1726181592029189287
44;8;8;200;10;10;10;1678682;1726181592039206428
45;8;8;200;10;10;10;1667285;1726181592049195088
46;8;8;200;10;10;10;1769393;1726181592059199196
47;8;8;200;10;10;10;1662002;1726181592069205567
48;8;8;200;10;10;10;1674421;1726181592079201212
49;8;8;200;10;10;10;1663599;1726181592089198022
50;8;8;200;10;10;10;1721549;1726181592099191698
51;8;8;200;10;10;10;1673581;1726181592109196267
52;8;8;200;10;10;10;1677334;1726181592119201968
53;8;8;200;10;10;10;1657530;1726181592129203741
54;8;8;200;10;10;10;1670114;1726181592139199895
55;8;8;200;10;10;10;1658257;1726181592149210102
56;8;8;200;10;10;10;1814541;1726181592159205086
57;8;8;200;10;10;10;1666011;1726181592169196204
58;8;8;200;10;10;10;1661771;1726181592179212936
59;8;8;200;10;10;10;1650247;1726181592189215306
60;8;8;200;10;10;10;1666894;1726181592199226013
61;8;8;200;10;10;10;1650240;1726181592209215312
62;8;8;200;10;10;10;1679808;1726181592219204852
63;8;8;200;10;10;10;1668137;1726181592229196170
64;8;8;200;10;10;10;1721047;1726181592239197907
65;8;8;200;10;10;10;1667837;1726181592249197690
66;8;8;200;10;10;10;1795053;1726181592259199115
67;8;8;200;10;10;10;1675404;1726181592269191632
68;8;8;200;10;10;10;1679537;1726181592279205952
69;8;8;200;10;10;10;1686989;1726181592289205737
70;8;8;200;10;10;10;1685401;1726181592299203673
71;8;8;200;10;10;10;1658855;1726181592309196899
72;8;8;200;10;10;10;1726708;1726181592319206885
73;8;8;200;10;10;10;1664754;1726181592329195553
74;8;8;200;10;10;10;1723062;1726181592339195514
75;8;8;200;10;10;10;1654088;1726181592349201686
76;8;8;200;10;10;10;1841740;1726181592359205169
77;8;8;200;10;10;10;1673259;1726181592369199209
78;8;8;200;10;10;10;1692548;1726181592379200582
79;8;8;200;10;10;10;1661067;1726181592389198740
80;8;8;200;10;10;10;1710724;1726181592399204631
81;8;8;200;10;10;10;1664317;1726181592409192875
82;8;8;200;10;10;10;1681881;1726181592419205409
83;8;8;200;10;10;10;1672157;1726181592429196351
84;8;8;200;10;10;10;1716727;1726181592439200897
85;8;8;200;10;10;10;1709998;1726181592449167475
86;8;8;200;10;10;10;1760049;1726181592459173621
87;8;8;200;10;10;10;1710125;1726181592469170964
88;8;8;200;10;10;10;1717552;1726181592479174014
89;8;8;200;10;10;10;1707775;1726181592489165027
90;8;8;200;10;10;10;1726834;1726181592499162551
91;8;8;200;10;10;10;1715760;1726181592509159408
92;8;8;200;10;10;10;1716652;1726181592519173264
93;8;8;200;10;10;10;1701366;1726181592529173762
94;8;8;200;10;10;10;1718120;1726181592539171857
95;8;8;200;10;10;10;1677598;1726181592549206391
96;8;8;200;10;10;10;1777786;1726181592559205447
97;8;8;200;10;10;10;1689227;1726181592569196031
98;8;8;200;10;10;10;1706941;1726181592579203058
99;8;8;200;10;10;10;1940699;1726181592589192091
0;8;9;200;10;10;10;2035663;1726181591599336602
1;8;9;200;10;10;10;1909625;1726181591609312454
2;8;9;200;10;10;10;2069616;1726181591619339007
3;8;9;200;10;10;10;1875027;1726181591629223890
4;8;9;200;10;10;10;1907844;1726181591639206925
5;8;9;200;10;10;10;1941195;1726181591649163155
6;8;9;200;10;10;10;1926358;1726181591659124692
7;8;9;200;10;10;10;1935248;1726181591669179018
8;8;9;200;10;10;10;1964253;1726181591679177508
9;8;9;200;10;10;10;1934950;1726181591689173645
10;8;9;200;10;10;10;1949247;1726181591699179429
11;8;9;200;10;10;10;1939934;1726181591709170339
12;8;9;200;10;10;10;1950739;1726181591719174625
13;8;9;200;10;10;10;1961732;1726181591729125029
14;8;9;200;10;10;10;1975147;1726181591739184785
15;8;9;200;10;10;10;1902716;1726181591749174866
16;8;9;200;10;10;10;1981223;1726181591759185276
17;8;9;200;10;10;10;1877839;1726181591769181700
18;8;9;200;10;10;10;1907788;1726181591779179336
19;8;9;200;10;10;10;1894556;1726181591789178269
20;8;9;200;10;10;10;1888003;1726181591799135705
21;8;9;200;10;10;10;1884026;1726181591809177201
22;8;9;200;10;10;10;1895311;1726181591819180755
23;8;9;200;10;10;10;1885604;1726181591829179608
24;8;9;200;10;10;10;1897913;1726181591839175092
25;8;9;200;10;10;10;1876635;1726181591849181097
26;8;9;200;10;10;10;2005685;1726181591859183821
27;8;9;200;10;10;10;1890251;1726181591869176317
28;8;9;200;10;10;10;1910368;1726181591879182970
29;8;9;200;10;10;10;1890159;1726181591889170999
30;8;9;200;10;10;10;1908339;1726181591899172928
31;8;9;200;10;10;10;1886164;1726181591909183840
32;8;9;200;10;10;10;1910098;1726181591919185717
33;8;9;200;10;10;10;1879807;1726181591929175337
34;8;9;200;10;10;10;1904153;1726181591939177679
35;8;9;200;10;10;10;1839342;1726181591949211786
36;8;9;200;10;10;10;1968372;1726181591959201573
37;8;9;200;10;10;10;1835518;1726181591969200731
38;8;9;200;10;10;10;1877464;1726181591979208975
39;8;9;200;10;10;10;1843773;1726181591989203973
40;8;9;200;10;10;10;1875594;1726181591999223719
41;8;9;200;10;10;10;1836402;1726181592009214562
42;8;9;200;10;10;10;1886366;1726181592019212561
43;8;9;200;10;10;10;1860194;1726181592029196057
44;8;9;200;10;10;10;1852482;1726181592039215307
45;8;9;200;10;10;10;1844470;1726181592049202297
46;8;9;200;10;10;10;1942450;1726181592059209502
47;8;9;200;10;10;10;1833770;1726181592069217199
48;8;9;200;10;10;10;1851219;1726181592079208566
49;8;9;200;10;10;10;1842705;1726181592089202890
50;8;9;200;10;10;10;1899352;1726181592099197752
51;8;9;200;10;10;10;1850010;1726181592109205396
52;8;9;200;10;10;10;1857202;1726181592119206015
53;8;9;200;10;10;10;1834698;1726181592129210534
54;8;9;200;10;10;10;1843058;1726181592139209159
55;8;9;200;10;10;10;1835329;1726181592149217323
56;8;9;200;10;10;10;1992024;1726181592159214661
57;8;9;200;10;10;10;1843049;1726181592169203489
58;8;9;200;10;10;10;1837610;1726181592179220023
59;8;9;200;10;10;10;1827735;1726181592189222347
60;8;9;200;10;10;10;1835102;1726181592199241498
61;8;9;200;10;10;10;1826265;1726181592209223986
62;8;9;200;10;10;10;1858035;1726181592219211108
63;8;9;200;10;10;10;1840007;1726181592229207915
64;8;9;200;10;10;10;1896351;1726181592239206167
65;8;9;200;10;10;10;1845786;1726181592249205196
66;8;9;200;10;10;10;1973304;1726181592259206083
67;8;9;200;10;10;10;1841912;1726181592269208687
68;8;9;200;10;10;10;1860221;1726181592279210197
69;8;9;200;10;10;10;1871035;1726181592289210303
70;8;9;200;10;10;10;1865518;1726181592299208443
71;8;9;200;10;10;10;1832363;1726181592309206416
72;8;9;200;10;10;10;1906240;1726181592319212405
73;8;9;200;10;10;10;1842017;1726181592329202778
74;8;9;200;10;10;10;1900553;1726181592339202785
75;8;9;200;10;10;10;1833822;1726181592349205562
76;8;9;200;10;10;10;1992049;1726181592359238306
77;8;9;200;10;10;10;1856281;1726181592369202853
78;8;9;200;10;10;10;1868431;1726181592379207783
79;8;9;200;10;10;10;1841702;1726181592389203211
80;8;9;200;10;10;10;1890467;1726181592399208538
81;8;9;200;10;10;10;1840594;1726181592409199830
82;8;9;200;10;10;10;1861532;1726181592419209406
83;8;9;200;10;10;10;1841662;1726181592429211363
84;8;9;200;10;10;10;1892156;1726181592439208303
85;8;9;200;10;10;10;1892364;1726181592449172883
86;8;9;200;10;10;10;1942997;1726181592459177777
87;8;9;200;10;10;10;1895417;1726181592469174550
88;8;9;200;10;10;10;1900793;1726181592479177951
89;8;9;200;10;10;10;1884455;1726181592489175701
90;8;9;200;10;10;10;1900656;1726181592499176438
91;8;9;200;10;10;10;1898791;1726181592509163731
92;8;9;200;10;10;10;1902725;1726181592519177347
93;8;9;200;10;10;10;1867455;1726181592529195849
94;8;9;200;10;10;10;1897525;1726181592539180309
95;8;9;200;10;10;10;1858004;1726181592549213016
96;8;9;200;10;10;10;1958309;1726181592559210742
97;8;9;200;10;10;10;1873325;1726181592569200093
98;8;9;200;10;10;10;1877652;1726181592579218417
99;8;9;200;10;10;10;2119418;1726181592589202177
0;9;0;200;10;10;10;472280;1726181591599138973
1;9;0;200;10;10;10;375472;1726181591609140975
2;9;0;200;10;10;10;501398;1726181591619147767
3;9;0;200;10;10;10;334281;1726181591629087206
4;9;0;200;10;10;10;301700;1726181591639111599
5;9;0;200;10;10;10;292535;1726181591649099284
6;9;0;200;10;10;10;287641;1726181591659034335
7;9;0;200;10;10;10;293292;1726181591669100589
8;9;0;200;10;10;10;293167;1726181591679103716
9;9;0;200;10;10;10;288353;1726181591689101191
10;9;0;200;10;10;10;291721;1726181591699103802
11;9;0;200;10;10;10;287647;1726181591709100944
12;9;0;200;10;10;10;296745;1726181591719099757
13;9;0;200;10;10;10;306200;1726181591729043991
14;9;0;200;10;10;10;298145;1726181591739102194
15;9;0;200;10;10;10;289366;1726181591749102970
16;9;0;200;10;10;10;336066;1726181591759102100
17;9;0;200;10;10;10;286019;1726181591769101848
18;9;0;200;10;10;10;280865;1726181591779100909
19;9;0;200;10;10;10;289290;1726181591789106467
20;9;0;200;10;10;10;299223;1726181591799039848
21;9;0;200;10;10;10;282828;1726181591809106935
22;9;0;200;10;10;10;293214;1726181591819102841
23;9;0;200;10;10;10;282176;1726181591829106798
24;9;0;200;10;10;10;288460;1726181591839098642
25;9;0;200;10;10;10;282530;1726181591849100811
26;9;0;200;10;10;10;376689;1726181591859105443
27;9;0;200;10;10;10;287920;1726181591869103707
28;9;0;200;10;10;10;289391;1726181591879105866
29;9;0;200;10;10;10;286169;1726181591889102569
30;9;0;200;10;10;10;290589;1726181591899099556
31;9;0;200;10;10;10;291102;1726181591909105698
32;9;0;200;10;10;10;299545;1726181591919103613
33;9;0;200;10;10;10;283007;1726181591929102952
34;9;0;200;10;10;10;283394;1726181591939104805
35;9;0;200;10;10;10;304806;1726181591949110321
36;9;0;200;10;10;10;382207;1726181591959111322
37;9;0;200;10;10;10;300059;1726181591969109407
38;9;0;200;10;10;10;299134;1726181591979111991
39;9;0;200;10;10;10;301857;1726181591989111481
40;9;0;200;10;10;10;304809;1726181591999111079
41;9;0;200;10;10;10;303363;1726181592009111285
42;9;0;200;10;10;10;290766;1726181592019112519
43;9;0;200;10;10;10;313077;1726181592029110509
44;9;0;200;10;10;10;301078;1726181592039112893
45;9;0;200;10;10;10;303377;1726181592049109897
46;9;0;200;10;10;10;363294;1726181592059110730
47;9;0;200;10;10;10;304819;1726181592069109766
48;9;0;200;10;10;10;301201;1726181592079112359
49;9;0;200;10;10;10;298806;1726181592089110355
50;9;0;200;10;10;10;304408;1726181592099110057
51;9;0;200;10;10;10;303861;1726181592109111294
52;9;0;200;10;10;10;301897;1726181592119110825
53;9;0;200;10;10;10;305001;1726181592129109647
54;9;0;200;10;10;10;305988;1726181592139111820
55;9;0;200;10;10;10;303953;1726181592149110070
56;9;0;200;10;10;10;408106;1726181592159112319
57;9;0;200;10;10;10;300746;1726181592169110288
58;9;0;200;10;10;10;306655;1726181592179110282
59;9;0;200;10;10;10;301351;1726181592189111125
60;9;0;200;10;10;10;303746;1726181592199115812
61;9;0;200;10;10;10;302135;1726181592209110101
62;9;0;200;10;10;10;303366;1726181592219111227
63;9;0;200;10;10;10;299694;1726181592229110668
64;9;0;200;10;10;10;314584;1726181592239111910
65;9;0;200;10;10;10;304161;1726181592249110571
66;9;0;200;10;10;10;393091;1726181592259111992
67;9;0;200;10;10;10;304080;1726181592269110925
68;9;0;200;10;10;10;302759;1726181592279111580
69;9;0;200;10;10;10;295165;1726181592289110482
70;9;0;200;10;10;10;307179;1726181592299111646
71;9;0;200;10;10;10;301272;1726181592309111497
72;9;0;200;10;10;10;320387;1726181592319114331
73;9;0;200;10;10;10;301841;1726181592329110121
74;9;0;200;10;10;10;304231;1726181592339111833
75;9;0;200;10;10;10;299446;1726181592349108648
76;9;0;200;10;10;10;396985;1726181592359111208
77;9;0;200;10;10;10;300781;1726181592369109728
78;9;0;200;10;10;10;311627;1726181592379111388
79;9;0;200;10;10;10;300764;1726181592389111561
80;9;0;200;10;10;10;303903;1726181592399111974
81;9;0;200;10;10;10;303622;1726181592409109959
82;9;0;200;10;10;10;305307;1726181592419111748
83;9;0;200;10;10;10;299718;1726181592429111165
84;9;0;200;10;10;10;313104;1726181592439111048
85;9;0;200;10;10;10;283965;1726181592449106695
86;9;0;200;10;10;10;323621;1726181592459103813
87;9;0;200;10;10;10;283548;1726181592469107044
88;9;0;200;10;10;10;289309;1726181592479103706
89;9;0;200;10;10;10;291111;1726181592489102978
90;9;0;200;10;10;10;282559;1726181592499100915
91;9;0;200;10;10;10;283335;1726181592509103624
92;9;0;200;10;10;10;287375;1726181592519104535
93;9;0;200;10;10;10;280841;1726181592529103066
94;9;0;200;10;10;10;286085;1726181592539104790
95;9;0;200;10;10;10;308306;1726181592549110197
96;9;0;200;10;10;10;342540;1726181592559111718
97;9;0;200;10;10;10;303862;1726181592569110377
98;9;0;200;10;10;10;309168;1726181592579111335
99;9;0;200;10;10;10;336812;1726181592589110225
0;9;1;200;10;10;10;627197;1726181591599249779
1;9;1;200;10;10;10;519541;1726181591609214904
2;9;1;200;10;10;10;685887;1726181591619223344
3;9;1;200;10;10;10;484331;1726181591629130194
4;9;1;200;10;10;10;450932;1726181591639150938
5;9;1;200;10;10;10;467167;1726181591649122758
6;9;1;200;10;10;10;458017;1726181591659060433
7;9;1;200;10;10;10;467535;1726181591669124682
8;9;1;200;10;10;10;468719;1726181591679127684
9;9;1;200;10;10;10;464477;1726181591689124278
10;9;1;200;10;10;10;464896;1726181591699127635
11;9;1;200;10;10;10;461694;1726181591709123878
12;9;1;200;10;10;10;469104;1726181591719123899
13;9;1;200;10;10;10;480517;1726181591729073828
14;9;1;200;10;10;10;469435;1726181591739129410
15;9;1;200;10;10;10;460688;1726181591749126615
16;9;1;200;10;10;10;504033;1726181591759127219
17;9;1;200;10;10;10;456314;1726181591769124564
18;9;1;200;10;10;10;453429;1726181591779124153
19;9;1;200;10;10;10;459978;1726181591789129202
20;9;1;200;10;10;10;466453;1726181591799065232
21;9;1;200;10;10;10;454066;1726181591809129254
22;9;1;200;10;10;10;461252;1726181591819126378
23;9;1;200;10;10;10;452933;1726181591829129593
24;9;1;200;10;10;10;458199;1726181591839121992
25;9;1;200;10;10;10;453439;1726181591849123476
26;9;1;200;10;10;10;546652;1726181591859129454
27;9;1;200;10;10;10;457793;1726181591869126350
28;9;1;200;10;10;10;461161;1726181591879128901
29;9;1;200;10;10;10;456121;1726181591889125311
30;9;1;200;10;10;10;460643;1726181591899122790
31;9;1;200;10;10;10;461153;1726181591909127901
32;9;1;200;10;10;10;471069;1726181591919126700
33;9;1;200;10;10;10;454252;1726181591929125330
34;9;1;200;10;10;10;454141;1726181591939128178
35;9;1;200;10;10;10;456710;1726181591949146972
36;9;1;200;10;10;10;536753;1726181591959149695
37;9;1;200;10;10;10;450757;1726181591969146185
38;9;1;200;10;10;10;449191;1726181591979149427
39;9;1;200;10;10;10;454787;1726181591989148170
40;9;1;200;10;10;10;456829;1726181591999148568
41;9;1;200;10;10;10;455735;1726181592009147174
42;9;1;200;10;10;10;447006;1726181592019150709
43;9;1;200;10;10;10;464731;1726181592029147052
44;9;1;200;10;10;10;453609;1726181592039150672
45;9;1;200;10;10;10;456350;1726181592049146213
46;9;1;200;10;10;10;514340;1726181592059148799
47;9;1;200;10;10;10;456194;1726181592069147047
48;9;1;200;10;10;10;452576;1726181592079149710
49;9;1;200;10;10;10;451836;1726181592089146904
50;9;1;200;10;10;10;455356;1726181592099147389
51;9;1;200;10;10;10;456865;1726181592109148112
52;9;1;200;10;10;10;454039;1726181592119148172
53;9;1;200;10;10;10;455784;1726181592129146385
54;9;1;200;10;10;10;456401;1726181592139148962
55;9;1;200;10;10;10;457100;1726181592149146723
56;9;1;200;10;10;10;580928;1726181592159149919
57;9;1;200;10;10;10;451734;1726181592169147041
58;9;1;200;10;10;10;457555;1726181592179147697
59;9;1;200;10;10;10;453164;1726181592189147291
60;9;1;200;10;10;10;456598;1726181592199152966
61;9;1;200;10;10;10;455591;1726181592209146101
62;9;1;200;10;10;10;454993;1726181592219148257
63;9;1;200;10;10;10;451898;1726181592229146919
64;9;1;200;10;10;10;466177;1726181592239149138
65;9;1;200;10;10;10;456536;1726181592249147221
66;9;1;200;10;10;10;544003;1726181592259150055
67;9;1;200;10;10;10;456255;1726181592269147561
68;9;1;200;10;10;10;455604;1726181592279148498
69;9;1;200;10;10;10;452027;1726181592289146895
70;9;1;200;10;10;10;458692;1726181592299149171
71;9;1;200;10;10;10;454170;1726181592309147987
72;9;1;200;10;10;10;471233;1726181592319151984
73;9;1;200;10;10;10;454785;1726181592329146628
74;9;1;200;10;10;10;455929;1726181592339149304
75;9;1;200;10;10;10;451346;1726181592349145335
76;9;1;200;10;10;10;547382;1726181592359149136
77;9;1;200;10;10;10;452933;1726181592369146236
78;9;1;200;10;10;10;462745;1726181592379148864
79;9;1;200;10;10;10;452556;1726181592389148069
80;9;1;200;10;10;10;455884;1726181592399149441
81;9;1;200;10;10;10;455330;1726181592409146963
82;9;1;200;10;10;10;455092;1726181592419149410
83;9;1;200;10;10;10;451775;1726181592429147941
84;9;1;200;10;10;10;464068;1726181592439148377
85;9;1;200;10;10;10;455411;1726181592449128970
86;9;1;200;10;10;10;495668;1726181592459127625
87;9;1;200;10;10;10;455772;1726181592469129414
88;9;1;200;10;10;10;459543;1726181592479126874
89;9;1;200;10;10;10;460888;1726181592489125194
90;9;1;200;10;10;10;453155;1726181592499123537
91;9;1;200;10;10;10;454956;1726181592509126123
92;9;1;200;10;10;10;457416;1726181592519127876
93;9;1;200;10;10;10;452070;1726181592529125335
94;9;1;200;10;10;10;457750;1726181592539127726
95;9;1;200;10;10;10;463365;1726181592549147273
96;9;1;200;10;10;10;510582;1726181592559149695
97;9;1;200;10;10;10;457369;1726181592569147132
98;9;1;200;10;10;10;461833;1726181592579149071
99;9;1;200;10;10;10;554694;1726181592589146601
0;9;2;200;10;10;10;807775;1726181591599259481
1;9;2;200;10;10;10;684828;1726181591609238487
2;9;2;200;10;10;10;851647;1726181591619248052
3;9;2;200;10;10;10;664326;1726181591629138026
4;9;2;200;10;10;10;693115;1726181591639157284
5;9;2;200;10;10;10;654242;1726181591649128294
6;9;2;200;10;10;10;657525;1726181591659070289
7;9;2;200;10;10;10;654588;1726181591669130127
8;9;2;200;10;10;10;678840;1726181591679133368
9;9;2;200;10;10;10;651422;1726181591689129598
10;9;2;200;10;10;10;671245;1726181591699133360
11;9;2;200;10;10;10;648808;1726181591709129134
12;9;2;200;10;10;10;673529;1726181591719129587
13;9;2;200;10;10;10;670129;1726181591729079851
14;9;2;200;10;10;10;690607;1726181591739135576
15;9;2;200;10;10;10;645303;1726181591749132278
16;9;2;200;10;10;10;741975;1726181591759133075
17;9;2;200;10;10;10;637787;1726181591769129889
18;9;2;200;10;10;10;671686;1726181591779129632
19;9;2;200;10;10;10;642050;1726181591789134611
20;9;2;200;10;10;10;656057;1726181591799070768
21;9;2;200;10;10;10;636027;1726181591809134610
22;9;2;200;10;10;10;657250;1726181591819131867
23;9;2;200;10;10;10;635226;1726181591829134914
24;9;2;200;10;10;10;658016;1726181591839127307
25;9;2;200;10;10;10;634766;1726181591849128664
26;9;2;200;10;10;10;761961;1726181591859135207
27;9;2;200;10;10;10;639177;1726181591869131483
28;9;2;200;10;10;10;665383;1726181591879134296
29;9;2;200;10;10;10;639607;1726181591889130552
30;9;2;200;10;10;10;660636;1726181591899128264
31;9;2;200;10;10;10;642928;1726181591909133159
32;9;2;200;10;10;10;670983;1726181591919132264
33;9;2;200;10;10;10;637774;1726181591929130475
34;9;2;200;10;10;10;654420;1726181591939133542
35;9;2;200;10;10;10;635688;1726181591949152431
36;9;2;200;10;10;10;724614;1726181591959155420
37;9;2;200;10;10;10;616082;1726181591969163649
38;9;2;200;10;10;10;673069;1726181591979155208
39;9;2;200;10;10;10;628865;1726181591989156509
40;9;2;200;10;10;10;662375;1726181591999174729
41;9;2;200;10;10;10;632895;1726181592009154454
42;9;2;200;10;10;10;644367;1726181592019156448
43;9;2;200;10;10;10;643470;1726181592029152513
44;9;2;200;10;10;10;649969;1726181592039156287
45;9;2;200;10;10;10;631228;1726181592049153851
46;9;2;200;10;10;10;737228;1726181592059154609
47;9;2;200;10;10;10;635070;1726181592069152242
48;9;2;200;10;10;10;636665;1726181592079157255
49;9;2;200;10;10;10;627446;1726181592089154039
50;9;2;200;10;10;10;679829;1726181592099153030
51;9;2;200;10;10;10;636738;1726181592109153745
52;9;2;200;10;10;10;649286;1726181592119153822
53;9;2;200;10;10;10;630899;1726181592129153576
54;9;2;200;10;10;10;649694;1726181592139154704
55;9;2;200;10;10;10;634464;1726181592149152122
56;9;2;200;10;10;10;763754;1726181592159155843
57;9;2;200;10;10;10;626059;1726181592169156708
58;9;2;200;10;10;10;634931;1726181592179168254
59;9;2;200;10;10;10;612513;1726181592189170643
60;9;2;200;10;10;10;637160;1726181592199173645
61;9;2;200;10;10;10;621521;1726181592209164028
62;9;2;200;10;10;10;646319;1726181592219156017
63;9;2;200;10;10;10;628917;1726181592229154524
64;9;2;200;10;10;10;687889;1726181592239154660
65;9;2;200;10;10;10;622941;1726181592249164403
66;9;2;200;10;10;10;761839;1726181592259158664
67;9;2;200;10;10;10;635558;1726181592269152699
68;9;2;200;10;10;10;636476;1726181592279168396
69;9;2;200;10;10;10;634841;1726181592289152401
70;9;2;200;10;10;10;655048;1726181592299154747
71;9;2;200;10;10;10;631442;1726181592309153472
72;9;2;200;10;10;10;692767;1726181592319157557
73;9;2;200;10;10;10;630340;1726181592329153812
74;9;2;200;10;10;10;679844;1726181592339154747
75;9;2;200;10;10;10;627714;1726181592349152391
76;9;2;200;10;10;10;813063;1726181592359156419
77;9;2;200;10;10;10;632110;1726181592369151456
78;9;2;200;10;10;10;656498;1726181592379154672
79;9;2;200;10;10;10;629872;1726181592389153404
80;9;2;200;10;10;10;675043;1726181592399158644
81;9;2;200;10;10;10;631578;1726181592409152508
82;9;2;200;10;10;10;649284;1726181592419155180
83;9;2;200;10;10;10;630668;1726181592429153431
84;9;2;200;10;10;10;673353;1726181592439167628
85;9;2;200;10;10;10;637683;1726181592449134286
86;9;2;200;10;10;10;693981;1726181592459133168
87;9;2;200;10;10;10;638748;1726181592469134684
88;9;2;200;10;10;10;657058;1726181592479132317
89;9;2;200;10;10;10;643497;1726181592489130408
90;9;2;200;10;10;10;652263;1726181592499129068
91;9;2;200;10;10;10;637904;1726181592509131455
92;9;2;200;10;10;10;656891;1726181592519133300
93;9;2;200;10;10;10;635991;1726181592529130497
94;9;2;200;10;10;10;648164;1726181592539133377
95;9;2;200;10;10;10;627499;1726181592549168476
96;9;2;200;10;10;10;731939;1726181592559155259
97;9;2;200;10;10;10;637717;1726181592569152299
98;9;2;200;10;10;10;659627;1726181592579154646
99;9;2;200;10;10;10;770872;1726181592589153589
0;9;3;200;10;10;10;988080;1726181591599266442
1;9;3;200;10;10;10;860665;1726181591609249279
2;9;3;200;10;10;10;1025221;1726181591619263201
3;9;3;200;10;10;10;837703;1726181591629150314
4;9;3;200;10;10;10;866807;1726181591639168672
5;9;3;200;10;10;10;840891;1726181591649132262
6;9;3;200;10;10;10;841976;1726181591659077113
7;9;3;200;10;10;10;841856;1726181591669133945
8;9;3;200;10;10;10;868396;1726181591679137353
9;9;3;200;10;10;10;838253;1726181591689133507
10;9;3;200;10;10;10;860018;1726181591699137163
11;9;3;200;10;10;10;837224;1726181591709132861
12;9;3;200;10;10;10;861922;1726181591719133486
13;9;3;200;10;10;10;859588;1726181591729084508
14;9;3;200;10;10;10;881486;1726181591739139692
15;9;3;200;10;10;10;830310;1726181591749136062
16;9;3;200;10;10;10;923767;1726181591759137325
17;9;3;200;10;10;10;820994;1726181591769133578
18;9;3;200;10;10;10;854646;1726181591779133390
19;9;3;200;10;10;10;825807;1726181591789138391
20;9;3;200;10;10;10;840176;1726181591799074726
21;9;3;200;10;10;10;819063;1726181591809138534
22;9;3;200;10;10;10;840642;1726181591819135782
23;9;3;200;10;10;10;817851;1726181591829138766
24;9;3;200;10;10;10;841632;1726181591839131149
25;9;3;200;10;10;10;816550;1726181591849132585
26;9;3;200;10;10;10;943689;1726181591859139195
27;9;3;200;10;10;10;822649;1726181591869135247
28;9;3;200;10;10;10;849349;1726181591879137993
29;9;3;200;10;10;10;823455;1726181591889134306
30;9;3;200;10;10;10;845026;1726181591899131954
31;9;3;200;10;10;10;824982;1726181591909136807
32;9;3;200;10;10;10;855029;1726181591919136233
33;9;3;200;10;10;10;820206;1726181591929134306
34;9;3;200;10;10;10;839445;1726181591939137269
35;9;3;200;10;10;10;801965;1726181591949168808
36;9;3;200;10;10;10;903016;1726181591959164357
37;9;3;200;10;10;10;792846;1726181591969168393
38;9;3;200;10;10;10;847022;1726181591979162739
39;9;3;200;10;10;10;804433;1726181591989162699
40;9;3;200;10;10;10;841177;1726181591999179902
41;9;3;200;10;10;10;805312;1726181592009164437
42;9;3;200;10;10;10;825372;1726181592019164840
43;9;3;200;10;10;10;816441;1726181592029162729
44;9;3;200;10;10;10;823725;1726181592039165948
45;9;3;200;10;10;10;802119;1726181592049164945
46;9;3;200;10;10;10;907130;1726181592059168306
47;9;3;200;10;10;10;797436;1726181592069171888
48;9;3;200;10;10;10;811305;1726181592079166136
49;9;3;200;10;10;10;802865;1726181592089161460
50;9;3;200;10;10;10;855539;1726181592099161598
51;9;3;200;10;10;10;806905;1726181592109166073
52;9;3;200;10;10;10;818484;1726181592119167667
53;9;3;200;10;10;10;806843;1726181592129159344
54;9;3;200;10;10;10;821061;1726181592139165065
55;9;3;200;10;10;10;797445;1726181592149172100
56;9;3;200;10;10;10;938666;1726181592159166837
57;9;3;200;10;10;10;795935;1726181592169168237
58;9;3;200;10;10;10;808948;1726181592179175961
59;9;3;200;10;10;10;782576;1726181592189183783
60;9;3;200;10;10;10;815071;1726181592199179566
61;9;3;200;10;10;10;799717;1726181592209168942
62;9;3;200;10;10;10;821642;1726181592219164490
63;9;3;200;10;10;10;802423;1726181592229163822
64;9;3;200;10;10;10;856726;1726181592239168333
65;9;3;200;10;10;10;800459;1726181592249169312
66;9;3;200;10;10;10;935084;1726181592259167151
67;9;3;200;10;10;10;807490;1726181592269163389
68;9;3;200;10;10;10;815678;1726181592279173455
69;9;3;200;10;10;10;804076;1726181592289170449
70;9;3;200;10;10;10;824212;1726181592299168904
71;9;3;200;10;10;10;800579;1726181592309165177
72;9;3;200;10;10;10;869359;1726181592319164118
73;9;3;200;10;10;10;798285;1726181592329166552
74;9;3;200;10;10;10;852754;1726181592339165731
75;9;3;200;10;10;10;801218;1726181592349160143
76;9;3;200;10;10;10;987440;1726181592359164861
77;9;3;200;10;10;10;810315;1726181592369157143
78;9;3;200;10;10;10;827813;1726181592379167340
79;9;3;200;10;10;10;797885;1726181592389167016
80;9;3;200;10;10;10;849821;1726181592399167431
81;9;3;200;10;10;10;801204;1726181592409162974
82;9;3;200;10;10;10;819852;1726181592419168857
83;9;3;200;10;10;10;809742;1726181592429159198
84;9;3;200;10;10;10;851347;1726181592439172757
85;9;3;200;10;10;10;820459;1726181592449138083
86;9;3;200;10;10;10;877835;1726181592459137174
87;9;3;200;10;10;10;821778;1726181592469138348
88;9;3;200;10;10;10;841601;1726181592479136118
89;9;3;200;10;10;10;824934;1726181592489134111
90;9;3;200;10;10;10;836723;1726181592499132895
91;9;3;200;10;10;10;821254;1726181592509135319
92;9;3;200;10;10;10;839968;1726181592519137041
93;9;3;200;10;10;10;819933;1726181592529134076
94;9;3;200;10;10;10;832698;1726181592539137343
95;9;3;200;10;10;10;805457;1726181592549174687
96;9;3;200;10;10;10;909281;1726181592559164195
97;9;3;200;10;10;10;814962;1726181592569159702
98;9;3;200;10;10;10;822859;1726181592579177468
99;9;3;200;10;10;10;980031;1726181592589166909
0;9;4;200;10;10;10;1169291;1726181591599274187
1;9;4;200;10;10;10;1033557;1726181591609264261
2;9;4;200;10;10;10;1196687;1726181591619280341
3;9;4;200;10;10;10;1017581;1726181591629157321
4;9;4;200;10;10;10;1044749;1726181591639173354
5;9;4;200;10;10;10;1025384;1726181591649136160
6;9;4;200;10;10;10;1026607;1726181591659083731
7;9;4;200;10;10;10;1028966;1726181591669137575
8;9;4;200;10;10;10;1056644;1726181591679141028
9;9;4;200;10;10;10;1025536;1726181591689137164
10;9;4;200;10;10;10;1046085;1726181591699140913
11;9;4;200;10;10;10;1024636;1726181591709136620
12;9;4;200;10;10;10;1048502;1726181591719137232
13;9;4;200;10;10;10;1046588;1726181591729088870
14;9;4;200;10;10;10;1069504;1726181591739143833
15;9;4;200;10;10;10;1013824;1726181591749139885
16;9;4;200;10;10;10;1105916;1726181591759141293
17;9;4;200;10;10;10;1003435;1726181591769137139
18;9;4;200;10;10;10;1034771;1726181591779137024
19;9;4;200;10;10;10;1008815;1726181591789142026
20;9;4;200;10;10;10;1024546;1726181591799078516
21;9;4;200;10;10;10;1000542;1726181591809142159
22;9;4;200;10;10;10;1022539;1726181591819139412
23;9;4;200;10;10;10;1000342;1726181591829142401
24;9;4;200;10;10;10;1023596;1726181591839134838
25;9;4;200;10;10;10;998483;1726181591849136515
26;9;4;200;10;10;10;1126613;1726181591859142913
27;9;4;200;10;10;10;1006248;1726181591869138756
28;9;4;200;10;10;10;1034981;1726181591879141702
29;9;4;200;10;10;10;1004506;1726181591889137979
30;9;4;200;10;10;10;1027308;1726181591899135531
31;9;4;200;10;10;10;1007827;1726181591909140467
32;9;4;200;10;10;10;1037520;1726181591919139908
33;9;4;200;10;10;10;1002418;1726181591929137874
34;9;4;200;10;10;10;1020602;1726181591939140932
35;9;4;200;10;10;10;978725;1726181591949173427
36;9;4;200;10;10;10;1085872;1726181591959168615
37;9;4;200;10;10;10;969001;1726181591969172110
38;9;4;200;10;10;10;1019801;1726181591979170845
39;9;4;200;10;10;10;973941;1726181591989173835
40;9;4;200;10;10;10;1020034;1726181591999183720
41;9;4;200;10;10;10;977616;1726181592009172929
42;9;4;200;10;10;10;1005196;1726181592019171984
43;9;4;200;10;10;10;993785;1726181592029167196
44;9;4;200;10;10;10;997611;1726181592039173952
45;9;4;200;10;10;10;979656;1726181592049169208
46;9;4;200;10;10;10;1083890;1726181592059172825
47;9;4;200;10;10;10;974707;1726181592069176370
48;9;4;200;10;10;10;985289;1726181592079175179
49;9;4;200;10;10;10;976752;1726181592089169023
50;9;4;200;10;10;10;1033210;1726181592099165755
51;9;4;200;10;10;10;983307;1726181592109170605
52;9;4;200;10;10;10;995247;1726181592119172316
53;9;4;200;10;10;10;980433;1726181592129167414
54;9;4;200;10;10;10;995821;1726181592139169481
55;9;4;200;10;10;10;975568;1726181592149176657
56;9;4;200;10;10;10;1119109;1726181592159171254
57;9;4;200;10;10;10;974212;1726181592169172432
58;9;4;200;10;10;10;978371;1726181592179186812
59;9;4;200;10;10;10;961267;1726181592189188270
60;9;4;200;10;10;10;993194;1726181592199183566
61;9;4;200;10;10;10;978358;1726181592209172804
62;9;4;200;10;10;10;995697;1726181592219173501
63;9;4;200;10;10;10;980015;1726181592229167958
64;9;4;200;10;10;10;1033878;1726181592239172702
65;9;4;200;10;10;10;977948;1726181592249173324
66;9;4;200;10;10;10;1111351;1726181592259171343
67;9;4;200;10;10;10;984435;1726181592269167329
68;9;4;200;10;10;10;994664;1726181592279177405
69;9;4;200;10;10;10;985456;1726181592289174980
70;9;4;200;10;10;10;1001073;1726181592299173292
71;9;4;200;10;10;10;975991;1726181592309169349
72;9;4;200;10;10;10;1042784;1726181592319171819
73;9;4;200;10;10;10;974996;1726181592329170814
74;9;4;200;10;10;10;1032049;1726181592339170057
75;9;4;200;10;10;10;974034;1726181592349168320
76;9;4;200;10;10;10;1157108;1726181592359177277
77;9;4;200;10;10;10;988687;1726181592369160980
78;9;4;200;10;10;10;1006675;1726181592379171886
79;9;4;200;10;10;10;973946;1726181592389171429
80;9;4;200;10;10;10;1027177;1726181592399171600
81;9;4;200;10;10;10;977889;1726181592409167125
82;9;4;200;10;10;10;998074;1726181592419173468
83;9;4;200;10;10;10;985943;1726181592429166794
84;9;4;200;10;10;10;1029799;1726181592439176676
85;9;4;200;10;10;10;1002250;1726181592449141700
86;9;4;200;10;10;10;1061286;1726181592459140882
87;9;4;200;10;10;10;1005166;1726181592469141992
88;9;4;200;10;10;10;1024095;1726181592479139758
89;9;4;200;10;10;10;1006565;1726181592489137722
90;9;4;200;10;10;10;1019235;1726181592499136541
91;9;4;200;10;10;10;1004420;1726181592509138886
92;9;4;200;10;10;10;1022174;1726181592519140645
93;9;4;200;10;10;10;1002486;1726181592529137597
94;9;4;200;10;10;10;1016466;1726181592539141149
95;9;4;200;10;10;10;979806;1726181592549182893
96;9;4;200;10;10;10;1086260;1726181592559172446
97;9;4;200;10;10;10;991348;1726181592569167204
98;9;4;200;10;10;10;1001984;1726181592579182737
99;9;4;200;10;10;10;1175142;1726181592589171016
0;9;5;200;10;10;10;1346889;1726181591599284723
1;9;5;200;10;10;10;1211545;1726181591609273209
2;9;5;200;10;10;10;1364592;1726181591619299562
3;9;5;200;10;10;10;1193725;1726181591629167482
4;9;5;200;10;10;10;1218404;1726181591639180249
5;9;5;200;10;10;10;1211695;1726181591649139971
6;9;5;200;10;10;10;1212101;1726181591659088007
7;9;5;200;10;10;10;1217687;1726181591669141180
8;9;5;200;10;10;10;1243528;1726181591679144717
9;9;5;200;10;10;10;1212304;1726181591689141135
10;9;5;200;10;10;10;1232581;1726181591699144614
11;9;5;200;10;10;10;1210595;1726181591709140504
12;9;5;200;10;10;10;1234466;1726181591719141243
13;9;5;200;10;10;10;1229531;1726181591729097818
14;9;5;200;10;10;10;1256719;1726181591739148385
15;9;5;200;10;10;10;1196932;1726181591749143655
16;9;5;200;10;10;10;1286703;1726181591759145563
17;9;5;200;10;10;10;1185835;1726181591769140583
18;9;5;200;10;10;10;1216412;1726181591779140820
19;9;5;200;10;10;10;1191667;1726181591789145633
20;9;5;200;10;10;10;1207817;1726181591799082508
21;9;5;200;10;10;10;1181492;1726181591809145795
22;9;5;200;10;10;10;1204265;1726181591819143040
23;9;5;200;10;10;10;1183335;1726181591829145927
24;9;5;200;10;10;10;1205368;1726181591839138393
25;9;5;200;10;10;10;1180078;1726181591849140547
26;9;5;200;10;10;10;1308763;1726181591859146916
27;9;5;200;10;10;10;1188530;1726181591869142289
28;9;5;200;10;10;10;1217291;1726181591879145198
29;9;5;200;10;10;10;1187365;1726181591889141518
30;9;5;200;10;10;10;1208730;1726181591899139096
31;9;5;200;10;10;10;1189620;1726181591909144052
32;9;5;200;10;10;10;1218941;1726181591919143887
33;9;5;200;10;10;10;1182557;1726181591929141397
34;9;5;200;10;10;10;1202764;1726181591939144880
35;9;5;200;10;10;10;1153054;1726181591949181763
36;9;5;200;10;10;10;1263747;1726181591959175503
37;9;5;200;10;10;10;1136692;1726181591969184958
38;9;5;200;10;10;10;1195780;1726181591979177323
39;9;5;200;10;10;10;1151383;1726181591989178005
40;9;5;200;10;10;10;1197587;1726181591999187687
41;9;5;200;10;10;10;1148476;1726181592009184176
42;9;5;200;10;10;10;1184884;1726181592019178902
43;9;5;200;10;10;10;1171290;1726181592029171001
44;9;5;200;10;10;10;1168869;1726181592039184509
45;9;5;200;10;10;10;1157550;1726181592049174013
46;9;5;200;10;10;10;1261564;1726181592059176877
47;9;5;200;10;10;10;1152663;1726181592069180088
48;9;5;200;10;10;10;1160340;1726181592079182414
49;9;5;200;10;10;10;1151116;1726181592089176504
50;9;5;200;10;10;10;1210385;1726181592099170786
51;9;5;200;10;10;10;1152379;1726181592109183681
52;9;5;200;10;10;10;1165962;1726181592119181669
53;9;5;200;10;10;10;1143957;1726181592129185012
54;9;5;200;10;10;10;1165738;1726181592139178836
55;9;5;200;10;10;10;1154851;1726181592149180568
56;9;5;200;10;10;10;1294221;1726181592159180521
57;9;5;200;10;10;10;1152186;1726181592169175949
58;9;5;200;10;10;10;1154275;1726181592179190967
59;9;5;200;10;10;10;1135656;1726181592189195986
60;9;5;200;10;10;10;1162480;1726181592199196392
61;9;5;200;10;10;10;1145411;1726181592209187690
62;9;5;200;10;10;10;1170835;1726181592219180284
63;9;5;200;10;10;10;1155478;1726181592229174862
64;9;5;200;10;10;10;1211766;1726181592239176484
65;9;5;200;10;10;10;1155415;1726181592249177217
66;9;5;200;10;10;10;1285182;1726181592259178635
67;9;5;200;10;10;10;1163335;1726181592269170761
68;9;5;200;10;10;10;1170823;1726181592279183318
69;9;5;200;10;10;10;1166816;1726181592289179013
70;9;5;200;10;10;10;1178440;1726181592299177083
71;9;5;200;10;10;10;1151551;1726181592309174554
72;9;5;200;10;10;10;1214122;1726181592319182427
73;9;5;200;10;10;10;1151551;1726181592329175871
74;9;5;200;10;10;10;1209597;1726181592339174027
75;9;5;200;10;10;10;1149885;1726181592349174045
76;9;5;200;10;10;10;1334604;1726181592359181852
77;9;5;200;10;10;10;1165141;1726181592369168612
78;9;5;200;10;10;10;1183253;1726181592379177471
79;9;5;200;10;10;10;1151820;1726181592389175196
80;9;5;200;10;10;10;1202662;1726181592399178277
81;9;5;200;10;10;10;1154974;1726181592409171640
82;9;5;200;10;10;10;1159784;1726181592419192719
83;9;5;200;10;10;10;1150896;1726181592429183872
84;9;5;200;10;10;10;1205053;1726181592439182507
85;9;5;200;10;10;10;1185435;1726181592449145314
86;9;5;200;10;10;10;1243649;1726181592459144814
87;9;5;200;10;10;10;1189130;1726181592469145663
88;9;5;200;10;10;10;1205103;1726181592479143699
89;9;5;200;10;10;10;1187578;1726181592489141263
90;9;5;200;10;10;10;1201766;1726181592499140205
91;9;5;200;10;10;10;1185621;1726181592509142708
92;9;5;200;10;10;10;1203592;1726181592519144522
93;9;5;200;10;10;10;1187059;1726181592529141128
94;9;5;200;10;10;10;1198779;1726181592539145059
95;9;5;200;10;10;10;1158760;1726181592549187180
96;9;5;200;10;10;10;1259922;1726181592559182524
97;9;5;200;10;10;10;1157745;1726181592569184547
98;9;5;200;10;10;10;1181476;1726181592579186747
99;9;5;200;10;10;10;1369322;1726181592589174720
0;9;6;200;10;10;10;1528145;1726181591599292967
1;9;6;200;10;10;10;1387261;1726181591609284679
2;9;6;200;10;10;10;1542614;1726181591619309098
3;9;6;200;10;10;10;1368898;1726181591629179173
4;9;6;200;10;10;10;1393091;1726181591639187716
5;9;6;200;10;10;10;1399326;1726181591649144083
6;9;6;200;10;10;10;1395964;1726181591659094202
7;9;6;200;10;10;10;1405058;1726181591669144801
8;9;6;200;10;10;10;1430858;1726181591679148754
9;9;6;200;10;10;10;1400716;1726181591689145089
10;9;6;200;10;10;10;1418778;1726181591699148661
11;9;6;200;10;10;10;1399123;1726181591709144560
12;9;6;200;10;10;10;1419828;1726181591719145371
13;9;6;200;10;10;10;1417073;1726181591729102451
14;9;6;200;10;10;10;1442718;1726181591739153025
15;9;6;200;10;10;10;1379528;1726181591749147689
16;9;6;200;10;10;10;1448047;1726181591759170184
17;9;6;200;10;10;10;1368153;1726181591769144173
18;9;6;200;10;10;10;1397559;1726181591779144784
19;9;6;200;10;10;10;1374158;1726181591789149458
20;9;6;200;10;10;10;1385869;1726181591799090986
21;9;6;200;10;10;10;1363834;1726181591809149782
22;9;6;200;10;10;10;1385592;1726181591819147146
23;9;6;200;10;10;10;1365911;1726181591829149910
24;9;6;200;10;10;10;1386342;1726181591839142354
25;9;6;200;10;10;10;1352933;1726181591849154873
26;9;6;200;10;10;10;1490036;1726181591859151817
27;9;6;200;10;10;10;1372077;1726181591869145897
28;9;6;200;10;10;10;1398997;1726181591879149066
29;9;6;200;10;10;10;1370394;1726181591889145322
30;9;6;200;10;10;10;1390595;1726181591899143077
31;9;6;200;10;10;10;1370818;1726181591909147990
32;9;6;200;10;10;10;1387336;1726181591919160853
33;9;6;200;10;10;10;1363481;1726181591929145284
34;9;6;200;10;10;10;1384822;1726181591939148890
35;9;6;200;10;10;10;1317980;1726181591949198951
36;9;6;200;10;10;10;1443880;1726181591959179812
37;9;6;200;10;10;10;1314728;1726181591969189203
38;9;6;200;10;10;10;1369739;1726181591979184085
39;9;6;200;10;10;10;1328584;1726181591989181919
40;9;6;200;10;10;10;1374796;1726181591999191377
41;9;6;200;10;10;10;1313260;1726181592009201888
42;9;6;200;10;10;10;1363991;1726181592019186145
43;9;6;200;10;10;10;1345223;1726181592029178386
44;9;6;200;10;10;10;1345107;1726181592039188766
45;9;6;200;10;10;10;1331296;1726181592049180763
46;9;6;200;10;10;10;1437175;1726181592059182458
47;9;6;200;10;10;10;1322901;1726181592069192546
48;9;6;200;10;10;10;1331997;1726181592079191625
49;9;6;200;10;10;10;1326708;1726181592089182793
50;9;6;200;10;10;10;1384676;1726181592099178211
51;9;6;200;10;10;10;1329445;1726181592109188412
52;9;6;200;10;10;10;1340706;1726181592119188542
53;9;6;200;10;10;10;1318300;1726181592129192452
54;9;6;200;10;10;10;1341029;1726181592139182840
55;9;6;200;10;10;10;1321939;1726181592149194572
56;9;6;200;10;10;10;1475651;1726181592159184771
57;9;6;200;10;10;10;1324420;1726181592169184949
58;9;6;200;10;10;10;1327587;1726181592179198498
59;9;6;200;10;10;10;1311228;1726181592189202781
60;9;6;200;10;10;10;1324488;1726181592199216366
61;9;6;200;10;10;10;1320039;1726181592209194446
62;9;6;200;10;10;10;1344544;1726181592219188434
63;9;6;200;10;10;10;1329139;1726181592229183603
64;9;6;200;10;10;10;1385258;1726181592239183906
65;9;6;200;10;10;10;1331799;1726181592249182801
66;9;6;200;10;10;10;1460314;1726181592259185465
67;9;6;200;10;10;10;1336401;1726181592269179876
68;9;6;200;10;10;10;1347165;1726181592279188449
69;9;6;200;10;10;10;1339450;1726181592289192290
70;9;6;200;10;10;10;1352947;1726181592299184359
71;9;6;200;10;10;10;1325905;1726181592309181224
72;9;6;200;10;10;10;1392383;1726181592319186878
73;9;6;200;10;10;10;1327076;1726181592329182718
74;9;6;200;10;10;10;1383924;1726181592339182069
75;9;6;200;10;10;10;1323376;1726181592349180142
76;9;6;200;10;10;10;1505850;1726181592359192758
77;9;6;200;10;10;10;1341126;1726181592369175848
78;9;6;200;10;10;10;1358350;1726181592379184724
79;9;6;200;10;10;10;1327109;1726181592389182046
80;9;6;200;10;10;10;1368978;1726181592399195612
81;9;6;200;10;10;10;1329525;1726181592409178517
82;9;6;200;10;10;10;1337503;1726181592419197382
83;9;6;200;10;10;10;1329207;1726181592429188460
84;9;6;200;10;10;10;1381716;1726181592439186588
85;9;6;200;10;10;10;1368385;1726181592449149359
86;9;6;200;10;10;10;1425132;1726181592459148910
87;9;6;200;10;10;10;1358452;1726181592469162716
88;9;6;200;10;10;10;1368730;1726181592479164860
89;9;6;200;10;10;10;1369954;1726181592489145120
90;9;6;200;10;10;10;1384290;1726181592499144135
91;9;6;200;10;10;10;1368981;1726181592509146600
92;9;6;200;10;10;10;1383980;1726181592519148520
93;9;6;200;10;10;10;1369628;1726181592529145217
94;9;6;200;10;10;10;1380960;1726181592539148992
95;9;6;200;10;10;10;1334334;1726181592549193917
96;9;6;200;10;10;10;1439409;1726181592559187718
97;9;6;200;10;10;10;1339028;1726181592569188956
98;9;6;200;10;10;10;1361840;1726181592579190463
99;9;6;200;10;10;10;1592338;1726181592589181362
0;9;7;200;10;10;10;1690942;1726181591599319445
1;9;7;200;10;10;10;1566271;1726181591609293167
2;9;7;200;10;10;10;1722475;1726181591619318455
3;9;7;200;10;10;10;1547802;1726181591629186493
4;9;7;200;10;10;10;1569670;1726181591639192359
5;9;7;200;10;10;10;1582559;1726181591649151167
6;9;7;200;10;10;10;1574468;1726181591659105745
7;9;7;200;10;10;10;1583598;1726181591669159209
8;9;7;200;10;10;10;1602160;1726181591679168353
9;9;7;200;10;10;10;1572737;1726181591689164345
10;9;7;200;10;10;10;1605996;1726181591699152675
11;9;7;200;10;10;10;1587817;1726181591709148628
12;9;7;200;10;10;10;1596230;1726181591719159673
13;9;7;200;10;10;10;1605900;1726181591729107188
14;9;7;200;10;10;10;1620393;1726181591739167580
15;9;7;200;10;10;10;1562492;1726181591749151832
16;9;7;200;10;10;10;1627270;1726181591759176480
17;9;7;200;10;10;10;1551154;1726181591769147789
18;9;7;200;10;10;10;1578104;1726181591779150292
19;9;7;200;10;10;10;1556436;1726181591789154194
20;9;7;200;10;10;10;1549932;1726181591799112917
21;9;7;200;10;10;10;1531038;1726181591809168494
22;9;7;200;10;10;10;1546000;1726181591819171485
23;9;7;200;10;10;10;1547895;1726181591829153885
24;9;7;200;10;10;10;1567947;1726181591839146370
25;9;7;200;10;10;10;1530949;1726181591849164120
26;9;7;200;10;10;10;1661805;1726181591859166953
27;9;7;200;10;10;10;1536772;1726181591869167811
28;9;7;200;10;10;10;1566934;1726181591879166271
29;9;7;200;10;10;10;1548035;1726181591889152798
30;9;7;200;10;10;10;1556124;1726181591899163879
31;9;7;200;10;10;10;1540714;1726181591909165143
32;9;7;200;10;10;10;1560405;1726181591919172715
33;9;7;200;10;10;10;1528073;1726181591929166138
34;9;7;200;10;10;10;1551638;1726181591939168433
35;9;7;200;10;10;10;1495200;1726181591949204007
36;9;7;200;10;10;10;1622833;1726181591959186524
37;9;7;200;10;10;10;1493680;1726181591969192817
38;9;7;200;10;10;10;1541064;1726181591979194062
39;9;7;200;10;10;10;1503964;1726181591989189335
40;9;7;200;10;10;10;1544704;1726181591999202700
41;9;7;200;10;10;10;1490165;1726181592009207049
42;9;7;200;10;10;10;1541379;1726181592019196401
43;9;7;200;10;10;10;1522006;1726181592029182337
44;9;7;200;10;10;10;1520243;1726181592039195862
45;9;7;200;10;10;10;1503375;1726181592049189495
46;9;7;200;10;10;10;1611683;1726181592059189191
47;9;7;200;10;10;10;1496697;1726181592069201222
48;9;7;200;10;10;10;1510270;1726181592079195764
49;9;7;200;10;10;10;1499624;1726181592089193381
50;9;7;200;10;10;10;1558566;1726181592099186106
51;9;7;200;10;10;10;1507886;1726181592109192366
52;9;7;200;10;10;10;1513458;1726181592119197389
53;9;7;200;10;10;10;1495256;1726181592129196732
54;9;7;200;10;10;10;1511068;1726181592139192696
55;9;7;200;10;10;10;1494651;1726181592149204047
56;9;7;200;10;10;10;1649466;1726181592159196581
57;9;7;200;10;10;10;1502551;1726181592169188788
58;9;7;200;10;10;10;1500718;1726181592179205344
59;9;7;200;10;10;10;1488357;1726181592189208044
60;9;7;200;10;10;10;1500748;1726181592199221642
61;9;7;200;10;10;10;1486348;1726181592209210190
62;9;7;200;10;10;10;1521436;1726181592219192936
63;9;7;200;10;10;10;1506715;1726181592229188036
64;9;7;200;10;10;10;1557361;1726181592239193199
65;9;7;200;10;10;10;1505704;1726181592249190166
66;9;7;200;10;10;10;1633454;1726181592259192285
67;9;7;200;10;10;10;1512543;1726181592269185165
68;9;7;200;10;10;10;1520913;1726181592279196025
69;9;7;200;10;10;10;1522147;1726181592289197158
70;9;7;200;10;10;10;1524948;1726181592299194325
71;9;7;200;10;10;10;1498256;1726181592309190013
72;9;7;200;10;10;10;1563211;1726181592319199781
73;9;7;200;10;10;10;1500337;1726181592329191339
74;9;7;200;10;10;10;1560446;1726181592339188642
75;9;7;200;10;10;10;1488855;1726181592349196622
76;9;7;200;10;10;10;1677307;1726181592359201064
77;9;7;200;10;10;10;1507782;1726181592369194161
78;9;7;200;10;10;10;1529035;1726181592379195443
79;9;7;200;10;10;10;1500690;1726181592389189459
80;9;7;200;10;10;10;1545988;1726181592399200942
81;9;7;200;10;10;10;1499691;1726181592409188461
82;9;7;200;10;10;10;1516178;1726181592419201675
83;9;7;200;10;10;10;1506210;1726181592429192515
84;9;7;200;10;10;10;1554858;1726181592439194160
85;9;7;200;10;10;10;1550457;1726181592449153309
86;9;7;200;10;10;10;1593010;1726181592459168399
87;9;7;200;10;10;10;1540604;1726181592469167379
88;9;7;200;10;10;10;1549411;1726181592479169902
89;9;7;200;10;10;10;1552717;1726181592489149011
90;9;7;200;10;10;10;1567455;1726181592499148052
91;9;7;200;10;10;10;1548596;1726181592509153274
92;9;7;200;10;10;10;1549110;1726181592519168094
93;9;7;200;10;10;10;1539941;1726181592529162108
94;9;7;200;10;10;10;1552547;1726181592539163713
95;9;7;200;10;10;10;1513309;1726181592549199526
96;9;7;200;10;10;10;1617600;1726181592559194122
97;9;7;200;10;10;10;1521148;1726181592569192443
98;9;7;200;10;10;10;1541663;1726181592579195504
99;9;7;200;10;10;10;1772366;1726181592589185948
0;9;8;200;10;10;10;1869208;1726181591599328299
1;9;8;200;10;10;10;1743975;1726181591609302665
2;9;8;200;10;10;10;1901142;1726181591619327858
3;9;8;200;10;10;10;1720297;1726181591629201781
4;9;8;200;10;10;10;1745247;1726181591639198867
5;9;8;200;10;10;10;1765414;1726181591649158601
6;9;8;200;10;10;10;1752095;1726181591659119759
7;9;8;200;10;10;10;1763582;1726181591669170542
8;9;8;200;10;10;10;1787692;1726181591679173256
9;9;8;200;10;10;10;1759104;1726181591689169409
10;9;8;200;10;10;10;1781568;1726181591699167560
11;9;8;200;10;10;10;1766398;1726181591709163177
12;9;8;200;10;10;10;1780149;1726181591719165689
13;9;8;200;10;10;10;1793580;1726181591729112377
14;9;8;200;10;10;10;1804286;1726181591739175129
15;9;8;200;10;10;10;1733870;1726181591749166446
16;9;8;200;10;10;10;1809190;1726181591759181089
17;9;8;200;10;10;10;1721115;1726181591769163381
18;9;8;200;10;10;10;1748267;1726181591779165004
19;9;8;200;10;10;10;1729842;1726181591789168271
20;9;8;200;10;10;10;1731350;1726181591799117090
21;9;8;200;10;10;10;1712711;1726181591809173138
22;9;8;200;10;10;10;1725133;1726181591819176545
23;9;8;200;10;10;10;1721140;1726181591829168005
24;9;8;200;10;10;10;1736188;1726181591839162359
25;9;8;200;10;10;10;1709095;1726181591849173129
26;9;8;200;10;10;10;1835963;1726181591859178918
27;9;8;200;10;10;10;1719301;1726181591869172656
28;9;8;200;10;10;10;1740693;1726181591879178340
29;9;8;200;10;10;10;1720967;1726181591889166490
30;9;8;200;10;10;10;1737141;1726181591899168780
31;9;8;200;10;10;10;1715565;1726181591909177268
32;9;8;200;10;10;10;1743494;1726181591919177186
33;9;8;200;10;10;10;1708423;1726181591929171156
34;9;8;200;10;10;10;1732946;1726181591939173409
35;9;8;200;10;10;10;1672244;1726181591949207933
36;9;8;200;10;10;10;1799948;1726181591959195832
37;9;8;200;10;10;10;1669705;1726181591969196668
38;9;8;200;10;10;10;1715942;1726181591979199530
39;9;8;200;10;10;10;1678882;1726181591989196371
40;9;8;200;10;10;10;1718566;1726181591999210030
41;9;8;200;10;10;10;1667938;1726181592009211057
42;9;8;200;10;10;10;1719287;1726181592019203696
43;9;8;200;10;10;10;1695624;1726181592029189287
44;9;8;200;10;10;10;1691339;1726181592039206428
45;9;8;200;10;10;10;1679791;1726181592049195088
46;9;8;200;10;10;10;1781899;1726181592059199196
47;9;8;200;10;10;10;1674538;1726181592069205567
48;9;8;200;10;10;10;1687035;1726181592079201212
49;9;8;200;10;10;10;1676212;1726181592089198022
50;9;8;200;10;10;10;1734134;1726181592099191698
51;9;8;200;10;10;10;1686150;1726181592109196267
52;9;8;200;10;10;10;1689744;1726181592119201968
53;9;8;200;10;10;10;1670038;1726181592129203741
54;9;8;200;10;10;10;1682483;1726181592139199895
55;9;8;200;10;10;10;1670704;1726181592149210102
56;9;8;200;10;10;10;1827191;1726181592159205086
57;9;8;200;10;10;10;1678738;1726181592169196204
58;9;8;200;10;10;10;1674377;1726181592179212936
59;9;8;200;10;10;10;1662882;1726181592189215306
60;9;8;200;10;10;10;1679703;1726181592199226013
61;9;8;200;10;10;10;1662710;1726181592209215312
62;9;8;200;10;10;10;1692479;1726181592219204852
63;9;8;200;10;10;10;1680787;1726181592229196170
64;9;8;200;10;10;10;1733625;1726181592239197907
65;9;8;200;10;10;10;1680639;1726181592249197690
66;9;8;200;10;10;10;1807550;1726181592259199115
67;9;8;200;10;10;10;1688177;1726181592269191632
68;9;8;200;10;10;10;1692105;1726181592279205952
69;9;8;200;10;10;10;1699947;1726181592289205737
70;9;8;200;10;10;10;1698085;1726181592299203673
71;9;8;200;10;10;10;1671420;1726181592309196899
72;9;8;200;10;10;10;1739436;1726181592319206885
73;9;8;200;10;10;10;1677346;1726181592329195553
74;9;8;200;10;10;10;1735573;1726181592339195514
75;9;8;200;10;10;10;1666685;1726181592349201686
76;9;8;200;10;10;10;1854173;1726181592359205169
77;9;8;200;10;10;10;1685874;1726181592369199209
78;9;8;200;10;10;10;1705093;1726181592379200582
79;9;8;200;10;10;10;1673782;1726181592389198740
80;9;8;200;10;10;10;1723241;1726181592399204631
81;9;8;200;10;10;10;1676917;1726181592409192875
82;9;8;200;10;10;10;1694723;1726181592419205409
83;9;8;200;10;10;10;1684711;1726181592429196351
84;9;8;200;10;10;10;1729244;1726181592439200897
85;9;8;200;10;10;10;1722911;1726181592449167475
86;9;8;200;10;10;10;1773057;1726181592459173621
87;9;8;200;10;10;10;1723047;1726181592469170964
88;9;8;200;10;10;10;1730391;1726181592479174014
89;9;8;200;10;10;10;1720374;1726181592489165027
90;9;8;200;10;10;10;1739656;1726181592499162551
91;9;8;200;10;10;10;1728630;1726181592509159408
92;9;8;200;10;10;10;1729505;1726181592519173264
93;9;8;200;10;10;10;1714243;1726181592529173762
94;9;8;200;10;10;10;1730872;1726181592539171857
95;9;8;200;10;10;10;1690534;1726181592549206391
96;9;8;200;10;10;10;1790592;1726181592559205447
97;9;8;200;10;10;10;1701950;1726181592569196031
98;9;8;200;10;10;10;1719734;1726181592579203058
99;9;8;200;10;10;10;1953709;1726181592589192091
0;9;9;200;10;10;10;2048482;1726181591599336602
1;9;9;200;10;10;10;1922542;1726181591609312454
2;9;9;200;10;10;10;2083044;1726181591619339007
3;9;9;200;10;10;10;1888325;1726181591629223890
4;9;9;200;10;10;10;1920789;1726181591639206925
5;9;9;200;10;10;10;1954377;1726181591649163155
6;9;9;200;10;10;10;1939462;1726181591659124692
7;9;9;200;10;10;10;1948689;1726181591669179018
8;9;9;200;10;10;10;1977653;1726181591679177508
9;9;9;200;10;10;10;1948414;1726181591689173645
10;9;9;200;10;10;10;1962778;1726181591699179429
11;9;9;200;10;10;10;1953226;1726181591709170339
12;9;9;200;10;10;10;1964156;1726181591719174625
13;9;9;200;10;10;10;1975503;1726181591729125029
14;9;9;200;10;10;10;1988640;1726181591739184785
15;9;9;200;10;10;10;1915865;1726181591749174866
16;9;9;200;10;10;10;1994287;1726181591759185276
17;9;9;200;10;10;10;1890981;1726181591769181700
18;9;9;200;10;10;10;1920679;1726181591779179336
19;9;9;200;10;10;10;1907667;1726181591789178269
20;9;9;200;10;10;10;1900911;1726181591799135705
21;9;9;200;10;10;10;1897189;1726181591809177201
22;9;9;200;10;10;10;1908310;1726181591819180755
23;9;9;200;10;10;10;1898628;1726181591829179608
24;9;9;200;10;10;10;1910786;1726181591839175092
25;9;9;200;10;10;10;1889781;1726181591849181097
26;9;9;200;10;10;10;2018526;1726181591859183821
27;9;9;200;10;10;10;1903182;1726181591869176317
28;9;9;200;10;10;10;1923363;1726181591879182970
29;9;9;200;10;10;10;1903085;1726181591889170999
30;9;9;200;10;10;10;1921175;1726181591899172928
31;9;9;200;10;10;10;1899241;1726181591909183840
32;9;9;200;10;10;10;1923058;1726181591919185717
33;9;9;200;10;10;10;1892685;1726181591929175337
34;9;9;200;10;10;10;1917134;1726181591939177679
35;9;9;200;10;10;10;1852204;1726181591949211786
36;9;9;200;10;10;10;1981260;1726181591959201573
37;9;9;200;10;10;10;1848154;1726181591969200731
38;9;9;200;10;10;10;1890133;1726181591979208975
39;9;9;200;10;10;10;1856786;1726181591989203973
40;9;9;200;10;10;10;1888345;1726181591999223719
41;9;9;200;10;10;10;1849147;1726181592009214562
42;9;9;200;10;10;10;1899324;1726181592019212561
43;9;9;200;10;10;10;1872986;1726181592029196057
44;9;9;200;10;10;10;1864962;1726181592039215307
45;9;9;200;10;10;10;1857424;1726181592049202297
46;9;9;200;10;10;10;1955137;1726181592059209502
47;9;9;200;10;10;10;1846319;1726181592069217199
48;9;9;200;10;10;10;1863927;1726181592079208566
49;9;9;200;10;10;10;1855360;1726181592089202890
50;9;9;200;10;10;10;1912159;1726181592099197752
51;9;9;200;10;10;10;1862968;1726181592109205396
52;9;9;200;10;10;10;1869955;1726181592119206015
53;9;9;200;10;10;10;1847533;1726181592129210534
54;9;9;200;10;10;10;1855788;1726181592139209159
55;9;9;200;10;10;10;1848124;1726181592149217323
56;9;9;200;10;10;10;2004915;1726181592159214661
57;9;9;200;10;10;10;1855830;1726181592169203489
58;9;9;200;10;10;10;1850195;1726181592179220023
59;9;9;200;10;10;10;1840636;1726181592189222347
60;9;9;200;10;10;10;1847824;1726181592199241498
61;9;9;200;10;10;10;1839104;1726181592209223986
62;9;9;200;10;10;10;1870872;1726181592219211108
63;9;9;200;10;10;10;1852516;1726181592229207915
64;9;9;200;10;10;10;1908984;1726181592239206167
65;9;9;200;10;10;10;1858750;1726181592249205196
66;9;9;200;10;10;10;1986216;1726181592259206083
67;9;9;200;10;10;10;1854731;1726181592269208687
68;9;9;200;10;10;10;1873061;1726181592279210197
69;9;9;200;10;10;10;1883969;1726181592289210303
70;9;9;200;10;10;10;1878325;1726181592299208443
71;9;9;200;10;10;10;1845113;1726181592309206416
72;9;9;200;10;10;10;1919081;1726181592319212405
73;9;9;200;10;10;10;1854725;1726181592329202778
74;9;9;200;10;10;10;1913355;1726181592339202785
75;9;9;200;10;10;10;1846541;1726181592349205562
76;9;9;200;10;10;10;2004860;1726181592359238306
77;9;9;200;10;10;10;1869152;1726181592369202853
78;9;9;200;10;10;10;1881235;1726181592379207783
79;9;9;200;10;10;10;1854429;1726181592389203211
80;9;9;200;10;10;10;1903323;1726181592399208538
81;9;9;200;10;10;10;1853393;1726181592409199830
82;9;9;200;10;10;10;1874407;1726181592419209406
83;9;9;200;10;10;10;1854448;1726181592429211363
84;9;9;200;10;10;10;1904717;1726181592439208303
85;9;9;200;10;10;10;1905234;1726181592449172883
86;9;9;200;10;10;10;1955993;1726181592459177777
87;9;9;200;10;10;10;1908741;1726181592469174550
88;9;9;200;10;10;10;1913604;1726181592479177951
89;9;9;200;10;10;10;1897262;1726181592489175701
90;9;9;200;10;10;10;1913854;1726181592499176438
91;9;9;200;10;10;10;1911780;1726181592509163731
92;9;9;200;10;10;10;1915930;1726181592519177347
93;9;9;200;10;10;10;1880617;1726181592529195849
94;9;9;200;10;10;10;1910423;1726181592539180309
95;9;9;200;10;10;10;1870961;1726181592549213016
96;9;9;200;10;10;10;1971301;1726181592559210742
97;9;9;200;10;10;10;1886233;1726181592569200093
98;9;9;200;10;10;10;1890697;1726181592579218417
99;9;9;200;10;10;10;2132647;1726181592589202177
